2.860498726367950439e-01
8.979299664497375488e-02
7.249698787927627563e-02
5.860251188278198242e-02
4.591194167733192444e-02
3.505364060401916504e-02
2.729042060673236847e-02
2.183575741946697235e-02
1.879753544926643372e-02
1.696158014237880707e-02
1.589243859052658081e-02
1.517688110470771790e-02
1.477825734764337540e-02
1.446830667555332184e-02
1.432259287685155869e-02
1.421092823147773743e-02
1.415634434670209885e-02
1.408265065401792526e-02
1.407718658447265625e-02
1.407237816601991653e-02
1.405364647507667542e-02
1.407347619533538818e-02
1.397160068154335022e-02
1.398834679275751114e-02
1.397019810974597931e-02
1.395538263022899628e-02
1.399753335863351822e-02
1.401569042354822159e-02
1.401367504149675369e-02
1.391872018575668335e-02
1.395653095096349716e-02
1.410820987075567245e-02
1.391394343227148056e-02
1.392209436744451523e-02
1.399037148803472519e-02
1.403290871530771255e-02
1.396873500198125839e-02
1.396624650806188583e-02
1.395171042531728745e-02
1.389919593930244446e-02
1.389238797128200531e-02
1.389532443135976791e-02
1.405623182654380798e-02
1.393546164035797119e-02
1.392200402915477753e-02
1.398104988038539886e-02
1.399370282888412476e-02
1.392402965575456619e-02
1.391774415969848633e-02
1.391670946031808853e-02
1.394254900515079498e-02
1.394331548362970352e-02
1.389486994594335556e-02
1.392207015305757523e-02
1.393205299973487854e-02
1.388988364487886429e-02
1.393559016287326813e-02
1.395309064537286758e-02
1.393204834312200546e-02
1.388727035373449326e-02
1.396846026182174683e-02
1.398347597569227219e-02
1.394314132630825043e-02
1.396850310266017914e-02
1.393324509263038635e-02
1.398293860256671906e-02
1.393380947411060333e-02
1.387982349842786789e-02
1.393144018948078156e-02
1.389803271740674973e-02
1.391134411096572876e-02
1.392692606896162033e-02
1.395204942673444748e-02
1.389673259109258652e-02
1.390295010060071945e-02
1.389122661203145981e-02
1.396040432155132294e-02
1.391898002475500107e-02
1.395977102220058441e-02
1.390625163912773132e-02
1.390467304736375809e-02
1.390066649764776230e-02
1.394830550998449326e-02
1.385547593235969543e-02
1.392569113522768021e-02
1.391083467751741409e-02
1.392305735498666763e-02
1.388040371239185333e-02
1.399733964353799820e-02
1.393046975135803223e-02
1.391175761818885803e-02
1.401382591575384140e-02
1.392474304884672165e-02
1.393443811684846878e-02
1.388456765562295914e-02
1.390282064676284790e-02
1.388997677713632584e-02
1.389573886990547180e-02
1.389236096292734146e-02
1.390489749610424042e-02
1.386896986514329910e-02
1.394478138536214828e-02
1.388479396700859070e-02
1.388606242835521698e-02
1.395319029688835144e-02
1.384826190769672394e-02
1.388726104050874710e-02
1.393355522304773331e-02
1.391835231333971024e-02
1.395526714622974396e-02
1.390382088720798492e-02
1.391647383570671082e-02
1.390922907739877701e-02
1.389290019869804382e-02
1.390090119093656540e-02
1.392460521310567856e-02
1.402064878493547440e-02
1.389864832162857056e-02
1.388499233871698380e-02
1.391078718006610870e-02
1.399036217480897903e-02
1.391190290451049805e-02
1.388943009078502655e-02
1.395075116306543350e-02
1.386092510074377060e-02
1.389303524047136307e-02
1.394729968160390854e-02
1.392432488501071930e-02
1.391891948878765106e-02
1.390568166971206665e-02
1.392336189746856689e-02
1.388715021312236786e-02
1.395249180495738983e-02
1.389784924685955048e-02
1.388026960194110870e-02
1.388946641236543655e-02
1.390195544809103012e-02
1.392479520291090012e-02
1.391746476292610168e-02
1.393169257789850235e-02
1.393154077231884003e-02
1.395131740719079971e-02
1.386780291795730591e-02
1.388645917177200317e-02
1.385983638465404510e-02
1.390511263161897659e-02
1.394052337855100632e-02
1.386903319507837296e-02
1.385411247611045837e-02
1.389958802610635757e-02
1.387624442577362061e-02
1.393230352550745010e-02
1.389680337160825729e-02
1.383871585130691528e-02
1.389047876000404358e-02
1.392109133303165436e-02
1.396867260336875916e-02
1.396825350821018219e-02
1.387753617018461227e-02
1.386815775185823441e-02
1.394562888890504837e-02
1.390187535434961319e-02
1.389897521585226059e-02
1.395932491868734360e-02
1.387239247560501099e-02
1.392562035471200943e-02
1.389455981552600861e-02
1.387932337820529938e-02
1.391989458352327347e-02
1.386689022183418274e-02
1.389030460268259048e-02
1.389592699706554413e-02
1.388871856033802032e-02
1.388750411570072174e-02
1.388215366750955582e-02
1.395333185791969299e-02
1.390343904495239258e-02
1.390644814819097519e-02
1.391999982297420502e-02
1.391089148819446564e-02
1.388915628194808960e-02
1.392486318945884705e-02
1.389618497341871262e-02
1.391469594091176987e-02
1.386875472962856293e-02
1.391536463052034378e-02
1.388263422995805740e-02
1.394310034811496735e-02
1.397257205098867416e-02
1.394069753587245941e-02
1.383227109909057617e-02
1.392367575317621231e-02
1.392643246799707413e-02
1.390418875962495804e-02
1.393115147948265076e-02
1.391634158790111542e-02
1.387913897633552551e-02
1.392009016126394272e-02
1.390870939940214157e-02
1.390419155359268188e-02
1.390380878001451492e-02
1.392199564725160599e-02
1.389174908399581909e-02
1.390679925680160522e-02
1.389917545020580292e-02
1.391311734914779663e-02
1.387819740921258926e-02
1.390406116843223572e-02
1.391883008182048798e-02
1.386015769094228745e-02
1.383867301046848297e-02
1.386704947799444199e-02
1.396810170263051987e-02
1.392074674367904663e-02
1.393008045852184296e-02
1.386432070285081863e-02
1.386150531470775604e-02
1.391747966408729553e-02
1.385839190334081650e-02
1.387209165841341019e-02
1.389636378735303879e-02
1.391096133738756180e-02
1.388324145227670670e-02
1.388826873153448105e-02
1.389856822788715363e-02
1.385818794369697571e-02
1.389916334301233292e-02
1.388961728662252426e-02
1.390388887375593185e-02
1.386510208249092102e-02
1.388552132993936539e-02
1.390979252755641937e-02
1.391540467739105225e-02
1.392144430428743362e-02
1.387762278318405151e-02
1.387206371873617172e-02
1.390433777123689651e-02
1.394688431173563004e-02
1.392347924411296844e-02
1.386426296085119247e-02
1.388361491262912750e-02
1.389924623072147369e-02
1.387279760092496872e-02
1.383375935256481171e-02
1.394130382686853409e-02
1.390088908374309540e-02
1.386741548776626587e-02
1.388073619455099106e-02
1.391359139233827591e-02
1.392093766480684280e-02
1.394096203148365021e-02
1.390252914279699326e-02
1.392653863877058029e-02
1.383971516042947769e-02
1.383978594094514847e-02
1.390809286385774612e-02
1.387958228588104248e-02
1.389515958726406097e-02
1.390727236866950989e-02
1.390598993748426437e-02
1.389744039624929428e-02
1.388804800808429718e-02
1.386234536767005920e-02
1.387881953269243240e-02
1.389013882726430893e-02
1.394699420779943466e-02
1.385386846959590912e-02
1.391073688864707947e-02
1.390358060598373413e-02
1.386129669845104218e-02
1.384291145950555801e-02
1.393386442214250565e-02
1.391130220144987106e-02
1.391803100705146790e-02
1.387501973658800125e-02
1.391487475484609604e-02
1.390384882688522339e-02
1.390335336327552795e-02
1.387714594602584839e-02
1.392681337893009186e-02
1.383834611624479294e-02
1.389109715819358826e-02
1.389014907181262970e-02
1.389689929783344269e-02
1.388835720717906952e-02
1.388338115066289902e-02
1.389959268271923065e-02
1.391534786671400070e-02
1.388096343725919724e-02
1.384737901389598846e-02
1.390752196311950684e-02
1.391177345067262650e-02
1.394023559987545013e-02
1.384778786450624466e-02
1.386815961450338364e-02
1.392589695751667023e-02
1.387765631079673767e-02
1.390621718019247055e-02
1.387604419142007828e-02
1.390441134572029114e-02
1.385476533323526382e-02
1.390947867184877396e-02
1.387700065970420837e-02
1.387509331107139587e-02
1.385700795799493790e-02
1.392956729978322983e-02
1.386123150587081909e-02
1.387519948184490204e-02
1.384985260665416718e-02
1.388741936534643173e-02
1.384805049747228622e-02
1.388757117092609406e-02
1.385411247611045837e-02
1.387308444827795029e-02
1.391757093369960785e-02
1.386557426303625107e-02
1.389158144593238831e-02
1.391000114381313324e-02
1.388177275657653809e-02
1.393164694309234619e-02
1.388294436037540436e-02
1.391472946852445602e-02
1.394096482545137405e-02
1.392156817018985748e-02
1.384521182626485825e-02
1.389976032078266144e-02
1.387123484164476395e-02
1.394016202539205551e-02
1.390802673995494843e-02
1.391478348523378372e-02
1.390554104000329971e-02
1.391592621803283691e-02
1.387172657996416092e-02
1.387880276888608932e-02
1.390357781201601028e-02
1.388625614345073700e-02
1.382986363023519516e-02
1.385270897299051285e-02
1.387870218604803085e-02
1.389268878847360611e-02
1.387717667967081070e-02
1.390936132520437241e-02
1.390898041427135468e-02
1.389517914503812790e-02
1.389431022107601166e-02
1.393065880984067917e-02
1.388473343104124069e-02
1.388465706259012222e-02
1.387215126305818558e-02
1.387435197830200195e-02
1.387780066579580307e-02
1.390222460031509399e-02
1.387651078402996063e-02
1.388022024184465408e-02
1.391499862074851990e-02
1.394799165427684784e-02
1.388067472726106644e-02
1.388861611485481262e-02
1.389390230178833008e-02
1.388947851955890656e-02
1.391975674778223038e-02
1.388832647353410721e-02
1.387188490480184555e-02
1.387150958180427551e-02
1.391304377466440201e-02
1.385699398815631866e-02
1.384326536208391190e-02
1.389876008033752441e-02
1.389751769602298737e-02
1.387345232069492340e-02
1.391883008182048798e-02
1.384945027530193329e-02
1.384735107421875000e-02
1.386262103915214539e-02
1.389428414404392242e-02
1.386196538805961609e-02
1.394855417311191559e-02
1.388223376125097275e-02
1.387772895395755768e-02
1.393011957406997681e-02
1.383870374411344528e-02
1.387836411595344543e-02
1.389402709901332855e-02
1.388517674058675766e-02
1.385445892810821533e-02
1.389338728040456772e-02
1.387331727892160416e-02
1.392513699829578400e-02
1.388290803879499435e-02
1.387150492519140244e-02
1.391098927706480026e-02
1.387953944504261017e-02
1.387816108763217926e-02
1.390530634671449661e-02
1.390482392162084579e-02
1.390633452683687210e-02
1.392721943557262421e-02
1.388900540769100189e-02
1.389134488999843597e-02
1.391791086643934250e-02
1.385810598731040955e-02
1.395449601113796234e-02
1.384482253342866898e-02
1.387368794530630112e-02
1.386373117566108704e-02
1.389430835843086243e-02
1.389205083250999451e-02
1.386655028909444809e-02
1.387958694249391556e-02
1.387719530612230301e-02
1.386561710387468338e-02
1.389783620834350586e-02
1.390291843563318253e-02
1.393436640501022339e-02
1.389078143984079361e-02
1.388573460280895233e-02
1.387461554259061813e-02
1.387764420360326767e-02
1.387871801853179932e-02
1.387648936361074448e-02
1.383988745510578156e-02
1.394604425877332687e-02
1.391025818884372711e-02
1.387007907032966614e-02
1.391189917922019958e-02
1.388187706470489502e-02
1.387880090624094009e-02
1.386650186032056808e-02
1.385062746703624725e-02
1.387093123048543930e-02
1.391132455319166183e-02
1.387582253664731979e-02
1.389602851122617722e-02
1.392157655209302902e-02
1.389680523425340652e-02
1.389800850301980972e-02
1.388617139309644699e-02
1.390421949326992035e-02
1.386196538805961609e-02
1.394906174391508102e-02
1.385047379881143570e-02
1.386570930480957031e-02
1.390301156789064407e-02
1.387037150561809540e-02
1.389013417065143585e-02
1.385911833494901657e-02
1.385648455470800400e-02
1.387775782495737076e-02
1.385396253317594528e-02
1.390265207737684250e-02
1.387665700167417526e-02
1.386523991823196411e-02
1.388164050877094269e-02
1.385693717747926712e-02
1.387195941060781479e-02
1.392091438174247742e-02
1.391307264566421509e-02
1.389342080801725388e-02
1.391064748167991638e-02
1.387188676744699478e-02
1.386746764183044434e-02
1.387215778231620789e-02
1.383866183459758759e-02
1.386950723826885223e-02
1.390230469405651093e-02
1.387710403650999069e-02
1.392040867358446121e-02
1.388452574610710144e-02
1.391672901809215546e-02
1.393008697777986526e-02
1.394421234726905823e-02
1.390677411109209061e-02
1.385448779910802841e-02
1.389049086719751358e-02
1.387000735849142075e-02
1.385326217859983444e-02
1.388214807957410812e-02
1.390771847218275070e-02
1.390718948096036911e-02
1.390314567834138870e-02
1.390382088720798492e-02
1.385799050331115723e-02
1.393382437527179718e-02
1.384465117007493973e-02
1.390343904495239258e-02
1.388712693005800247e-02
1.390276849269866943e-02
1.381620857864618301e-02
1.387169398367404938e-02
1.391867361962795258e-02
1.389680709689855576e-02
1.384009420871734619e-02
1.384907495230436325e-02
1.383076049387454987e-02
1.386332046240568161e-02
1.390247792005538940e-02
1.379880309104919434e-02
1.387410331517457962e-02
1.386838126927614212e-02
1.384929195046424866e-02
1.387607399374246597e-02
1.388383377343416214e-02
1.385666336864233017e-02
1.388454437255859375e-02
1.388986781239509583e-02
1.388262119144201279e-02
1.387013029307126999e-02
1.388443168252706528e-02
1.391709875315427780e-02
1.388142909854650497e-02
1.386572886258363724e-02
1.385454367846250534e-02
1.389176771044731140e-02
1.387103460729122162e-02
1.393587235361337662e-02
1.385022792965173721e-02
1.386479102075099945e-02
1.385829411447048187e-02
1.387956552207469940e-02
1.389436703175306320e-02
1.387225463986396790e-02
1.389625947922468185e-02
1.387651078402996063e-02
1.388272643089294434e-02
1.386932283639907837e-02
1.388841401785612106e-02
1.386437844485044479e-02
1.386062707751989365e-02
1.385800726711750031e-02
1.388282142579555511e-02
1.392049901187419891e-02
1.385128404945135117e-02
1.384628657251596451e-02
1.384107861667871475e-02
1.389075256884098053e-02
1.384390890598297119e-02
1.390184462070465088e-02
1.390244904905557632e-02
1.390014775097370148e-02
1.392281148582696915e-02
1.387636456638574600e-02
1.386188063770532608e-02
1.387044508010149002e-02
1.388993393629789352e-02
1.389445364475250244e-02
1.389964297413825989e-02
1.388844940811395645e-02
1.384353451430797577e-02
1.392538193613290787e-02
1.397222373634576797e-02
1.388089545071125031e-02
1.381392031908035278e-02
1.391319185495376587e-02
1.387690752744674683e-02
1.385069638490676880e-02
1.389842201024293900e-02
1.386018842458724976e-02
1.386194955557584763e-02
1.390179619193077087e-02
1.384834200143814087e-02
1.386890094727277756e-02
1.389300450682640076e-02
1.385299023240804672e-02
1.389679405838251114e-02
1.391220744699239731e-02
1.388076227158308029e-02
1.387410145252943039e-02
1.387478318065404892e-02
1.390121784061193466e-02
1.385326031595468521e-02
1.388399396091699600e-02
1.381775923073291779e-02
1.389173977077007294e-02
1.389605272561311722e-02
1.390395313501358032e-02
1.388593204319477081e-02
1.387714408338069916e-02
1.384581159800291061e-02
1.395578496158123016e-02
1.389160472899675369e-02
1.388980913907289505e-02
1.389671489596366882e-02
1.389725878834724426e-02
1.385428477078676224e-02
1.385655533522367477e-02
1.386955007910728455e-02
1.385021209716796875e-02
1.397606357932090759e-02
1.395305525511503220e-02
1.386650186032056808e-02
1.389747112989425659e-02
1.390479411929845810e-02
1.389547809958457947e-02
1.386738941073417664e-02
1.386114209890365601e-02
1.389212720096111298e-02
1.388935092836618423e-02
1.385246682912111282e-02
1.390272565186023712e-02
1.392456144094467163e-02
1.390255335718393326e-02
1.382598094642162323e-02
1.386355236172676086e-02
1.389176584780216217e-02
1.386891026049852371e-02
1.387549377977848053e-02
1.387109421193599701e-02
1.389329321682453156e-02
1.385559234768152237e-02
1.387942396104335785e-02
1.387178711593151093e-02
1.383885741233825684e-02
1.386310625821352005e-02
1.384656317532062531e-02
1.386864762753248215e-02
1.382871717214584351e-02
1.389491744339466095e-02
1.388524286448955536e-02
1.386241335421800613e-02
1.385775674134492874e-02
1.387272682040929794e-02
1.387953013181686401e-02
1.390291005373001099e-02
1.389551348984241486e-02
1.386518310755491257e-02
1.382182911038398743e-02
1.389807742089033127e-02
1.390717457979917526e-02
1.387073751538991928e-02
1.390161179006099701e-02
1.390630193054676056e-02
1.387729961425065994e-02
1.385403424501419067e-02
1.387866958975791931e-02
1.387354824692010880e-02
1.388590410351753235e-02
1.389401312917470932e-02
1.389023382216691971e-02
1.388429477810859680e-02
1.389766205102205276e-02
1.387017965316772461e-02
1.386456005275249481e-02
1.385855861008167267e-02
1.384346559643745422e-02
1.398480031639337540e-02
1.394965220242738724e-02
1.389592699706554413e-02
1.389540359377861023e-02
1.384370401501655579e-02
1.386000122874975204e-02
1.386345084756612778e-02
1.387508586049079895e-02
1.393448933959007263e-02
1.390290539711713791e-02
1.386058423668146133e-02
1.385029405355453491e-02
1.391064282506704330e-02
1.386109925806522369e-02
1.389528065919876099e-02
1.386391744017601013e-02
1.385808456689119339e-02
1.388472784310579300e-02
1.389250904321670532e-02
1.387669611722230911e-02
1.389766857028007507e-02
1.386572793126106262e-02
1.389468275010585785e-02
1.389625482261180878e-02
1.387104392051696777e-02
1.389163546264171600e-02
1.389896031469106674e-02
1.388468313962221146e-02
1.385487616062164307e-02
1.385439001023769379e-02
1.389464084059000015e-02
1.385283470153808594e-02
1.388688106089830399e-02
1.385891065001487732e-02
1.393124833703041077e-02
1.390670612454414368e-02
1.386184338480234146e-02
1.385519281029701233e-02
1.388867013156414032e-02
1.388806849718093872e-02
1.388941705226898193e-02
1.387074403464794159e-02
1.388312969356775284e-02
1.388042513281106949e-02
1.385271642357110977e-02
1.388784218579530716e-02
1.390521600842475891e-02
1.385464519262313843e-02
1.386113744229078293e-02
1.384981069713830948e-02
1.390546094626188278e-02
1.386191882193088531e-02
1.386073045432567596e-02
1.389833446592092514e-02
1.383060496300458908e-02
1.396408583968877792e-02
1.389275025576353073e-02
1.389071065932512283e-02
1.392966229468584061e-02
1.393267232924699783e-02
1.388572715222835541e-02
1.392841339111328125e-02
1.387888565659523010e-02
1.390148885548114777e-02
1.387896575033664703e-02
1.386553049087524414e-02
1.388355996459722519e-02
1.383543480187654495e-02
1.389403175562620163e-02
1.389316935092210770e-02
1.387503556907176971e-02
1.391008403152227402e-02
1.391279604285955429e-02
1.385844778269529343e-02
1.387893315404653549e-02
1.385652646422386169e-02
1.388582866638898849e-02
1.382424030452966690e-02
1.386466529220342636e-02
1.388549618422985077e-02
1.388360001146793365e-02
1.386872306466102600e-02
1.388199441134929657e-02
1.387803442776203156e-02
1.386219449341297150e-02
1.386554818600416183e-02
1.390232238918542862e-02
1.391575112938880920e-02
1.387979183346033096e-02
1.387881021946668625e-02
1.390250399708747864e-02
1.388084329664707184e-02
1.385822612792253494e-02
1.385883521288633347e-02
1.388017926365137100e-02
1.384814362972974777e-02
1.382728386670351028e-02
1.389832329005002975e-02
1.384068466722965240e-02
1.388677489012479782e-02
1.382822636514902115e-02
1.390665862709283829e-02
1.384819112718105316e-02
1.389354094862937927e-02
1.389022916555404663e-02
1.391361281275749207e-02
1.385816466063261032e-02
1.390113215893507004e-02
1.386328320950269699e-02
1.386947650462388992e-02
1.386631093919277191e-02
1.392901968210935593e-02
1.388105750083923340e-02
1.388450898230075836e-02
1.391439139842987061e-02
1.388453785330057144e-02
1.391714438796043396e-02
1.386259030550718307e-02
1.389421336352825165e-02
1.388203538954257965e-02
1.384360063821077347e-02
1.390873081982135773e-02
1.386636588722467422e-02
1.389010343700647354e-02
1.386597845703363419e-02
1.388759631663560867e-02
1.386328972876071930e-02
1.391523610800504684e-02
1.390848774462938309e-02
1.390906330198049545e-02
1.390861533582210541e-02
1.391285657882690430e-02
1.387669611722230911e-02
1.389064453542232513e-02
1.391824893653392792e-02
1.386865787208080292e-02
1.392187643796205521e-02
1.387712545692920685e-02
1.384564395993947983e-02
1.384746190160512924e-02
1.386256981641054153e-02
1.387921907007694244e-02
1.386472210288047791e-02
1.389744319021701813e-02
1.387590635567903519e-02
1.384540367871522903e-02
1.385868433862924576e-02
1.380575355142354965e-02
1.384505257010459900e-02
1.389511488378047943e-02
1.388310734182596207e-02
1.389884017407894135e-02
1.384379342198371887e-02
1.387621648609638214e-02
1.387003622949123383e-02
1.385838910937309265e-02
1.388318650424480438e-02
1.390193775296211243e-02
1.384055707603693008e-02
1.389902923256158829e-02
1.384235825389623642e-02
1.386944204568862915e-02
1.389682851731777191e-02
1.388711947947740555e-02
1.388422120362520218e-02
1.387980394065380096e-02
1.388428919017314911e-02
1.386461127549409866e-02
1.384223625063896179e-02
1.386971585452556610e-02
1.386978384107351303e-02
1.385307591408491135e-02
1.388852950185537338e-02
1.388570573180913925e-02
1.384980883449316025e-02
1.386759057641029358e-02
1.386646274477243423e-02
1.385273505002260208e-02
1.395397819578647614e-02
1.387521810829639435e-02
1.384276431053876877e-02
1.386988535523414612e-02
1.388962939381599426e-02
1.388361398130655289e-02
1.389215514063835144e-02
1.383494585752487183e-02
1.387691777199506760e-02
1.383983716368675232e-02
1.389549020677804947e-02
1.387372799217700958e-02
1.383972167968750000e-02
1.394443213939666748e-02
1.387230493128299713e-02
1.382470317184925079e-02
1.388597767800092697e-02
1.385362353175878525e-02
1.386201940476894379e-02
1.383972913026809692e-02
1.389535795897245407e-02
1.391033641993999481e-02
1.386544667184352875e-02
1.385963801294565201e-02
1.393518410623073578e-02
1.384704373776912689e-02
1.390408538281917572e-02
1.387042086571455002e-02
1.385276857763528824e-02
1.390359643846750259e-02
1.391229592263698578e-02
1.386875007301568985e-02
1.386516634374856949e-02
1.384043227881193161e-02
1.388904545456171036e-02
1.388681307435035706e-02
1.383328717201948166e-02
1.390634849667549133e-02
1.386563107371330261e-02
1.387674268335103989e-02
1.387918181717395782e-02
1.388115528970956802e-02
1.381774060428142548e-02
1.383409835398197174e-02
1.391897816210985184e-02
1.383515633642673492e-02
1.387830078601837158e-02
1.400711480528116226e-02
1.391386706382036209e-02
1.389827299863100052e-02
1.388631667941808701e-02
1.386655960232019424e-02
1.383645180612802505e-02
1.386782154440879822e-02
1.395752839744091034e-02
1.389419380575418472e-02
1.384048908948898315e-02
1.387775596231222153e-02
1.384009048342704773e-02
1.388375088572502136e-02
1.389805413782596588e-02
1.387239247560501099e-02
1.386431418359279633e-02
1.385741401463747025e-02
1.389048807322978973e-02
1.389607135206460953e-02
1.389732863754034042e-02
1.394432410597801208e-02
1.386421266943216324e-02
1.386960223317146301e-02
1.383528672158718109e-02
1.387365441769361496e-02
1.390621159225702286e-02
1.384038012474775314e-02
1.386815961450338364e-02
1.391531992703676224e-02
1.387280784547328949e-02
1.386068109422922134e-02
1.387140341103076935e-02
1.394174341112375259e-02
1.389013230800628662e-02
1.389025710523128510e-02
1.385399792343378067e-02
1.390536874532699585e-02
1.387930195778608322e-02
1.385065820068120956e-02
1.385856419801712036e-02
1.390496268868446350e-02
1.384795736521482468e-02
1.388272736221551895e-02
1.390218082815408707e-02
1.388353854417800903e-02
1.386408787220716476e-02
1.388207729905843735e-02
1.391512528061866760e-02
1.385909225791692734e-02
1.390506979078054428e-02
1.388005260378122330e-02
1.385845802724361420e-02
1.386468298733234406e-02
1.381782721728086472e-02
1.388498861342668533e-02
1.385759562253952026e-02
1.386372931301593781e-02
1.383725460618734360e-02
1.387224998325109482e-02
1.385024935007095337e-02
1.388618443161249161e-02
1.391624752432107925e-02
1.386133488267660141e-02
1.387777924537658691e-02
1.388860680162906647e-02
1.387166045606136322e-02
1.389711163938045502e-02
1.383802201598882675e-02
1.386761385947465897e-02
1.387528423219919205e-02
1.390282530337572098e-02
1.388680562376976013e-02
1.380234863609075546e-02
1.381842046976089478e-02
1.387911010533571243e-02
1.387941930443048477e-02
1.387609634548425674e-02
1.388958375900983810e-02
1.386341266334056854e-02
1.387512125074863434e-02
1.381965726613998413e-02
1.390485465526580811e-02
1.382946968078613281e-02
1.382540259510278702e-02
1.385494787245988846e-02
1.389111671596765518e-02
1.390049513429403305e-02
1.385647989809513092e-02
1.386797241866588593e-02
1.384815666824579239e-02
1.388342492282390594e-02
1.388781797140836716e-02
1.387780066579580307e-02
1.387285254895687103e-02
1.387241110205650330e-02
1.386788394302129745e-02
1.386573538184165955e-02
1.389277633279561996e-02
1.388667896389961243e-02
1.383288949728012085e-02
1.389642804861068726e-02
1.386409252882003784e-02
1.389073673635721207e-02
1.388935931026935577e-02
1.384278573095798492e-02
1.388155855238437653e-02
1.390044018626213074e-02
1.386444456875324249e-02
1.390282716602087021e-02
1.383555121719837189e-02
1.383662037551403046e-02
1.386658474802970886e-02
1.386175025254487991e-02
1.388174481689929962e-02
1.389454212039709091e-02
1.390893384814262390e-02
1.386516634374856949e-02
1.388896629214286804e-02
1.385422330349683762e-02
1.388321351259946823e-02
1.388461235910654068e-02
1.386063173413276672e-02
1.389791443943977356e-02
1.386930420994758606e-02
1.386905182152986526e-02
1.385004166513681412e-02
1.387554872781038284e-02
1.385558489710092545e-02
1.385000254958868027e-02
1.388319116085767746e-02
1.387396827340126038e-02
