3.376587927341461182e-01
2.909452915191650391e-01
2.530616521835327148e-01
2.110657244920730591e-01
1.829693168401718140e-01
1.562456488609313965e-01
1.388311386108398438e-01
1.192422807216644287e-01
1.077191755175590515e-01
9.583033621311187744e-02
8.737175166606903076e-02
7.929994165897369385e-02
7.320568710565567017e-02
6.676092743873596191e-02
6.150852888822555542e-02
5.812924727797508240e-02
5.430652201175689697e-02
5.249158293008804321e-02
5.041054263710975647e-02
4.873160645365715027e-02
4.742704331874847412e-02
4.543571546673774719e-02
4.696747288107872009e-02
4.533447325229644775e-02
4.532032459974288940e-02
4.354520142078399658e-02
4.452871531248092651e-02
4.194225743412971497e-02
4.132124036550521851e-02
4.257900640368461609e-02
4.391915723681449890e-02
4.186449199914932251e-02
4.211697354912757874e-02
4.209183156490325928e-02
4.273245483636856079e-02
4.248597100377082825e-02
4.238564148545265198e-02
4.211185127496719360e-02
4.059991613030433655e-02
4.130549356341362000e-02
4.223783686757087708e-02
4.027955979108810425e-02
4.030437022447586060e-02
4.017063230276107788e-02
4.053939133882522583e-02
4.137785360217094421e-02
4.018641635775566101e-02
4.075591638684272766e-02
3.942051529884338379e-02
4.063769802451133728e-02
3.965990617871284485e-02
4.087411239743232727e-02
4.023510590195655823e-02
4.033593833446502686e-02
3.936045989394187927e-02
3.890942037105560303e-02
4.019174724817276001e-02
3.992412984371185303e-02
3.938060998916625977e-02
3.980493173003196716e-02
3.799534961581230164e-02
3.930839151144027710e-02
3.834469616413116455e-02
4.128297418355941772e-02
3.836867585778236389e-02
4.046594724059104919e-02
4.024821519851684570e-02
4.142709076404571533e-02
4.041774570941925049e-02
3.809520229697227478e-02
4.003458470106124878e-02
3.949926793575286865e-02
3.957896307110786438e-02
3.925099596381187439e-02
3.995009884238243103e-02
3.929384797811508179e-02
3.788756579160690308e-02
3.851209953427314758e-02
4.102666303515434265e-02
3.992436453700065613e-02
3.847095742821693420e-02
3.971183672547340393e-02
3.904141113162040710e-02
3.821446001529693604e-02
4.008194059133529663e-02
3.821335360407829285e-02
3.998861461877822876e-02
3.810072317719459534e-02
3.826513141393661499e-02
3.934944048523902893e-02
4.090103134512901306e-02
3.918208926916122437e-02
3.879014775156974792e-02
3.921625018119812012e-02
3.795756027102470398e-02
3.962152451276779175e-02
3.937230259180068970e-02
3.939575701951980591e-02
3.978746011853218079e-02
3.829103335738182068e-02
3.923553973436355591e-02
3.956228122115135193e-02
3.922850266098976135e-02
3.809843212366104126e-02
3.862813487648963928e-02
3.887086734175682068e-02
3.844641521573066711e-02
3.940943628549575806e-02
3.800782188773155212e-02
3.840768337249755859e-02
3.907223418354988098e-02
3.829022124409675598e-02
3.642629832029342651e-02
3.790898248553276062e-02
3.822556883096694946e-02
3.764596581459045410e-02
3.777388855814933777e-02
3.769962117075920105e-02
3.837517276406288147e-02
3.905800729990005493e-02
3.758265450596809387e-02
3.829732537269592285e-02
3.795219585299491882e-02
3.738503158092498779e-02
3.747805580496788025e-02
3.871589899063110352e-02
3.723629191517829895e-02
3.853858634829521179e-02
3.710819780826568604e-02
3.788233548402786255e-02
3.665768727660179138e-02
3.721604123711585999e-02
3.684804961085319519e-02
3.699060901999473572e-02
3.756067156791687012e-02
3.694489225745201111e-02
3.706491366028785706e-02
3.702425211668014526e-02
3.730789572000503540e-02
3.748746216297149658e-02
3.598755970597267151e-02
3.630042076110839844e-02
3.708586469292640686e-02
3.772675246000289917e-02
3.692059218883514404e-02
3.569974750280380249e-02
3.706040978431701660e-02
3.651547431945800781e-02
3.575696796178817749e-02
3.736357018351554871e-02
3.784679248929023743e-02
3.614829108119010925e-02
3.675812482833862305e-02
3.703505545854568481e-02
3.752801939845085144e-02
3.649700060486793518e-02
3.648633509874343872e-02
3.805564716458320618e-02
3.705492243170738220e-02
3.611442074179649353e-02
3.636506199836730957e-02
3.597266599535942078e-02
3.668284788727760315e-02
3.653310984373092651e-02
3.587802872061729431e-02
3.608955442905426025e-02
3.611592203378677368e-02
3.634928911924362183e-02
3.724962845444679260e-02
3.525212779641151428e-02
3.565609455108642578e-02
3.681572154164314270e-02
3.555462136864662170e-02
3.555420413613319397e-02
3.587394207715988159e-02
3.677890449762344360e-02
3.651925176382064819e-02
3.637802973389625549e-02
3.495542332530021667e-02
3.508982062339782715e-02
3.595275431871414185e-02
3.524813055992126465e-02
3.586127981543540955e-02
3.723555803298950195e-02
3.624108061194419861e-02
3.586792945861816406e-02
3.522541373968124390e-02
3.601488471031188965e-02
3.627268224954605103e-02
3.476183488965034485e-02
3.518981486558914185e-02
3.505683317780494690e-02
3.540584444999694824e-02
3.515261411666870117e-02
3.545572608709335327e-02
3.531838208436965942e-02
3.609689325094223022e-02
3.543822094798088074e-02
3.532151132822036743e-02
3.483547270298004150e-02
3.680197149515151978e-02
3.500749170780181885e-02
3.506129607558250427e-02
3.466521576046943665e-02
3.437677770853042603e-02
3.530874475836753845e-02
3.583216667175292969e-02
3.413744643330574036e-02
3.447568044066429138e-02
3.517039492726325989e-02
3.542001917958259583e-02
3.566205874085426331e-02
3.481677174568176270e-02
3.469223529100418091e-02
3.580841422080993652e-02
3.487732261419296265e-02
3.534729406237602234e-02
3.437030687928199768e-02
3.539067506790161133e-02
3.442054986953735352e-02
3.508356958627700806e-02
3.410319611430168152e-02
3.544120863080024719e-02
3.448970615863800049e-02
3.441487625241279602e-02
3.496144339442253113e-02
3.524989634752273560e-02
3.443800285458564758e-02
3.490577265620231628e-02
3.486081585288047791e-02
3.365373611450195312e-02
3.504927083849906921e-02
3.492377325892448425e-02
3.530079498887062073e-02
3.417794778943061829e-02
3.558691218495368958e-02
3.362629190087318420e-02
3.442793339490890503e-02
3.408869355916976929e-02
3.403181955218315125e-02
3.477329388260841370e-02
3.467763960361480713e-02
3.455446287989616394e-02
3.443644568324089050e-02
3.415139392018318176e-02
3.417307883501052856e-02
3.381318226456642151e-02
3.427431732416152954e-02
3.397844359278678894e-02
3.465844318270683289e-02
3.416085988283157349e-02
3.414149582386016846e-02
3.407008200883865356e-02
3.419116139411926270e-02
3.458749875426292419e-02
3.404673561453819275e-02
3.388200700283050537e-02
3.329262882471084595e-02
3.361326828598976135e-02
3.376041725277900696e-02
3.420313447713851929e-02
3.440191969275474548e-02
3.497445955872535706e-02
3.371148183941841125e-02
3.364383429288864136e-02
3.343009948730468750e-02
3.437076508998870850e-02
3.432405740022659302e-02
3.447762131690979004e-02
3.421084955334663391e-02
3.498287498950958252e-02
3.393241018056869507e-02
3.325780481100082397e-02
3.446311503648757935e-02
3.404626995325088501e-02
3.306153789162635803e-02
3.361716493964195251e-02
3.416486456990242004e-02
3.401294723153114319e-02
3.408597037196159363e-02
3.397446125745773315e-02
3.343967348337173462e-02
3.287297487258911133e-02
3.389434143900871277e-02
3.390103578567504883e-02
3.311656042933464050e-02
3.327381983399391174e-02
3.414756432175636292e-02
3.440838307142257690e-02
3.275976702570915222e-02
3.370853513479232788e-02
3.386639803647994995e-02
3.381362184882164001e-02
3.310066834092140198e-02
3.318006172776222229e-02
3.359716013073921204e-02
3.349612653255462646e-02
3.382741287350654602e-02
3.375384584069252014e-02
3.417279571294784546e-02
3.309971839189529419e-02
3.248520568013191223e-02
3.269064426422119141e-02
3.334535658359527588e-02
3.314666822552680969e-02
3.286577761173248291e-02
3.240450099110603333e-02
3.283670917153358459e-02
3.261001780629158020e-02
3.366167470812797546e-02
3.238499537110328674e-02
3.314065188169479370e-02
3.263781219720840454e-02
3.225205838680267334e-02
3.280821070075035095e-02
3.331330046057701111e-02
3.178496286273002625e-02
3.243456035852432251e-02
3.150502964854240417e-02
3.195302560925483704e-02
3.334714099764823914e-02
3.179106488823890686e-02
3.183943405747413635e-02
3.224269673228263855e-02
3.207617253065109253e-02
3.278479352593421936e-02
3.289780765771865845e-02
3.272786736488342285e-02
3.241414949297904968e-02
3.178707137703895569e-02
3.339958190917968750e-02
3.291090205311775208e-02
3.305695578455924988e-02
3.244856372475624084e-02
3.272401541471481323e-02
3.235867992043495178e-02
3.241032734513282776e-02
3.166387975215911865e-02
3.251595050096511841e-02
3.159257024526596069e-02
3.202582895755767822e-02
3.248910233378410339e-02
3.225392848253250122e-02
3.272498026490211487e-02
3.221475705504417419e-02
3.242808207869529724e-02
3.172674030065536499e-02
3.279592096805572510e-02
3.262321650981903076e-02
3.164071589708328247e-02
3.223238140344619751e-02
3.212274983525276184e-02
3.234006091952323914e-02
3.189515694975852966e-02
3.245200961828231812e-02
3.187946975231170654e-02
3.277042880654335022e-02
3.245427459478378296e-02
3.109170310199260712e-02
3.213364258408546448e-02
3.132194280624389648e-02
3.099945373833179474e-02
3.200676292181015015e-02
3.126776963472366333e-02
3.208886459469795227e-02
3.180867433547973633e-02
3.254827857017517090e-02
3.120811469852924347e-02
3.151002153754234314e-02
3.135022521018981934e-02
3.225786238908767700e-02
3.205914795398712158e-02
3.224923461675643921e-02
3.074170462787151337e-02
3.275121375918388367e-02
3.111575357615947723e-02
3.200331702828407288e-02
3.171142935752868652e-02
3.227940201759338379e-02
3.142702206969261169e-02
3.116643987596035004e-02
3.199940919876098633e-02
3.253071755170822144e-02
3.162186592817306519e-02
3.136355057358741760e-02
3.238546475768089294e-02
3.085915371775627136e-02
3.090453334152698517e-02
3.145320713520050049e-02
3.041325882077217102e-02
3.123918920755386353e-02
3.098399937152862549e-02
3.139445558190345764e-02
3.079692460596561432e-02
3.095311112701892853e-02
3.156016394495964050e-02
3.133535385131835938e-02
3.116015158593654633e-02
3.095783106982707977e-02
3.137024864554405212e-02
3.089759312570095062e-02
3.185304999351501465e-02
3.137480840086936951e-02
3.109079226851463318e-02
3.106729499995708466e-02
3.144640475511550903e-02
3.176894038915634155e-02
3.222211822867393494e-02
3.143835812807083130e-02
3.111726045608520508e-02
3.171525895595550537e-02
3.083154000341892242e-02
3.036955557763576508e-02
3.040816076099872589e-02
3.121813572943210602e-02
3.011881373822689056e-02
3.031311742961406708e-02
2.988387085497379303e-02
3.087670728564262390e-02
3.093077056109905243e-02
3.069867193698883057e-02
3.023963421583175659e-02
3.083921223878860474e-02
2.983846329152584076e-02
2.985030785202980042e-02
3.137001022696495056e-02
3.095442242920398712e-02
3.125192597508430481e-02
3.019084222614765167e-02
3.017148748040199280e-02
3.126298263669013977e-02
3.089454956352710724e-02
3.103764355182647705e-02
3.024763055145740509e-02
3.079356253147125244e-02
3.074621409177780151e-02
3.126760944724082947e-02
3.037693910300731659e-02
2.967374771833419800e-02
3.092508576810359955e-02
3.015933744609355927e-02
3.027654439210891724e-02
3.048659674823284149e-02
3.115550242364406586e-02
3.111307322978973389e-02
3.014898300170898438e-02
3.082497417926788330e-02
3.033410385251045227e-02
3.060596808791160583e-02
3.120462410151958466e-02
3.003785572946071625e-02
2.975060790777206421e-02
3.042967990040779114e-02
3.013415262103080750e-02
3.055826388299465179e-02
3.077509813010692596e-02
3.025082312524318695e-02
2.953037805855274200e-02
3.056814521551132202e-02
3.009195253252983093e-02
3.037274256348609924e-02
3.034809418022632599e-02
3.006703406572341919e-02
2.947121858596801758e-02
3.015540353953838348e-02
3.040453046560287476e-02
2.906933985650539398e-02
3.065221756696701050e-02
3.037017770111560822e-02
2.971861697733402252e-02
3.093259222805500031e-02
2.988848462700843811e-02
3.062050417065620422e-02
2.986374124884605408e-02
3.042365051805973053e-02
2.936415560543537140e-02
2.974057570099830627e-02
2.893920056521892548e-02
2.965978533029556274e-02
3.049317561089992523e-02
2.970599569380283356e-02
2.976866066455841064e-02
2.924421429634094238e-02
3.031429089605808258e-02
2.956784702837467194e-02
2.972056157886981964e-02
2.961306460201740265e-02
3.032647445797920227e-02
2.927314303815364838e-02
2.952391654253005981e-02
2.972759492695331573e-02
3.013498336076736450e-02
3.031034208834171295e-02
2.956328913569450378e-02
3.041199781000614166e-02
2.908941730856895447e-02
2.931832335889339447e-02
2.976071089506149292e-02
2.881144545972347260e-02
3.000325895845890045e-02
2.877574972808361053e-02
2.915113233029842377e-02
2.955409698188304901e-02
3.038568422198295593e-02
2.942519634962081909e-02
2.968109585344791412e-02
2.973744459450244904e-02
2.963741123676300049e-02
2.937983907759189606e-02
2.914395555853843689e-02
2.963764965534210205e-02
2.988625876605510712e-02
2.993143163621425629e-02
2.944068238139152527e-02
2.963146008551120758e-02
2.989959716796875000e-02
2.894600853323936462e-02
2.954360656440258026e-02
2.957447990775108337e-02
2.899332344532012939e-02
2.958090975880622864e-02
2.920428290963172913e-02
2.976242266595363617e-02
3.018707409501075745e-02
2.944929711520671844e-02
2.945647761225700378e-02
2.978669479489326477e-02
2.906338870525360107e-02
2.859332226216793060e-02
2.911647595465183258e-02
2.989944256842136383e-02
2.831019647419452667e-02
2.935287728905677795e-02
2.974510192871093750e-02
2.901846356689929962e-02
2.971890382468700409e-02
3.020555526018142700e-02
2.938824333250522614e-02
2.939984016120433807e-02
2.911987900733947754e-02
2.876436710357666016e-02
2.962013334035873413e-02
2.871044911444187164e-02
2.868465334177017212e-02
2.839318476617336273e-02
2.831924892961978912e-02
2.861126326024532318e-02
2.907932735979557037e-02
2.861882559955120087e-02
2.947129309177398682e-02
2.914148196578025818e-02
2.859028242528438568e-02
2.871217392385005951e-02
2.844077162444591522e-02
2.876509353518486023e-02
2.897093445062637329e-02
2.844400145113468170e-02
2.814633212983608246e-02
2.864165790379047394e-02
2.879359573125839233e-02
2.896843664348125458e-02
2.818683534860610962e-02
2.858415804803371429e-02
2.906351350247859955e-02
2.830013819038867950e-02
2.946123853325843811e-02
2.891899831593036652e-02
2.913272567093372345e-02
2.860014885663986206e-02
2.822856977581977844e-02
2.796593308448791504e-02
2.872262150049209595e-02
2.741516195237636566e-02
2.895273640751838684e-02
2.871387824416160583e-02
2.873684279620647430e-02
2.770357392728328705e-02
2.809912711381912231e-02
2.954068034887313843e-02
2.811441756784915924e-02
2.898634597659111023e-02
2.826909720897674561e-02
2.797654643654823303e-02
2.873693220317363739e-02
2.885291725397109985e-02
2.814345806837081909e-02
2.798944339156150818e-02
2.799770236015319824e-02
2.776176668703556061e-02
2.798971906304359436e-02
2.836762741208076477e-02
2.792949043214321136e-02
2.853588573634624481e-02
2.860703691840171814e-02
2.862071618437767029e-02
2.786300145089626312e-02
2.808513306081295013e-02
2.799196541309356689e-02
2.861743979156017303e-02
2.924260869622230530e-02
2.780842036008834839e-02
2.734194695949554443e-02
2.804738283157348633e-02
2.788134291768074036e-02
2.830338105559349060e-02
2.786722406744956970e-02
2.780151739716529846e-02
2.792856842279434204e-02
2.810331247746944427e-02
2.811240591108798981e-02
2.862637117505073547e-02
2.816609106957912445e-02
2.888120897114276886e-02
2.763904072344303131e-02
2.769502252340316772e-02
2.859609574079513550e-02
2.812137827277183533e-02
2.845601178705692291e-02
2.751827798783779144e-02
2.779766730964183807e-02
2.812146767973899841e-02
2.795059420168399811e-02
2.841463685035705566e-02
2.841678075492382050e-02
2.806986309587955475e-02
2.796674519777297974e-02
2.820485644042491913e-02
2.755664102733135223e-02
2.811056561768054962e-02
2.869963459670543671e-02
2.753147669136524200e-02
2.841459028422832489e-02
2.698366157710552216e-02
2.775989100337028503e-02
2.817705832421779633e-02
2.787004597485065460e-02
2.784417755901813507e-02
2.796313352882862091e-02
2.802009508013725281e-02
2.693289518356323242e-02
2.731398865580558777e-02
2.842612378299236298e-02
2.771539427340030670e-02
2.754559367895126343e-02
2.705102413892745972e-02
2.742454409599304199e-02
2.670351788401603699e-02
2.694787643849849701e-02
2.690688706934452057e-02
2.729255892336368561e-02
2.780384570360183716e-02
2.740234881639480591e-02
2.726761996746063232e-02
2.773393504321575165e-02
2.713803015649318695e-02
2.784605324268341064e-02
2.775429189205169678e-02
2.697444334626197815e-02
2.733095921576023102e-02
2.754535712301731110e-02
2.817103080451488495e-02
2.786018326878547668e-02
2.800088748335838318e-02
2.832814492285251617e-02
2.782774530351161957e-02
2.797539532184600830e-02
2.731284126639366150e-02
2.734607644379138947e-02
2.791083604097366333e-02
2.724537998437881470e-02
2.809420600533485413e-02
2.707196585834026337e-02
2.632904611527919769e-02
2.678659558296203613e-02
2.741147391498088837e-02
2.733846567571163177e-02
2.753288857638835907e-02
2.676258794963359833e-02
2.634365856647491455e-02
2.681734412908554077e-02
2.796488068997859955e-02
2.716773934662342072e-02
2.772993966937065125e-02
2.666359022259712219e-02
2.685767225921154022e-02
2.670773491263389587e-02
2.744190394878387451e-02
2.672593481838703156e-02
2.680476382374763489e-02
2.644809521734714508e-02
2.688814327120780945e-02
2.693499810993671417e-02
2.657949924468994141e-02
2.718970738351345062e-02
2.646241895854473114e-02
2.679086104035377502e-02
2.677081339061260223e-02
2.695327810943126678e-02
2.731957286596298218e-02
2.691545151174068451e-02
2.727111056447029114e-02
2.718003094196319580e-02
2.693503350019454956e-02
2.719093114137649536e-02
2.706097066402435303e-02
2.747949399054050446e-02
2.708646468818187714e-02
2.688222751021385193e-02
2.738192491233348846e-02
2.727489173412322998e-02
2.618912793695926666e-02
2.685599215328693390e-02
2.687304466962814331e-02
2.694224007427692413e-02
2.711514569818973541e-02
2.641074545681476593e-02
2.673472464084625244e-02
2.676603943109512329e-02
2.737305499613285065e-02
2.730803564190864563e-02
2.631470374763011932e-02
2.665144391357898712e-02
2.734295651316642761e-02
2.670189552009105682e-02
2.644770778715610504e-02
2.679936215281486511e-02
2.726442553102970123e-02
2.651244215667247772e-02
2.645009569823741913e-02
2.649117819964885712e-02
2.719855122268199921e-02
2.719918265938758850e-02
2.645612508058547974e-02
2.726239152252674103e-02
2.695631235837936401e-02
2.636838704347610474e-02
2.646169997751712799e-02
2.647618390619754791e-02
2.606742642819881439e-02
2.642729319632053375e-02
2.692967653274536133e-02
2.698783203959465027e-02
2.699679136276245117e-02
2.662286162376403809e-02
2.660051174461841583e-02
2.725340612232685089e-02
2.621664851903915405e-02
2.619690448045730591e-02
2.622959949076175690e-02
2.654122374951839447e-02
2.639716304838657379e-02
2.605367079377174377e-02
2.674293145537376404e-02
2.657568454742431641e-02
2.604515291750431061e-02
2.666460722684860229e-02
2.659406326711177826e-02
2.674863301217556000e-02
2.631860226392745972e-02
2.621933631598949432e-02
2.609377168118953705e-02
2.528839930891990662e-02
2.718754485249519348e-02
2.591943368315696716e-02
2.640111371874809265e-02
2.599555067718029022e-02
2.633027732372283936e-02
2.691470086574554443e-02
2.670855633914470673e-02
2.631287463009357452e-02
2.693387679755687714e-02
2.644859440624713898e-02
2.615715190768241882e-02
2.653090655803680420e-02
2.682970650494098663e-02
2.721391804516315460e-02
2.606090344488620758e-02
2.754201926290988922e-02
2.694125100970268250e-02
2.665993385016918182e-02
2.678098902106285095e-02
2.607637271285057068e-02
2.607026323676109314e-02
2.564067579805850983e-02
2.587432228028774261e-02
2.645765058696269989e-02
2.690856903791427612e-02
2.692922763526439667e-02
2.674038149416446686e-02
2.651413902640342712e-02
2.597025036811828613e-02
2.594235911965370178e-02
2.607456035912036896e-02
2.673787064850330353e-02
2.654644101858139038e-02
2.612353861331939697e-02
2.614647708833217621e-02
2.653251774609088898e-02
2.587403357028961182e-02
2.662918902933597565e-02
2.585120685398578644e-02
2.607960812747478485e-02
2.705596573650836945e-02
2.636506408452987671e-02
2.617776580154895782e-02
2.632546238601207733e-02
2.555310353636741638e-02
2.623778395354747772e-02
2.621414698660373688e-02
2.666013129055500031e-02
2.630495838820934296e-02
2.607222460210323334e-02
2.583545818924903870e-02
2.560847252607345581e-02
2.611907757818698883e-02
2.627283520996570587e-02
2.568541280925273895e-02
2.584130316972732544e-02
2.546712756156921387e-02
2.619125694036483765e-02
2.591047622263431549e-02
2.556751668453216553e-02
2.615360170602798462e-02
2.627177722752094269e-02
2.537125907838344574e-02
2.631922625005245209e-02
2.583244070410728455e-02
2.586839720606803894e-02
2.542519941926002502e-02
2.619405649602413177e-02
2.595724351704120636e-02
2.619332261383533478e-02
2.540178596973419189e-02
2.604948543012142181e-02
2.536807954311370850e-02
2.562131918966770172e-02
2.585951983928680420e-02
2.550156414508819580e-02
2.533290535211563110e-02
2.593979984521865845e-02
2.605348080396652222e-02
2.616294100880622864e-02
2.560037747025489807e-02
2.599339932203292847e-02
2.578328922390937805e-02
2.550048939883708954e-02
2.596238069236278534e-02
2.620264142751693726e-02
2.550037764012813568e-02
2.597402408719062805e-02
2.558010071516036987e-02
2.496808022260665894e-02
2.550162933766841888e-02
2.560131251811981201e-02
2.574056759476661682e-02
2.603757567703723907e-02
2.564674802124500275e-02
2.613834850490093231e-02
2.539790049195289612e-02
2.545204199850559235e-02
2.522936463356018066e-02
2.546613849699497223e-02
2.550259046256542206e-02
2.626486122608184814e-02
2.550708502531051636e-02
2.578124403953552246e-02
2.620171941816806793e-02
2.505692467093467712e-02
2.582091093063354492e-02
2.607863023877143860e-02
2.559382840991020203e-02
2.533796988427639008e-02
2.654969878494739532e-02
2.513800747692584991e-02
2.536388114094734192e-02
2.507654763758182526e-02
2.571638114750385284e-02
2.548522874712944031e-02
2.545217983424663544e-02
2.603776752948760986e-02
2.577775530517101288e-02
2.505055628716945648e-02
2.530818991363048553e-02
2.522080391645431519e-02
2.553776837885379791e-02
2.449547871947288513e-02
2.527669072151184082e-02
2.534388191998004913e-02
2.524252422153949738e-02
2.549872361123561859e-02
2.525368891656398773e-02
2.526330947875976562e-02
2.618520148098468781e-02
2.537378482520580292e-02
2.489482797682285309e-02
2.533487789332866669e-02
2.577385120093822479e-02
2.497398667037487030e-02
2.512887865304946899e-02
2.531622536480426788e-02
2.552366256713867188e-02
2.521680667996406555e-02
2.486649900674819946e-02
2.504728920757770538e-02
2.514448575675487518e-02
2.539354749023914337e-02
2.559882029891014099e-02
2.442027069628238678e-02
2.549891546368598938e-02
2.550137042999267578e-02
2.550008147954940796e-02
2.528747357428073883e-02
2.533371001482009888e-02
2.466261386871337891e-02
2.501888945698738098e-02
2.605585940182209015e-02
2.515718713402748108e-02
2.449291385710239410e-02
2.480301260948181152e-02
2.567772939801216125e-02
2.472666837275028229e-02
2.434301748871803284e-02
2.487540803849697113e-02
2.547528780996799469e-02
2.550227940082550049e-02
2.556480467319488525e-02
2.565308846533298492e-02
2.511947043240070343e-02
2.515818178653717041e-02
2.501469664275646210e-02
2.519729733467102051e-02
2.520073950290679932e-02
2.472883276641368866e-02
2.491709403693675995e-02
2.500300854444503784e-02
2.538122609257698059e-02
2.511171437799930573e-02
2.508721128106117249e-02
2.513973787426948547e-02
2.510510198771953583e-02
2.538658492267131805e-02
2.515834383666515350e-02
2.481047250330448151e-02
2.495978586375713348e-02
2.465293928980827332e-02
2.477485686540603638e-02
2.467646077275276184e-02
2.514285407960414886e-02
2.493309602141380310e-02
2.467662468552589417e-02
2.424559928476810455e-02
2.479990758001804352e-02
2.478389441967010498e-02
2.499857731163501740e-02
2.451121807098388672e-02
2.444200962781906128e-02
2.468811161816120148e-02
2.484926953911781311e-02
2.515277266502380371e-02
2.488838136196136475e-02
2.478253841400146484e-02
2.563351392745971680e-02
2.478040009737014771e-02
2.457567676901817322e-02
2.534288913011550903e-02
2.466719783842563629e-02
2.362368255853652954e-02
2.512389235198497772e-02
2.477096579968929291e-02
2.512689121067523956e-02
2.499108389019966125e-02
2.460099570453166962e-02
2.496749721467494965e-02
2.452572248876094818e-02
2.541352622210979462e-02
2.431200444698333740e-02
2.478951402008533478e-02
2.471403591334819794e-02
2.533061988651752472e-02
2.447947114706039429e-02
2.458803169429302216e-02
2.512024529278278351e-02
2.510409988462924957e-02
2.511364221572875977e-02
2.474382519721984863e-02
2.478216402232646942e-02
2.525929734110832214e-02
2.491899020969867706e-02
2.450636215507984161e-02
2.452549897134304047e-02
2.472118660807609558e-02
2.474547736346721649e-02
2.443015202879905701e-02
2.446607127785682678e-02
2.470541559159755707e-02
2.533164620399475098e-02
2.443289943039417267e-02
2.492045611143112183e-02
2.452486008405685425e-02
2.501214295625686646e-02
