3.739646822214126587e-02
1.480723638087511063e-02
1.488848682492971420e-02
1.452741306275129318e-02
1.455225050449371338e-02
1.441364735364913940e-02
1.453784201294183731e-02
1.467214059084653854e-02
1.473570149391889572e-02
1.521184481680393219e-02
1.544008869677782059e-02
1.462755817919969559e-02
1.544227730482816696e-02
1.611242815852165222e-02
1.485343929380178452e-02
1.454714313149452209e-02
1.457265112549066544e-02
1.470978371798992157e-02
1.481193117797374725e-02
1.486962847411632538e-02
1.472915988415479660e-02
1.462088525295257568e-02
1.460708491504192352e-02
1.471360400319099426e-02
1.524477731436491013e-02
1.493030041456222534e-02
1.543945539742708206e-02
1.524254865944385529e-02
1.459374092519283295e-02
1.535672508180141449e-02
1.505697332322597504e-02
1.438072230666875839e-02
1.450171507894992828e-02
1.428345870226621628e-02
1.464014779776334763e-02
1.441137213259935379e-02
1.417563389986753464e-02
1.506593264639377594e-02
1.435725297778844833e-02
1.471336465328931808e-02
1.436448283493518829e-02
1.490473560988903046e-02
1.547660864889621735e-02
1.453398726880550385e-02
1.509479712694883347e-02
1.433355920016765594e-02
1.429172325879335403e-02
1.437220070511102676e-02
1.477870903909206390e-02
1.460312120616436005e-02
1.454442553222179413e-02
1.469769049435853958e-02
1.443786267191171646e-02
1.443743892014026642e-02
1.440940704196691513e-02
1.478536706417798996e-02
1.433084253221750259e-02
1.431286986917257309e-02
1.471177395433187485e-02
1.498063001781702042e-02
1.529760379344224930e-02
1.431462075561285019e-02
1.432906463742256165e-02
1.412086002528667450e-02
1.429377961903810501e-02
1.437324285507202148e-02
1.510779187083244324e-02
1.441778708249330521e-02
1.417035423219203949e-02
1.474533416330814362e-02
1.469559781253337860e-02
1.436470355838537216e-02
1.447311043739318848e-02
1.464356016367673874e-02
1.460670959204435349e-02
1.448391657322645187e-02
1.455822028219699860e-02
1.449259463697671890e-02
1.466352120041847229e-02
1.463825162500143051e-02
1.428988389670848846e-02
1.434237230569124222e-02
1.484300661832094193e-02
1.416393369436264038e-02
1.460883859544992447e-02
1.457481551915407181e-02
1.434044726192951202e-02
1.437278836965560913e-02
1.443592831492424011e-02
1.422577351331710815e-02
1.470674388110637665e-02
1.453709788620471954e-02
1.446701213717460632e-02
1.423635799437761307e-02
1.414442062377929688e-02
1.436927262693643570e-02
1.431682612746953964e-02
1.440474949777126312e-02
1.435779407620429993e-02
1.430541183799505234e-02
1.439749822020530701e-02
1.452979445457458496e-02
1.411117706447839737e-02
1.447941828519105911e-02
1.451159454882144928e-02
1.397206075489521027e-02
1.410030201077461243e-02
1.441035233438014984e-02
1.477710809558629990e-02
1.429239660501480103e-02
1.414546649903059006e-02
1.440673321485519409e-02
1.422573998570442200e-02
1.413817703723907471e-02
1.434919890016317368e-02
1.420678012073040009e-02
1.433517504483461380e-02
1.424857601523399353e-02
1.487004663795232773e-02
1.429668813943862915e-02
1.433068513870239258e-02
1.453436259180307388e-02
1.434855908155441284e-02
1.431399025022983551e-02
1.421611197292804718e-02
1.422104984521865845e-02
1.427362207323312759e-02
1.441939268261194229e-02
1.445938739925622940e-02
1.452102046459913254e-02
1.423111744225025177e-02
1.412194501608610153e-02
1.412845309823751450e-02
1.432968582957983017e-02
1.423920784145593643e-02
1.400726661086082458e-02
1.436843071132898331e-02
1.441720500588417053e-02
1.417688559740781784e-02
1.432715822011232376e-02
1.428554300218820572e-02
1.416532602161169052e-02
1.408732775598764420e-02
1.401626411825418472e-02
1.415604911744594574e-02
1.416975725442171097e-02
1.419487036764621735e-02
1.416068803519010544e-02
1.408911962062120438e-02
1.418651454150676727e-02
1.425335183739662170e-02
1.412866357713937759e-02
1.406461466103792191e-02
1.407774537801742554e-02
1.426948141306638718e-02
1.405828353017568588e-02
1.413646340370178223e-02
1.448704954236745834e-02
1.411572750657796860e-02
1.422176044434309006e-02
1.406018063426017761e-02
1.417900249361991882e-02
1.413980033248662949e-02
1.413708366453647614e-02
1.405905466526746750e-02
1.409562025219202042e-02
1.424826029688119888e-02
1.419067848473787308e-02
1.405004970729351044e-02
1.426740735769271851e-02
1.411620154976844788e-02
1.419923268258571625e-02
1.400717720389366150e-02
1.412914972752332687e-02
1.416033785790205002e-02
1.426361314952373505e-02
1.421956066042184830e-02
1.422595698386430740e-02
1.419162936508655548e-02
1.403265353292226791e-02
1.408514846116304398e-02
1.399239245802164078e-02
1.420265622437000275e-02
1.399233099073171616e-02
1.431600935757160187e-02
1.418530847877264023e-02
1.415618509054183960e-02
1.403280999511480331e-02
1.401231531053781509e-02
1.440435647964477539e-02
1.412710081785917282e-02
1.398568041622638702e-02
1.410361286252737045e-02
1.405352912843227386e-02
1.398496981710195541e-02
1.404016837477684021e-02
1.419204007834196091e-02
1.422783825546503067e-02
1.406125072389841080e-02
1.428126078099012375e-02
1.421794854104518890e-02
1.410540007054805756e-02
1.399226021021604538e-02
1.404139026999473572e-02
1.417088042944669724e-02
1.411387883126735687e-02
1.413577422499656677e-02
1.397500187158584595e-02
1.406509988009929657e-02
1.420394517481327057e-02
1.401964016258716583e-02
1.402658037841320038e-02
1.397596299648284912e-02
1.408577896654605865e-02
1.391511410474777222e-02
1.404312998056411743e-02
1.404919475317001343e-02
1.405160687863826752e-02
1.397649105638265610e-02
1.401801872998476028e-02
1.394204329699277878e-02
1.391835696995258331e-02
1.409126725047826767e-02
1.415486820042133331e-02
1.414123922586441040e-02
1.398854423314332962e-02
1.404800731688737869e-02
1.400551665574312210e-02
1.412454620003700256e-02
1.410887483507394791e-02
1.407901663333177567e-02
1.407124008983373642e-02
1.401834841817617416e-02
1.396636664867401123e-02
1.399676129221916199e-02
1.398442965000867844e-02
1.417304016649723053e-02
1.410308387130498886e-02
1.391605287790298462e-02
1.398340612649917603e-02
1.402164250612258911e-02
1.421952433884143829e-02
1.398667320609092712e-02
1.407938636839389801e-02
1.408518478274345398e-02
1.407128572463989258e-02
1.407751534134149551e-02
1.394335180521011353e-02
1.404373999685049057e-02
1.396707445383071899e-02
1.399238500744104385e-02
1.413288433104753494e-02
1.398815307766199112e-02
1.389616075903177261e-02
1.392751652747392654e-02
1.395181845873594284e-02
1.404817961156368256e-02
1.408749539405107498e-02
1.405355986207723618e-02
1.394832320511341095e-02
1.418043300509452820e-02
1.397357136011123657e-02
1.393959950655698776e-02
1.396416965872049332e-02
1.409457717090845108e-02
1.411572750657796860e-02
1.404918264597654343e-02
1.392629835754632950e-02
1.393569819629192352e-02
1.394051872193813324e-02
1.395797450095415115e-02
1.405220013111829758e-02
1.402425114065408707e-02
1.400103699415922165e-02
1.393799670040607452e-02
1.406807731837034225e-02
1.398243755102157593e-02
1.402972545474767685e-02
1.415009051561355591e-02
1.397886779159307480e-02
1.396333798766136169e-02
1.398792304098606110e-02
1.409337762743234634e-02
1.401425339281558990e-02
1.398350764065980911e-02
1.402545720338821411e-02
1.393718086183071136e-02
1.401485502719879150e-02
1.400639954954385757e-02
1.397841982543468475e-02
1.394907757639884949e-02
1.402520854026079178e-02
1.406186632812023163e-02
1.403589081019163132e-02
1.399361435323953629e-02
1.390677876770496368e-02
1.400939747691154480e-02
1.392859034240245819e-02
1.402572542428970337e-02
1.405263133347034454e-02
1.397940143942832947e-02
1.405410002917051315e-02
1.408346556127071381e-02
1.393154170364141464e-02
1.398862712085247040e-02
1.395814307034015656e-02
1.404400449246168137e-02
1.392095349729061127e-02
1.401468738913536072e-02
1.394136156886816025e-02
1.400604285299777985e-02
1.409135293215513229e-02
1.403507124632596970e-02
1.396664511412382126e-02
1.400267891585826874e-02
1.399866864085197449e-02
1.395397167652845383e-02
1.399451866745948792e-02
1.395975518971681595e-02
1.392896287143230438e-02
1.396035216748714447e-02
1.417079474776983261e-02
1.402826607227325439e-02
1.402463577687740326e-02
1.394048333168029785e-02
1.396627072244882584e-02
1.393016241490840912e-02
1.399079337716102600e-02
1.398477982729673386e-02
1.394469384104013443e-02
1.409642584621906281e-02
1.391370501369237900e-02
1.398953143507242203e-02
1.398225594311952591e-02
1.392416190356016159e-02
1.400779746472835541e-02
1.398689858615398407e-02
1.400662865489721298e-02
1.406356878578662872e-02
1.401246897876262665e-02
1.405132655054330826e-02
1.394535694271326065e-02
1.393221132457256317e-02
1.399894524365663528e-02
1.389381382614374161e-02
1.392982434481382370e-02
1.397430710494518280e-02
1.406176201999187469e-02
1.391624286770820618e-02
1.391465589404106140e-02
1.412120368331670761e-02
1.398703176528215408e-02
1.400110777467489243e-02
1.398571114987134933e-02
1.389685273170471191e-02
1.385325752198696136e-02
1.393302343785762787e-02
1.392944902181625366e-02
1.393501553684473038e-02
1.394749898463487625e-02
1.400373689830303192e-02
1.388267893344163895e-02
1.398416981101036072e-02
1.400273572653532028e-02
1.396514195948839188e-02
1.397967338562011719e-02
1.399104204028844833e-02
1.392809674143791199e-02
1.397053152322769165e-02
1.392806693911552429e-02
1.396283600479364395e-02
1.398945320397615433e-02
1.401806529611349106e-02
1.392146199941635132e-02
1.402578316628932953e-02
1.395119726657867432e-02
1.397333294153213501e-02
1.393325254321098328e-02
1.402325183153152466e-02
1.392000913619995117e-02
1.390726957470178604e-02
1.388282328844070435e-02
1.397470943629741669e-02
1.396838482469320297e-02
1.396779902279376984e-02
1.395919360220432281e-02
1.399795804172754288e-02
1.392647344619035721e-02
1.390792150050401688e-02
1.399851124733686447e-02
1.393054518848657608e-02
1.393661927431821823e-02
1.392191927880048752e-02
1.396904885768890381e-02
1.393274217844009399e-02
1.403340324759483337e-02
1.394040696322917938e-02
1.391298975795507431e-02
1.404881663620471954e-02
1.392836682498455048e-02
1.389273256063461304e-02
1.388116460293531418e-02
1.398408599197864532e-02
1.396580785512924194e-02
1.391889248043298721e-02
1.404243241995573044e-02
1.400746684521436691e-02
1.390295010060071945e-02
1.396961510181427002e-02
1.388471946120262146e-02
1.384927053004503250e-02
1.395958941429853439e-02
1.404293719679117203e-02
1.395501475781202316e-02
1.393134705722332001e-02
1.391910295933485031e-02
1.399307884275913239e-02
1.398295722901821136e-02
1.401093043386936188e-02
1.396538969129323959e-02
1.392336934804916382e-02
1.396938413381576538e-02
1.399495173245668411e-02
1.401998288929462433e-02
1.388600282371044159e-02
1.402226090431213379e-02
1.399019639939069748e-02
1.396124903112649918e-02
1.388818025588989258e-02
1.411557849496603012e-02
1.386793237179517746e-02
1.392887439578771591e-02
1.392783969640731812e-02
1.398451440036296844e-02
1.395623944699764252e-02
1.389740314334630966e-02
1.392137445509433746e-02
1.384289003908634186e-02
1.392578333616256714e-02
1.394118368625640869e-02
1.392711326479911804e-02
1.395529042929410934e-02
1.411566883325576782e-02
1.394072547554969788e-02
1.393790356814861298e-02
1.386225875467061996e-02
1.395307853817939758e-02
1.392784155905246735e-02
1.401327364146709442e-02
1.397025212645530701e-02
1.391885988414287567e-02
1.393743325024843216e-02
1.391227170825004578e-02
1.396201085299253464e-02
1.395471021533012390e-02
1.398479845374822617e-02
1.397224422544240952e-02
1.392905600368976593e-02
1.386040728539228439e-02
1.394620258361101151e-02
1.391693577170372009e-02
1.389855705201625824e-02
1.401263009756803513e-02
1.404371857643127441e-02
1.388290338218212128e-02
1.398693490773439407e-02
1.394998375326395035e-02
1.394263375550508499e-02
1.392901968210935593e-02
1.390956155955791473e-02
1.392103917896747589e-02
1.397104281932115555e-02
1.390366442501544952e-02
1.406956650316715240e-02
1.408856175839900970e-02
1.409880444407463074e-02
1.392551511526107788e-02
1.393797155469655991e-02
1.394760701805353165e-02
1.399732846766710281e-02
1.391530781984329224e-02
1.399334147572517395e-02
1.399014703929424286e-02
1.396492216736078262e-02
1.387323252856731415e-02
1.396059244871139526e-02
1.394808106124401093e-02
1.398910582065582275e-02
1.400419510900974274e-02
1.391616649925708771e-02
1.387254055589437485e-02
1.396593451499938965e-02
1.391242723912000656e-02
1.395956054329872131e-02
1.394712831825017929e-02
1.394495181739330292e-02
1.396339200437068939e-02
1.391766872256994247e-02
1.394529640674591064e-02
1.398301310837268829e-02
1.392145175486803055e-02
1.388652902096509933e-02
1.402421109378337860e-02
1.419327035546302795e-02
1.389222033321857452e-02
1.400886382907629013e-02
1.388907898217439651e-02
1.389325503259897232e-02
1.389185711741447449e-02
1.388486754149198532e-02
1.396743394434452057e-02
1.384266279637813568e-02
1.396219804883003235e-02
1.395092904567718506e-02
1.394294481724500656e-02
1.404430903494358063e-02
1.397474948316812515e-02
1.387696713209152222e-02
1.385538931936025620e-02
1.397204585373401642e-02
1.387800555676221848e-02
1.391663588583469391e-02
1.395634654909372330e-02
1.392688322812318802e-02
1.386031601577997208e-02
1.408124156296253204e-02
1.387175731360912323e-02
1.390012633055448532e-02
1.389868650585412979e-02
1.393879577517509460e-02
1.393106207251548767e-02
1.389826182276010513e-02
1.388506125658750534e-02
1.394493784755468369e-02
1.392169483006000519e-02
1.393034867942333221e-02
1.393487397581338882e-02
1.388784870505332947e-02
1.398910395801067352e-02
1.397515274584293365e-02
1.391143817454576492e-02
1.391324680298566818e-02
1.395924761891365051e-02
1.387757342308759689e-02
1.398495677858591080e-02
1.393935270607471466e-02
1.396648772060871124e-02
1.406148821115493774e-02
1.395536120980978012e-02
1.399760693311691284e-02
1.388476695865392685e-02
1.395189855247735977e-02
1.387244462966918945e-02
1.391937211155891418e-02
1.396883092820644379e-02
1.395498681813478470e-02
1.385426986962556839e-02
1.392459869384765625e-02
1.394759956747293472e-02
1.392584200948476791e-02
1.392415072768926620e-02
1.391470804810523987e-02
1.399289444088935852e-02
1.388007774949073792e-02
1.387339364737272263e-02
1.391929481178522110e-02
1.386149320751428604e-02
1.386524923145771027e-02
1.393348164856433868e-02
1.394183561205863953e-02
1.401598565280437469e-02
1.388732716441154480e-02
1.389633025974035263e-02
1.392267271876335144e-02
1.399480737745761871e-02
1.396723836660385132e-02
1.391039974987506866e-02
1.387872360646724701e-02
1.389784086495637894e-02
1.399835757911205292e-02
1.396528072655200958e-02
1.393390819430351257e-02
1.395345851778984070e-02
1.395730953663587570e-02
1.391675416380167007e-02
1.386056281626224518e-02
1.390541158616542816e-02
1.388628594577312469e-02
1.402429491281509399e-02
1.390710007399320602e-02
1.391525566577911377e-02
1.390888728201389313e-02
1.385525427758693695e-02
1.392422616481781006e-02
1.386843528598546982e-02
1.396772358566522598e-02
1.394821889698505402e-02
1.394266355782747269e-02
1.391053851693868637e-02
1.392575819045305252e-02
1.388121861964464188e-02
1.387134939432144165e-02
1.394967921078205109e-02
1.395129878073930740e-02
1.387248840183019638e-02
1.391789503395557404e-02
1.393443066626787186e-02
1.421312335878610611e-02
1.400531921535730362e-02
1.392629090696573257e-02
1.390731707215309143e-02
1.391592342406511307e-02
1.390382554382085800e-02
1.389054674655199051e-02
1.390692777931690216e-02
1.388734113425016403e-02
1.393023505806922913e-02
1.385985780507326126e-02
1.390863675624132156e-02
1.399090234190225601e-02
1.392341312021017075e-02
1.390633080154657364e-02
1.390888635069131851e-02
1.387458574026823044e-02
1.389690954238176346e-02
1.392267737537622452e-02
1.401607319712638855e-02
1.393160317093133926e-02
1.401495747268199921e-02
1.392428483814001083e-02
1.393370330333709717e-02
1.395890023559331894e-02
1.392951980233192444e-02
1.398759521543979645e-02
1.385648455470800400e-02
1.387358829379081726e-02
1.392041519284248352e-02
1.391457580029964447e-02
1.403058599680662155e-02
1.395086199045181274e-02
1.390102598816156387e-02
1.393326185643672943e-02
1.387290842831134796e-02
1.398620568215847015e-02
1.396473869681358337e-02
1.384294219315052032e-02
1.389356236904859543e-02
1.386416330933570862e-02
1.396688632667064667e-02
1.389372255653142929e-02
1.393239106982946396e-02
1.388424634933471680e-02
1.392582617700099945e-02
1.392309740185737610e-02
1.393769960850477219e-02
1.392679568380117416e-02
1.391231454908847809e-02
1.399305090308189392e-02
1.396392378956079483e-02
1.387493219226598740e-02
1.393964514136314392e-02
1.392238680273294449e-02
1.390388049185276031e-02
1.384700369089841843e-02
1.393397711217403412e-02
1.388259418308734894e-02
1.388667337596416473e-02
1.387885957956314087e-02
1.393463369458913803e-02
1.400124840438365936e-02
1.396561414003372192e-02
1.391157042235136032e-02
1.393896806985139847e-02
1.400094199925661087e-02
1.391987316310405731e-02
1.397045236080884933e-02
1.395730674266815186e-02
1.383924763649702072e-02
1.392067596316337585e-02
1.391776185482740402e-02
1.396546047180891037e-02
1.390273962169885635e-02
1.397928129881620407e-02
1.388299651443958282e-02
1.404208503663539886e-02
1.402785349637269974e-02
1.398157887160778046e-02
1.386355888098478317e-02
1.396072097122669220e-02
1.391409616917371750e-02
1.392270065844058990e-02
1.393996551632881165e-02
1.385348848998546600e-02
1.393575035035610199e-02
1.391896884888410568e-02
1.399229001253843307e-02
1.399995759129524231e-02
1.390061713755130768e-02
1.391609292477369308e-02
1.391927618533372879e-02
1.396678667515516281e-02
1.387804746627807617e-02
1.391547452658414841e-02
1.391155645251274109e-02
1.392342615872621536e-02
1.387454476207494736e-02
1.390785071998834610e-02
1.388713158667087555e-02
1.388530898839235306e-02
1.386303454637527466e-02
1.394017785787582397e-02
1.401773281395435333e-02
1.392347272485494614e-02
1.394274644553661346e-02
1.390330400317907333e-02
1.390654034912586212e-02
1.396801695227622986e-02
1.394829899072647095e-02
1.386958826333284378e-02
1.394690852612257004e-02
1.395764853805303574e-02
1.395522523671388626e-02
1.394210662692785263e-02
1.389150321483612061e-02
1.391161791980266571e-02
1.393910218030214310e-02
1.392168644815683365e-02
1.391786150634288788e-02
1.387014705687761307e-02
1.394307427108287811e-02
1.392441708594560623e-02
1.387703511863946915e-02
1.390985678881406784e-02
1.391805522143840790e-02
1.391335763037204742e-02
1.392422802746295929e-02
1.392002683132886887e-02
1.389828976243734360e-02
1.393403671681880951e-02
1.392815820872783661e-02
1.393943559378385544e-02
1.391017343848943710e-02
1.383037865161895752e-02
1.390019711107015610e-02
1.397925801575183868e-02
1.397369150072336197e-02
1.396166253834962845e-02
1.394133456051349640e-02
1.401077676564455032e-02
1.388348266482353210e-02
1.395340915769338608e-02
1.388715580105781555e-02
1.391248684376478195e-02
1.387227885425090790e-02
1.400515157729387283e-02
1.398029457777738571e-02
1.389327552169561386e-02
1.386433839797973633e-02
1.388699654489755630e-02
1.386330183595418930e-02
1.390325184911489487e-02
1.390710845589637756e-02
1.394583471119403839e-02
1.386550161987543106e-02
1.389355212450027466e-02
1.391837839037179947e-02
1.392025779932737350e-02
1.393559854477643967e-02
1.390823256224393845e-02
1.396451145410537720e-02
1.388934627175331116e-02
1.387555245310068130e-02
1.389135234057903290e-02
1.391605846583843231e-02
1.387306954711675644e-02
1.391894090920686722e-02
1.391901541501283646e-02
1.391870621591806412e-02
1.393095124512910843e-02
1.389512885361909866e-02
1.391124725341796875e-02
1.389135234057903290e-02
1.385224051773548126e-02
1.393246836960315704e-02
1.392126735299825668e-02
1.390301063656806946e-02
1.388968061655759811e-02
1.386294234544038773e-02
1.391989365220069885e-02
1.398491673171520233e-02
1.391173154115676880e-02
1.389723457396030426e-02
1.385829504579305649e-02
1.397737953811883926e-02
1.397483609616756439e-02
1.390982419252395630e-02
1.392152532935142517e-02
1.388593763113021851e-02
1.392593514174222946e-02
1.394363865256309509e-02
1.395982038229703903e-02
1.393728889524936676e-02
1.388479676097631454e-02
1.390187349170446396e-02
1.391102559864521027e-02
1.392619498074054718e-02
1.390718668699264526e-02
1.388954650610685349e-02
1.395611185580492020e-02
1.394351571798324585e-02
1.388908084481954575e-02
1.389451324939727783e-02
1.394413504749536514e-02
1.393578760325908661e-02
1.386324502527713776e-02
1.395000610500574112e-02
1.387049723416566849e-02
1.391910109668970108e-02
1.386846415698528290e-02
1.395400986075401306e-02
1.395573746412992477e-02
1.383687276393175125e-02
1.388527639210224152e-02
1.393649820238351822e-02
1.389955356717109680e-02
1.392481755465269089e-02
1.383780036121606827e-02
1.393847633153200150e-02
1.396954711526632309e-02
1.394375972449779510e-02
1.394865568727254868e-02
1.387162972241640091e-02
1.387112680822610855e-02
1.389724854379892349e-02
1.389083545655012131e-02
1.391030475497245789e-02
1.392106432467699051e-02
1.387933269143104553e-02
1.391356065869331360e-02
1.386150531470775604e-02
1.390746980905532837e-02
1.387978252023458481e-02
1.392573397606611252e-02
1.390741113573312759e-02
1.389100123196840286e-02
1.381812524050474167e-02
1.388511620461940765e-02
1.390436105430126190e-02
1.390303950756788254e-02
1.388140954077243805e-02
1.388741936534643173e-02
1.395804528146982193e-02
1.395439635962247849e-02
1.389189343899488449e-02
1.385015714913606644e-02
1.389325037598609924e-02
1.389018911868333817e-02
1.391111221164464951e-02
1.388914976269006729e-02
1.390301529318094254e-02
1.387973316013813019e-02
1.386281009763479233e-02
1.389096211642026901e-02
1.388278137892484665e-02
1.389655750244855881e-02
1.393530145287513733e-02
1.389935240149497986e-02
1.392441429197788239e-02
1.381389517337083817e-02
1.387216802686452866e-02
1.380262989550828934e-02
1.400833018124103546e-02
1.390684023499488831e-02
1.395818777382373810e-02
1.393099781125783920e-02
1.389512047171592712e-02
1.391208078712224960e-02
1.388621609658002853e-02
1.390711404383182526e-02
1.392021775245666504e-02
1.391173340380191803e-02
1.388176530599594116e-02
1.394957583397626877e-02
1.391701586544513702e-02
1.387405674904584885e-02
1.387700438499450684e-02
1.387815922498703003e-02
1.396198850125074387e-02
1.388681493699550629e-02
1.396824792027473450e-02
1.395463664084672928e-02
1.391108892858028412e-02
1.389461010694503784e-02
1.390861999243497849e-02
1.383828837424516678e-02
1.395168900489807129e-02
1.388494763523340225e-02
1.389067433774471283e-02
1.388109289109706879e-02
1.393799018114805222e-02
1.394038181751966476e-02
1.381846051663160324e-02
1.383930630981922150e-02
1.391993649303913116e-02
1.384711451828479767e-02
1.392206363379955292e-02
1.386263128370046616e-02
1.384428702294826508e-02
1.384209003299474716e-02
1.389435492455959320e-02
1.388344634324312210e-02
1.389687135815620422e-02
1.388692855834960938e-02
1.391191780567169189e-02
1.389128807932138443e-02
1.392169948667287827e-02
1.390643604099750519e-02
1.390052493661642075e-02
1.394982170313596725e-02
1.385227311402559280e-02
1.384018640965223312e-02
1.389361638575792313e-02
1.391895208507776260e-02
1.392445433884859085e-02
1.387953944504261017e-02
1.388257835060358047e-02
1.386733818799257278e-02
1.386174652725458145e-02
1.382123585790395737e-02
1.389329228550195694e-02
1.400493644177913666e-02
1.392343267798423767e-02
1.384284533560276031e-02
1.386131439357995987e-02
1.390899345278739929e-02
1.386856101453304291e-02
1.392391603440046310e-02
1.394110452383756638e-02
1.394091732800006866e-02
1.390758156776428223e-02
1.398138422518968582e-02
1.390825212001800537e-02
1.388712506741285324e-02
1.387385558336973190e-02
1.387529354542493820e-02
1.397599559277296066e-02
1.392887067049741745e-02
1.397605706006288528e-02
1.394306961447000504e-02
1.389765087515115738e-02
1.383691467344760895e-02
1.388799306005239487e-02
1.390745118260383606e-02
1.387607492506504059e-02
1.396364718675613403e-02
1.383225247263908386e-02
1.392342802137136459e-02
1.392839197069406509e-02
1.395682245492935181e-02
1.388343516737222672e-02
1.393334753811359406e-02
1.394611969590187073e-02
1.387939415872097015e-02
1.388625148683786392e-02
1.387206092476844788e-02
1.389519311487674713e-02
1.381873153150081635e-02
1.384709682315587997e-02
1.392847206443548203e-02
1.384293008595705032e-02
1.391405891627073288e-02
1.390202157199382782e-02
1.394266914576292038e-02
1.394433993846178055e-02
1.388251408934593201e-02
1.398739777505397797e-02
1.389382593333721161e-02
1.389199495315551758e-02
1.379609853029251099e-02
1.393963303416967392e-02
1.388113759458065033e-02
1.391188427805900574e-02
1.387166325002908707e-02
1.389502827078104019e-02
1.393190678209066391e-02
1.390986889600753784e-02
1.383982039988040924e-02
1.386946719139814377e-02
1.391959376633167267e-02
1.386334933340549469e-02
1.390824746340513229e-02
1.394962798804044724e-02
1.388937700539827347e-02
1.392703223973512650e-02
1.390717085450887680e-02
1.388762705028057098e-02
1.395394001156091690e-02
1.387835200875997543e-02
1.397285424172878265e-02
1.394954789429903030e-02
