7.390547543764114380e-02
1.447157096117734909e-02
1.407630182802677155e-02
1.400067377835512161e-02
1.396255474537611008e-02
1.400848943740129471e-02
1.396227162331342697e-02
1.401280425488948822e-02
1.401181798428297043e-02
1.398374605923891068e-02
1.400044374167919159e-02
1.401527784764766693e-02
1.400162745267152786e-02
1.403786707669496536e-02
1.399527024477720261e-02
1.400293037295341492e-02
1.401671767234802246e-02
1.399859786033630371e-02
1.396020501852035522e-02
1.402054727077484131e-02
1.393696758896112442e-02
1.395619567483663559e-02
1.401053275913000107e-02
1.395286619663238525e-02
1.398121286183595657e-02
1.402410678565502167e-02
1.400152593851089478e-02
1.401120331138372421e-02
1.395329926162958145e-02
1.401847414672374725e-02
1.394428778439760208e-02
1.400380581617355347e-02
1.396217662841081619e-02
1.393788121640682220e-02
1.396676059812307358e-02
1.396951079368591309e-02
1.396460644900798798e-02
1.399363856762647629e-02
1.399510260671377182e-02
1.399577315896749496e-02
1.400585472583770752e-02
1.397781074047088623e-02
1.394290011376142502e-02
1.399639528244733810e-02
1.397397089749574661e-02
1.395553443580865860e-02
1.394971832633018494e-02
1.395818311721086502e-02
1.398659963160753250e-02
1.398309320211410522e-02
1.397822145372629166e-02
1.390785071998834610e-02
1.397984381765127182e-02
1.398097351193428040e-02
1.396308746188879013e-02
1.401147246360778809e-02
1.394546404480934143e-02
1.395664643496274948e-02
1.395977381616830826e-02
1.392958406358957291e-02
1.398235093802213669e-02
1.399428118020296097e-02
1.393137592822313309e-02
1.393591053783893585e-02
1.399445347487926483e-02
1.399932522326707840e-02
1.394038088619709015e-02
1.398316770792007446e-02
1.399553939700126648e-02
1.396893523633480072e-02
1.397402398288249969e-02
1.396905258297920227e-02
1.395369227975606918e-02
1.399786118417978287e-02
1.398135442286729813e-02
1.387535873800516129e-02
1.398149784654378891e-02
1.394045166671276093e-02
1.395109575241804123e-02
1.397491898387670517e-02
1.397169753909111023e-02
1.395875401794910431e-02
1.397163327783346176e-02
1.398413907736539841e-02
1.398407574743032455e-02
1.398621220141649246e-02
1.397836301475763321e-02
1.395741291344165802e-02
1.397949364036321640e-02
1.397470850497484207e-02
1.395874656736850739e-02
1.393270492553710938e-02
1.399047020822763443e-02
1.401010900735855103e-02
1.396081876009702682e-02
1.399457640945911407e-02
1.398336701095104218e-02
1.396424695849418640e-02
1.398712769150733948e-02
1.395736634731292725e-02
1.395025290548801422e-02
1.400051079690456390e-02
1.396186277270317078e-02
1.397646963596343994e-02
1.397790946066379547e-02
1.393192633986473083e-02
1.397348567843437195e-02
1.392742246389389038e-02
1.403399091213941574e-02
1.400031149387359619e-02
1.395788323134183884e-02
1.400186773389577866e-02
1.397908106446266174e-02
1.398061588406562805e-02
1.396206300705671310e-02
1.391300186514854431e-02
1.399251259863376617e-02
1.396463718265295029e-02
1.398104056715965271e-02
1.395835913717746735e-02
1.395156327635049820e-02
1.400687173008918762e-02
1.393740903586149216e-02
1.400058157742023468e-02
1.397709548473358154e-02
1.400389242917299271e-02
1.395206805318593979e-02
1.396455895155668259e-02
1.396876294165849686e-02
1.401533931493759155e-02
1.396991685032844543e-02
1.403877977281808853e-02
1.397398393601179123e-02
1.390902604907751083e-02
1.396174915134906769e-02
1.395048294216394424e-02
1.394177135080099106e-02
1.396207790821790695e-02
1.395576260983943939e-02
1.400585193186998367e-02
1.395505294203758240e-02
1.393593195825815201e-02
1.399300154298543930e-02
1.397157181054353714e-02
1.398886088281869888e-02
1.395091973245143890e-02
1.396057195961475372e-02
1.396583113819360733e-02
1.397700421512126923e-02
1.398633979260921478e-02
1.398396305739879608e-02
1.391250733286142349e-02
1.398994401097297668e-02
1.395241823047399521e-02
1.399518921971321106e-02
1.389786507934331894e-02
1.397925615310668945e-02
1.398122496902942657e-02
1.398668903857469559e-02
1.397391594946384430e-02
1.399520412087440491e-02
1.395070925354957581e-02
1.398665830492973328e-02
1.397663820534944534e-02
1.393929496407508850e-02
1.397172547876834869e-02
1.400719024240970612e-02
1.397347170859575272e-02
1.395219843834638596e-02
1.392677798867225647e-02
1.398659963160753250e-02
1.394541002810001373e-02
1.390333194285631180e-02
1.392638590186834335e-02
1.395727600902318954e-02
1.399972662329673767e-02
1.395683642476797104e-02
1.400430407375097275e-02
1.388668082654476166e-02
1.399552263319492340e-02
1.392520777881145477e-02
1.393079757690429688e-02
1.398802269250154495e-02
1.392158120870590210e-02
1.390351913869380951e-02
1.396228466182947159e-02
1.396541111171245575e-02
1.397642586380243301e-02
1.396492496132850647e-02
1.394833251833915710e-02
1.396827679127454758e-02
1.396199315786361694e-02
1.399595662951469421e-02
1.401348132640123367e-02
1.390740461647510529e-02
1.395321544259786606e-02
1.396742649376392365e-02
1.399215683341026306e-02
1.397878583520650864e-02
1.389588043093681335e-02
1.393804233521223068e-02
1.392155420035123825e-02
1.395653933286666870e-02
1.395099423825740814e-02
1.394355949014425278e-02
1.394156459718942642e-02
1.399965584278106689e-02
1.395100820809602737e-02
1.401122286915779114e-02
1.398770697414875031e-02
1.399296522140502930e-02
1.400258950889110565e-02
1.391723658889532089e-02
1.397281140089035034e-02
1.396423764526844025e-02
1.400236319750547409e-02
1.399873569607734680e-02
1.394486892968416214e-02
1.395084895193576813e-02
1.398349553346633911e-02
1.397490687668323517e-02
1.392801199108362198e-02
1.397927012294530869e-02
1.394392736256122589e-02
1.398578193038702011e-02
1.393804233521223068e-02
1.398785505443811417e-02
1.397051196545362473e-02
1.395003404468297958e-02
1.393275614827871323e-02
1.395678706467151642e-02
1.395001262426376343e-02
1.397307310253381729e-02
1.393167395144701004e-02
1.395890023559331894e-02
1.395231392234563828e-02
1.399725954979658127e-02
1.396477036178112030e-02
1.396232377737760544e-02
1.390831265598535538e-02
1.397501397877931595e-02
1.400951296091079712e-02
1.396621391177177429e-02
1.396682765334844589e-02
1.396309025585651398e-02
1.389642804861068726e-02
1.398519705981016159e-02
1.396052725613117218e-02
1.396540366113185883e-02
1.394584868103265762e-02
1.396805513650178909e-02
1.397680491209030151e-02
1.396355498582124710e-02
1.394733879715204239e-02
1.394848525524139404e-02
1.393234077841043472e-02
1.398980431258678436e-02
1.390537712723016739e-02
1.394222304224967957e-02
1.395986601710319519e-02
1.396528631448745728e-02
1.397805381566286087e-02
1.397389732301235199e-02
1.399976853281259537e-02
1.393905282020568848e-02
1.394549757242202759e-02
1.394216436892747879e-02
1.390486955642700195e-02
1.394210942089557648e-02
1.398322172462940216e-02
1.399373728781938553e-02
1.395940314978361130e-02
1.396911684423685074e-02
1.392702944576740265e-02
1.391461770981550217e-02
1.397108100354671478e-02
1.391840633004903793e-02
1.394654531031847000e-02
1.397261302918195724e-02
1.396860647946596146e-02
1.398041471838951111e-02
1.397866569459438324e-02
1.390546653419733047e-02
1.397792715579271317e-02
1.392432209104299545e-02
1.390336826443672180e-02
1.391941495239734650e-02
1.394361071288585663e-02
1.394697930663824081e-02
1.399264670908451080e-02
1.397352665662765503e-02
1.395500544458627701e-02
1.390953082591295242e-02
1.393581554293632507e-02
1.393628306686878204e-02
1.397526636719703674e-02
1.400053314864635468e-02
1.399718597531318665e-02
1.393020339310169220e-02
1.396334078162908554e-02
1.392406225204467773e-02
1.394491549581289291e-02
1.395992469042539597e-02
1.395014673471450806e-02
1.393387280404567719e-02
1.393154170364141464e-02
1.395576260983943939e-02
1.398896239697933197e-02
1.391947828233242035e-02
1.397049799561500549e-02
1.391268987208604813e-02
1.398826390504837036e-02
1.395263057202100754e-02
1.393411587923765182e-02
1.395484525710344315e-02
1.398752443492412567e-02
1.399518270045518875e-02
1.396034471690654755e-02
1.388806384056806564e-02
1.395396143198013306e-02
1.393198221921920776e-02
1.398724876344203949e-02
1.400739327073097229e-02
1.394480094313621521e-02
1.397219020873308182e-02
1.395323034375905991e-02
1.400007121264934540e-02
1.396624930202960968e-02
1.394937839359045029e-02
1.392989326268434525e-02
1.395217794924974442e-02
1.394638884812593460e-02
1.396640669554471970e-02
1.396663114428520203e-02
1.394357997924089432e-02
1.396268885582685471e-02
1.399104017764329910e-02
1.395845133811235428e-02
1.394863147288560867e-02
1.394593156874179840e-02
1.395465154200792313e-02
1.399206370115280151e-02
1.396691147238016129e-02
1.397565752267837524e-02
1.395782083272933960e-02
1.394096482545137405e-02
1.398428343236446381e-02
1.390499621629714966e-02
1.393296290189027786e-02
1.391695067286491394e-02
1.402926910668611526e-02
1.396681088954210281e-02
1.391331944614648819e-02
1.394653599709272385e-02
1.397055946290493011e-02
1.391534507274627686e-02
1.395615469664335251e-02
1.395829115062952042e-02
1.397699583321809769e-02
1.396556198596954346e-02
1.395743899047374725e-02
1.397517416626214981e-02
1.395956147462129593e-02
1.391860283911228180e-02
1.397389173507690430e-02
1.389455143362283707e-02
1.395079586654901505e-02
1.391750480979681015e-02
1.397950854152441025e-02
1.396840624511241913e-02
1.392699684947729111e-02
1.399158500134944916e-02
1.399938482791185379e-02
1.392600499093532562e-02
1.396718155592679977e-02
1.399132516235113144e-02
1.393194682896137238e-02
1.397128682583570480e-02
1.397801097482442856e-02
1.395268272608518600e-02
1.392677053809165955e-02
1.398168690502643585e-02
1.395495608448982239e-02
1.392487995326519012e-02
1.397957652807235718e-02
1.395668555051088333e-02
1.396262552589178085e-02
1.398018561303615570e-02
1.396546792238950729e-02
1.393705513328313828e-02
1.398411113768815994e-02
1.393321249634027481e-02
1.395410299301147461e-02
1.391980890184640884e-02
1.399344485253095627e-02
1.393060106784105301e-02
1.401652675122022629e-02
1.396931987255811691e-02
1.394657045602798462e-02
1.396624185144901276e-02
1.393656618893146515e-02
1.400339975953102112e-02
1.397458929568529129e-02
1.397303026169538498e-02
1.396471448242664337e-02
1.396541949361562729e-02
1.394510921090841293e-02
1.398251485079526901e-02
1.394395716488361359e-02
1.392631419003009796e-02
1.393968518823385239e-02
1.400333177298307419e-02
1.397698651999235153e-02
1.395370997488498688e-02
1.393527630716562271e-02
1.394077111035585403e-02
1.395825762301683426e-02
1.397415902465581894e-02
1.396339200437068939e-02
1.394523773342370987e-02
1.397345773875713348e-02
1.399071142077445984e-02
1.390950568020343781e-02
1.394138671457767487e-02
1.396243833005428314e-02
1.396844629198312759e-02
1.395178586244583130e-02
1.389312278479337692e-02
1.397173758596181870e-02
1.398202497512102127e-02
1.395783387124538422e-02
1.400459371507167816e-02
1.398231741040945053e-02
1.390519924461841583e-02
1.392417401075363159e-02
1.400784868746995926e-02
1.393347978591918945e-02
1.396737527102231979e-02
1.398270484060049057e-02
1.395515911281108856e-02
1.394108776003122330e-02
1.399046089500188828e-02
1.395700778812170029e-02
1.392465084791183472e-02
1.396165508776903152e-02
1.395663898438215256e-02
1.398155279457569122e-02
1.394081767648458481e-02
1.394724380224943161e-02
1.390035729855298996e-02
1.392087619751691818e-02
1.393759157508611679e-02
1.394751761108636856e-02
1.395229250192642212e-02
1.396429352462291718e-02
1.394944544881582260e-02
1.397635694593191147e-02
1.395890023559331894e-02
1.402548979967832565e-02
1.397560816258192062e-02
1.394495926797389984e-02
1.396139524877071381e-02
1.396465487778186798e-02
1.397349312901496887e-02
1.393069140613079071e-02
1.396015658974647522e-02
1.396351587027311325e-02
1.390290446579456329e-02
1.400009915232658386e-02
1.396630797535181046e-02
1.394570246338844299e-02
1.394882984459400177e-02
1.397896092385053635e-02
1.396005041897296906e-02
1.399042084813117981e-02
1.397227030247449875e-02
1.394832227379083633e-02
1.387953013181686401e-02
1.390359364449977875e-02
1.395046897232532501e-02
1.398272067308425903e-02
1.394718512892723083e-02
1.396348979324102402e-02
1.395860780030488968e-02
1.396035496145486832e-02
1.390800438821315765e-02
1.392836123704910278e-02
1.391974743455648422e-02
1.397040765732526779e-02
1.395003404468297958e-02
1.400015782564878464e-02
1.392470020800828934e-02
1.398060098290443420e-02
1.395962666720151901e-02
1.396087557077407837e-02
1.395646668970584869e-02
1.394822541624307632e-02
1.399170327931642532e-02
1.394124049693346024e-02
1.391097065061330795e-02
1.395453792065382004e-02
1.395728066563606262e-02
1.400859002023935318e-02
1.396956108510494232e-02
1.396289933472871780e-02
1.396085228770971298e-02
1.394439674913883209e-02
1.396342553198337555e-02
1.396670937538146973e-02
1.394513621926307678e-02
1.393927633762359619e-02
1.394882984459400177e-02
1.395582221448421478e-02
1.399106532335281372e-02
1.394819468259811401e-02
1.390994247049093246e-02
1.395365223288536072e-02
1.396778598427772522e-02
1.398926973342895508e-02
1.396960858255624771e-02
1.396159548312425613e-02
1.400797162204980850e-02
1.393661927431821823e-02
1.396368071436882019e-02
1.401172578334808350e-02
1.393941137939691544e-02
1.396566815674304962e-02
1.388981379568576813e-02
1.395295374095439911e-02
1.394090335816144943e-02
1.393742393702268600e-02
1.398071460425853729e-02
1.397870574146509171e-02
1.392260193824768066e-02
1.394553203135728836e-02
1.389939989894628525e-02
1.392801385372877121e-02
1.399642601609230042e-02
1.394349336624145508e-02
1.397857069969177246e-02
1.396407745778560638e-02
1.395063381642103195e-02
1.398218516260385513e-02
1.397950854152441025e-02
1.396994479000568390e-02
1.389528065919876099e-02
1.393845118582248688e-02
1.393755059689283371e-02
1.396206580102443695e-02
1.394548453390598297e-02
1.397701073437929153e-02
1.400060206651687622e-02
1.391616370528936386e-02
1.398208085447549820e-02
1.396878343075513840e-02
1.397890597581863403e-02
1.394271571189165115e-02
1.396087091416120529e-02
1.394303701817989349e-02
1.397621259093284607e-02
1.395725458860397339e-02
1.393761206418275833e-02
1.391703356057405472e-02
1.397353131324052811e-02
1.388822402805089951e-02
1.394156925380229950e-02
1.395210716873407364e-02
1.397468242794275284e-02
1.398389879614114761e-02
1.397531572729349136e-02
1.397904753684997559e-02
1.396448351442813873e-02
1.397371571511030197e-02
1.396148744970560074e-02
1.400558371096849442e-02
1.395703013986349106e-02
1.399402320384979248e-02
1.395207084715366364e-02
1.394783146679401398e-02
1.397606451064348221e-02
1.399797480553388596e-02
1.394581794738769531e-02
1.389745902270078659e-02
1.395713631063699722e-02
1.394869759678840637e-02
1.395246479660272598e-02
1.393042504787445068e-02
1.398503966629505157e-02
1.396877225488424301e-02
1.401006337255239487e-02
1.401190273463726044e-02
1.397052127867937088e-02
1.395578030496835709e-02
1.395623572170734406e-02
1.388477534055709839e-02
1.399027742445468903e-02
1.400004792958498001e-02
1.394478883594274521e-02
1.397407893091440201e-02
1.392843015491962433e-02
1.391487568616867065e-02
1.392441242933273315e-02
1.391308382153511047e-02
1.393152680248022079e-02
1.396985072642564774e-02
1.398854982107877731e-02
1.389508135616779327e-02
1.397654041647911072e-02
1.399413403123617172e-02
1.394876651465892792e-02
1.393617037683725357e-02
1.395623292773962021e-02
1.393306069076061249e-02
1.395424827933311462e-02
1.397983450442552567e-02
1.393313426524400711e-02
1.396804023534059525e-02
1.396049186587333679e-02
1.395512279123067856e-02
1.397261116653680801e-02
1.395069248974323273e-02
1.396386697888374329e-02
1.396986562758684158e-02
1.394809130579233170e-02
1.393407117575407028e-02
1.394471991807222366e-02
1.394656114280223846e-02
1.398390531539916992e-02
1.396295987069606781e-02
1.397809386253356934e-02
1.392438821494579315e-02
1.397637370973825455e-02
1.392705086618661880e-02
1.393100526183843613e-02
1.394877582788467407e-02
1.396904606372117996e-02
1.394109148532152176e-02
1.391008123755455017e-02
1.394962798804044724e-02
1.396937202662229538e-02
1.396706141531467438e-02
1.389663107693195343e-02
1.396272424608469009e-02
1.395757403224706650e-02
1.394180301576852798e-02
1.396828144788742065e-02
1.398188248276710510e-02
1.392416935414075851e-02
1.396652963012456894e-02
1.393703650683164597e-02
1.396055240184068680e-02
1.391001045703887939e-02
1.398332323879003525e-02
1.393155287951231003e-02
1.390799880027770996e-02
1.398174837231636047e-02
1.395126152783632278e-02
1.398196257650852203e-02
1.395451929420232773e-02
1.396876480430364609e-02
1.395103428512811661e-02
1.396231818944215775e-02
1.396852638572454453e-02
1.394527778029441833e-02
1.397697720676660538e-02
1.392817962914705276e-02
1.394660118967294693e-02
1.394570712000131607e-02
1.393868494778871536e-02
1.396022271364927292e-02
1.392729952931404114e-02
1.396061386913061142e-02
1.393307279795408249e-02
1.391744799911975861e-02
1.391258276998996735e-02
1.397600211203098297e-02
1.400000322610139847e-02
1.394296810030937195e-02
1.393948495388031006e-02
1.393228303641080856e-02
1.397229824215173721e-02
1.390775572508573532e-02
1.393201854079961777e-02
1.394422166049480438e-02
1.396086905151605606e-02
1.394949853420257568e-02
1.397161651402711868e-02
1.396872010082006454e-02
1.395648252218961716e-02
1.398740615695714951e-02
1.392979733645915985e-02
1.392897311598062515e-02
1.396935526281595230e-02
1.395499333739280701e-02
1.396022271364927292e-02
1.391608640551567078e-02
1.395577285438776016e-02
1.392211951315402985e-02
1.393679529428482056e-02
1.393245533108711243e-02
1.396846119314432144e-02
1.394396461546421051e-02
1.397878304123878479e-02
1.394809596240520477e-02
1.395469903945922852e-02
1.395235210657119751e-02
1.390560809522867203e-02
1.390874199569225311e-02
1.396188698709011078e-02
1.393816433846950531e-02
1.397663727402687073e-02
1.395470090210437775e-02
1.386737823486328125e-02
1.388523634523153305e-02
1.395045407116413116e-02
1.395171880722045898e-02
1.394183561205863953e-02
1.394939236342906952e-02
1.396762486547231674e-02
1.396027579903602600e-02
1.398183032870292664e-02
1.396235823631286621e-02
1.396460551768541336e-02
1.392917800694704056e-02
1.396117825061082840e-02
1.398392021656036377e-02
1.389649882912635803e-02
1.393112819641828537e-02
1.394727453589439392e-02
1.398714166134595871e-02
1.395131368190050125e-02
1.392494980245828629e-02
1.395022775977849960e-02
1.392082124948501587e-02
1.389833260327577591e-02
1.387669518589973450e-02
1.392972096800804138e-02
1.391252689063549042e-02
1.389142591506242752e-02
1.397144608199596405e-02
1.391072757542133331e-02
1.394823472946882248e-02
1.392867788672447205e-02
1.398682408034801483e-02
1.390073075890541077e-02
1.391949038952589035e-02
1.396284904330968857e-02
1.392752118408679962e-02
1.395977381616830826e-02
1.393297407776117325e-02
1.390603557229042053e-02
1.394617930054664612e-02
1.392667181789875031e-02
1.393603999167680740e-02
1.396580971777439117e-02
1.394932996481657028e-02
1.395427342504262924e-02
1.396565884351730347e-02
1.392497681081295013e-02
1.392246037721633911e-02
1.397342700511217117e-02
1.390292122960090637e-02
1.396835222840309143e-02
1.396688912063837051e-02
1.390063669532537460e-02
1.394830364733934402e-02
1.393144950270652771e-02
1.398364920169115067e-02
1.396684069186449051e-02
1.392757054418325424e-02
1.398974657058715820e-02
1.390902791172266006e-02
1.390634849667549133e-02
1.394078228622674942e-02
1.393473800271749496e-02
1.392428204417228699e-02
1.393027137964963913e-02
1.396872475743293762e-02
1.396166626363992691e-02
1.391574647277593613e-02
1.394443400204181671e-02
1.393412891775369644e-02
1.398178655654191971e-02
1.392910722643136978e-02
1.393587328493595123e-02
1.396804023534059525e-02
1.388752833008766174e-02
1.394017878919839859e-02
1.395332999527454376e-02
1.391753368079662323e-02
1.396748796105384827e-02
1.395962014794349670e-02
1.391943078488111496e-02
1.395860686898231506e-02
1.396305207163095474e-02
1.393761765211820602e-02
1.393757760524749756e-02
1.390356291085481644e-02
1.396878343075513840e-02
1.393921114504337311e-02
1.396766491234302521e-02
1.393757294863462448e-02
1.395347621291875839e-02
1.396143343299627304e-02
1.396576035767793655e-02
1.394753623753786087e-02
1.397025492042303085e-02
1.394149754196405411e-02
1.394354924559593201e-02
1.400605775415897369e-02
1.394915767014026642e-02
1.393586862832307816e-02
1.394530851393938065e-02
1.397127937525510788e-02
1.394455041736364365e-02
1.396577619016170502e-02
1.395531464368104935e-02
1.395238097757101059e-02
1.393654383718967438e-02
1.395676843822002411e-02
1.395227108150720596e-02
1.396626234054565430e-02
1.391219813376665115e-02
1.392835471779108047e-02
1.395061705261468887e-02
1.397001929581165314e-02
1.393636874854564667e-02
1.396429631859064102e-02
1.392876543104648590e-02
1.388032548129558563e-02
1.396264694631099701e-02
1.398008409887552261e-02
1.394291874021291733e-02
1.387979462742805481e-02
1.396654453128576279e-02
1.397364027798175812e-02
1.399152074009180069e-02
1.396774034947156906e-02
1.390167977660894394e-02
1.394367031753063202e-02
1.395061705261468887e-02
1.392546296119689941e-02
1.396193169057369232e-02
1.394158601760864258e-02
1.396519783884286880e-02
1.395799126476049423e-02
1.393354497849941254e-02
1.400921121239662170e-02
1.394180301576852798e-02
1.391168218106031418e-02
1.391648594290018082e-02
1.393796876072883606e-02
1.394129451364278793e-02
1.390997320413589478e-02
1.392004918307065964e-02
1.397318951785564423e-02
1.387451216578483582e-02
1.397415902465581894e-02
1.394113898277282715e-02
1.395188178867101669e-02
1.398921757936477661e-02
1.394480932503938675e-02
1.393021177500486374e-02
1.398037001490592957e-02
1.391769573092460632e-02
1.397124305367469788e-02
1.394414249807596207e-02
1.395695284008979797e-02
1.397734787315130234e-02
1.392784714698791504e-02
1.393225230276584625e-02
1.393559388816356659e-02
1.393371727317571640e-02
1.383419334888458252e-02
1.400072313845157623e-02
1.396147068589925766e-02
1.387638598680496216e-02
1.395027711987495422e-02
1.393898949027061462e-02
1.398163195699453354e-02
1.393899600952863693e-02
1.397527288645505905e-02
1.394359488040208817e-02
1.395055837929248810e-02
1.395358145236968994e-02
1.396044157445430756e-02
1.396921370178461075e-02
1.394758094102144241e-02
1.395788230001926422e-02
1.389642246067523956e-02
1.393548119813203812e-02
1.398166269063949585e-02
1.394607592374086380e-02
1.391876861453056335e-02
1.396512333303689957e-02
1.393584720790386200e-02
1.392751093953847885e-02
1.389618217945098877e-02
1.395544223487377167e-02
1.393750216811895370e-02
1.392823457717895508e-02
1.394732855260372162e-02
1.392247620970010757e-02
1.393246464431285858e-02
1.395386457443237305e-02
1.395426876842975616e-02
1.393519993871450424e-02
1.393651962280273438e-02
1.395686715841293335e-02
1.392943505197763443e-02
1.395794004201889038e-02
1.390445791184902191e-02
1.396965235471725464e-02
1.397906150668859482e-02
1.394675485789775848e-02
1.395303662866353989e-02
1.392438355833292007e-02
1.396031398326158524e-02
1.395452208817005157e-02
1.396470796316862106e-02
1.397550012916326523e-02
1.395528856664896011e-02
1.392365433275699615e-02
1.396892592310905457e-02
1.394092943519353867e-02
1.396718528121709824e-02
1.393647957593202591e-02
1.387156359851360321e-02
1.394584216177463531e-02
1.392362918704748154e-02
1.394848059862852097e-02
1.396358571946620941e-02
1.392284221947193146e-02
1.391818933188915253e-02
1.391903311014175415e-02
1.390503719449043274e-02
1.395385805517435074e-02
1.396587863564491272e-02
1.389782503247261047e-02
1.400621514767408371e-02
1.390515267848968506e-02
1.393566094338893890e-02
1.395516283810138702e-02
1.395204942673444748e-02
1.393272820860147476e-02
1.389869675040245056e-02
1.396059338003396988e-02
1.392917055636644363e-02
1.395144592970609665e-02
1.395332999527454376e-02
1.396947633475065231e-02
1.393992174416780472e-02
1.394934207201004028e-02
1.392340008169412613e-02
1.396143808960914612e-02
1.395273208618164062e-02
1.395412255078554153e-02
1.393515802919864655e-02
1.393741834908723831e-02
1.391606312245130539e-02
1.393241528421640396e-02
1.393157429993152618e-02
1.393345557153224945e-02
1.394197996705770493e-02
1.394091080874204636e-02
1.391890458762645721e-02
1.394121907651424408e-02
1.395894307643175125e-02
1.396112143993377686e-02
1.398255396634340286e-02
1.392705552279949188e-02
1.391926873475313187e-02
1.393663324415683746e-02
1.389501150697469711e-02
1.392955426126718521e-02
1.393710914999246597e-02
1.396698039025068283e-02
1.395277399569749832e-02
1.392494048923254013e-02
1.398393698036670685e-02
1.393952406942844391e-02
1.385679282248020172e-02
1.394894532859325409e-02
1.395365782082080841e-02
1.396953966468572617e-02
1.394137088209390640e-02
1.393752265721559525e-02
1.390683837234973907e-02
1.392676867544651031e-02
1.394381374120712280e-02
1.393482740968465805e-02
1.395219657570123672e-02
1.393326185643672943e-02
1.392821036279201508e-02
1.395229808986186981e-02
1.395806670188903809e-02
1.390862651169300079e-02
1.395547762513160706e-02
1.392302848398685455e-02
1.395014487206935883e-02
