5.756311416625976562e-01
5.066909193992614746e-01
4.424267709255218506e-01
3.829946815967559814e-01
3.303969502449035645e-01
2.846118509769439697e-01
2.452933043241500854e-01
2.119154930114746094e-01
1.830186396837234497e-01
1.583735495805740356e-01
1.373827904462814331e-01
1.193857491016387939e-01
1.041355356574058533e-01
9.096229076385498047e-02
7.988667488098144531e-02
7.033514231443405151e-02
6.207402050495147705e-02
5.525520816445350647e-02
4.920743778347969055e-02
4.429601132869720459e-02
4.004806280136108398e-02
3.639324381947517395e-02
3.327280655503273010e-02
3.058183193206787109e-02
2.838304638862609863e-02
2.646669186651706696e-02
2.482731081545352936e-02
2.348773926496505737e-02
2.227687463164329529e-02
2.126582898199558258e-02
2.054708264768123627e-02
1.964670047163963318e-02
1.921402104198932648e-02
1.859917119145393372e-02
1.822881959378719330e-02
1.780575513839721680e-02
1.747873984277248383e-02
1.712880656123161316e-02
1.696957089006900787e-02
1.684653200209140778e-02
1.660374179482460022e-02
1.639857701957225800e-02
1.636940985918045044e-02
1.622221060097217560e-02
1.616656035184860229e-02
1.597538031637668610e-02
1.597365178167819977e-02
1.591434702277183533e-02
1.584102585911750793e-02
1.586690731346607208e-02
1.579436659812927246e-02
1.576483063399791718e-02
1.575165987014770508e-02
1.567215099930763245e-02
1.566865667700767517e-02
1.560095511376857758e-02
1.572340726852416992e-02
1.562791876494884491e-02
1.559354551136493683e-02
1.558981835842132568e-02
1.560096442699432373e-02
1.550288964062929153e-02
1.544822286814451218e-02
1.552600879222154617e-02
1.547077856957912445e-02
1.545481197535991669e-02
1.544690411537885666e-02
1.537426654249429703e-02
1.541675627231597900e-02
1.540365256369113922e-02
1.543280668556690216e-02
1.539301872253417969e-02
1.541091594845056534e-02
1.539398171007633209e-02
1.541949529200792313e-02
1.547020208090543747e-02
1.533440593630075455e-02
1.524390280246734619e-02
1.532366685569286346e-02
1.528557017445564270e-02
1.526600960642099380e-02
1.526293624192476273e-02
1.528893131762742996e-02
1.528364326804876328e-02
1.524763461202383041e-02
1.527185458689928055e-02
1.537943817675113678e-02
1.510299742221832275e-02
1.527297403663396835e-02
1.531892549246549606e-02
1.516776811331510544e-02
1.516851037740707397e-02
1.522914227098226547e-02
1.512716989964246750e-02
1.510303374379873276e-02
1.517821941524744034e-02
1.517584268003702164e-02
1.503231003880500793e-02
1.510976627469062805e-02
1.506060920655727386e-02
1.514810789376497269e-02
1.514806877821683884e-02
1.506902929395437241e-02
1.509898994117975235e-02
1.497497409582138062e-02
1.502420380711555481e-02
1.514442171901464462e-02
1.505724713206291199e-02
1.504662446677684784e-02
1.499980781227350235e-02
1.499671023339033127e-02
1.512728538364171982e-02
1.493122987449169159e-02
1.502816937863826752e-02
1.501447893679141998e-02
1.506835594773292542e-02
1.495489757508039474e-02
1.500180456787347794e-02
1.497626490890979767e-02
1.500739157199859619e-02
1.494477316737174988e-02
1.485085487365722656e-02
1.500848960131406784e-02
1.482749450951814651e-02
1.498224027454853058e-02
1.496959850192070007e-02
1.492557488381862640e-02
1.486228499561548233e-02
1.483456045389175415e-02
1.496342848986387253e-02
1.485278178006410599e-02
1.482645794749259949e-02
1.475945115089416504e-02
1.493636704981327057e-02
1.489161513745784760e-02
1.481022685766220093e-02
1.475880201905965805e-02
1.482649613171815872e-02
1.480965316295623779e-02
1.476411707699298859e-02
1.480188034474849701e-02
1.471349503844976425e-02
1.482687331736087799e-02
1.472805347293615341e-02
1.467996090650558472e-02
1.477285474538803101e-02
1.479566935449838638e-02
1.477046590298414230e-02
1.477066613733768463e-02
1.471994724124670029e-02
1.470663957297801971e-02
1.471712626516819000e-02
1.475152932107448578e-02
1.474497746676206589e-02
1.471136137843132019e-02
1.471933536231517792e-02
1.469455845654010773e-02
1.465084962546825409e-02
1.470388937741518021e-02
1.469923462718725204e-02
1.468796283006668091e-02
1.463776081800460815e-02
1.468817796558141708e-02
1.463225577026605606e-02
1.476141996681690216e-02
1.461628638207912445e-02
1.468942221254110336e-02
1.457503717392683029e-02
1.471186801791191101e-02
1.464227680116891861e-02
1.461293920874595642e-02
1.458124071359634399e-02
1.456736586987972260e-02
1.463976874947547913e-02
1.458451990038156509e-02
1.460645161569118500e-02
1.456988882273435593e-02
1.463394518941640854e-02
1.465004496276378632e-02
1.458922680467367172e-02
1.457383576780557632e-02
1.460081804543733597e-02
1.455399766564369202e-02
1.459449995309114456e-02
1.464157272130250931e-02
1.456411462277173996e-02
1.453267224133014679e-02
1.462550275027751923e-02
1.457802858203649521e-02
1.455360185354948044e-02
1.455810293555259705e-02
1.452131848782300949e-02
1.454932335764169693e-02
1.456642802804708481e-02
1.448377221822738647e-02
1.447189040482044220e-02
1.450146734714508057e-02
1.446223724633455276e-02
1.451201923191547394e-02
1.449570152908563614e-02
1.450094208121299744e-02
1.452183909714221954e-02
1.450005546212196350e-02
1.453667040914297104e-02
1.452372781932353973e-02
1.447112672030925751e-02
1.449616532772779465e-02
1.440128218382596970e-02
1.445913966745138168e-02
1.446276344358921051e-02
1.447567436844110489e-02
1.443320419639348984e-02
1.443181838840246201e-02
1.447477005422115326e-02
1.449998840689659119e-02
1.444156095385551453e-02
1.442655455321073532e-02
1.447599008679389954e-02
1.443084701895713806e-02
1.443633437156677246e-02
1.446858514100313187e-02
1.438862923532724380e-02
1.443117950111627579e-02
1.439063344150781631e-02
1.429112348705530167e-02
1.438033487647771835e-02
1.442126929759979248e-02
1.433245558291673660e-02
1.440806221216917038e-02
1.444556005299091339e-02
1.438137795776128769e-02
1.435238961130380630e-02
1.441597193479537964e-02
1.439325697720050812e-02
1.437500212341547012e-02
1.438050903379917145e-02
1.438488345593214035e-02
1.429483853280544281e-02
1.438359729945659637e-02
1.437933184206485748e-02
1.433317270129919052e-02
1.434484776109457016e-02
1.432947535067796707e-02
1.430622488260269165e-02
1.435356121510267258e-02
1.439444627612829208e-02
1.432542968541383743e-02
1.431111712008714676e-02
1.433660741895437241e-02
1.433930825442075729e-02
1.433165185153484344e-02
1.432411745190620422e-02
1.423883158713579178e-02
1.432686764746904373e-02
1.428909320384263992e-02
1.431059837341308594e-02
1.437842193990945816e-02
1.431278698146343231e-02
1.433199644088745117e-02
1.424943376332521439e-02
1.427389774471521378e-02
1.429189275950193405e-02
1.428328827023506165e-02
1.423382293432950974e-02
1.432120986282825470e-02
1.430999580770730972e-02
1.423397380858659744e-02
1.424056943506002426e-02
1.431091409176588058e-02
1.427332963794469833e-02
1.416096091270446777e-02
1.421398017555475235e-02
1.420962158590555191e-02
1.427881792187690735e-02
1.429480314254760742e-02
1.424283254891633987e-02
1.420340687036514282e-02
1.424812152981758118e-02
1.425206568092107773e-02
1.423446275293827057e-02
1.422840822488069534e-02
1.421215478330850601e-02
1.423442550003528595e-02
1.420454215258359909e-02
1.421644911170005798e-02
1.421655807644128799e-02
1.417335681617259979e-02
1.431588549166917801e-02
1.423211675137281418e-02
1.414298731833696365e-02
1.419954467564821243e-02
1.418390776962041855e-02
1.419280562549829483e-02
1.422790065407752991e-02
1.418931875377893448e-02
1.421628147363662720e-02
1.419601123780012131e-02
1.421295572072267532e-02
1.420816034078598022e-02
1.415270194411277771e-02
1.421981025487184525e-02
1.418057270348072052e-02
1.415178552269935608e-02
1.420718431472778320e-02
1.421450916677713394e-02
1.420121826231479645e-02
1.421305630356073380e-02
1.416950952261686325e-02
1.418962515890598297e-02
1.417781319469213486e-02
1.420571375638246536e-02
1.419720798730850220e-02
1.419614069163799286e-02
1.414453610777854919e-02
1.422061771154403687e-02
1.417916547507047653e-02
1.419305056333541870e-02
1.418224163353443146e-02
1.420335192233324051e-02
1.420646160840988159e-02
1.417514123022556305e-02
1.409172546118497849e-02
1.409697812050580978e-02
1.416673045605421066e-02
1.413574814796447754e-02
1.416993141174316406e-02
1.414315029978752136e-02
1.418333034962415695e-02
1.412294898182153702e-02
1.417651306837797165e-02
1.412042789161205292e-02
1.419313810765743256e-02
1.412022206932306290e-02
1.413133647292852402e-02
1.415537856519222260e-02
1.409498788416385651e-02
1.413998752832412720e-02
1.415288355201482773e-02
1.410645246505737305e-02
1.410003006458282471e-02
1.409110985696315765e-02
1.406973879784345627e-02
1.413530949503183365e-02
1.413648482412099838e-02
1.409853994846343994e-02
1.412895228713750839e-02
1.414091233164072037e-02
1.407537423074245453e-02
1.410902850329875946e-02
1.413245499134063721e-02
1.410295721143484116e-02
1.414507906883955002e-02
1.412858068943023682e-02
1.416226010769605637e-02
1.407076139003038406e-02
1.412787474691867828e-02
1.409159321337938309e-02
1.408513914793729782e-02
1.409713365137577057e-02
1.414438337087631226e-02
1.410603057593107224e-02
1.407128013670444489e-02
1.402715593576431274e-02
1.408867351710796356e-02
1.408104784786701202e-02
1.408441271632909775e-02
1.411034818738698959e-02
1.413215789943933487e-02
1.407869998365640640e-02
1.412591896951198578e-02
1.406759116798639297e-02
1.412713620811700821e-02
1.412124000489711761e-02
1.407447829842567444e-02
1.406074780970811844e-02
1.402105204761028290e-02
1.410477235913276672e-02
1.412839256227016449e-02
1.407149992883205414e-02
1.408446207642555237e-02
1.407445780932903290e-02
1.402970124036073685e-02
1.407156605273485184e-02
1.405513193458318710e-02
1.405630446970462799e-02
1.401512883603572845e-02
1.407522056251764297e-02
1.408076100051403046e-02
1.400981750339269638e-02
1.407248619943857193e-02
1.403391268104314804e-02
1.402904745191335678e-02
1.407706644386053085e-02
1.402626000344753265e-02
1.407959498465061188e-02
1.411652285605669022e-02
1.402386371046304703e-02
1.403284072875976562e-02
1.403730176389217377e-02
1.410615071654319763e-02
1.405516266822814941e-02
1.404973585158586502e-02
1.409021671861410141e-02
1.401876658201217651e-02
1.402718946337699890e-02
1.398988068103790283e-02
1.408544369041919708e-02
1.401837728917598724e-02
1.406865846365690231e-02
1.398876588791608810e-02
1.404639054089784622e-02
1.406875997781753540e-02
1.399153098464012146e-02
1.408949214965105057e-02
1.401483453810214996e-02
1.409320719540119171e-02
1.399530563503503799e-02
1.406409312039613724e-02
1.400435063987970352e-02
1.405211072415113449e-02
1.404648181051015854e-02
1.401067525148391724e-02
1.403279136866331100e-02
1.405026204884052277e-02
1.402102317661046982e-02
1.401636842638254166e-02
1.400724798440933228e-02
1.403750758618116379e-02
1.400795299559831619e-02
1.405170001089572906e-02
1.406402606517076492e-02
1.401644200086593628e-02
1.400862168520689011e-02
1.406497042626142502e-02
1.396120712161064148e-02
1.403538137674331665e-02
1.397705543786287308e-02
1.406222023069858551e-02
1.404301449656486511e-02
1.406044792383909225e-02
1.396518200635910034e-02
1.399858202785253525e-02
1.404100656509399414e-02
1.401019282639026642e-02
1.406198646873235703e-02
1.401103194802999496e-02
1.406423188745975494e-02
1.402303297072649002e-02
1.396809890866279602e-02
1.402471773326396942e-02
1.402304600924253464e-02
1.406756695359945297e-02
1.400455925613641739e-02
1.401341985911130905e-02
1.400414761155843735e-02
1.398261636495590210e-02
1.400285400450229645e-02
1.405094936490058899e-02
1.401423756033182144e-02
1.398119609802961349e-02
1.401097886264324188e-02
1.402347907423973083e-02
1.401512976735830307e-02
1.397408824414014816e-02
1.396515127271413803e-02
1.399997249245643616e-02
1.401360612362623215e-02
1.403841841965913773e-02
1.397897675633430481e-02
1.399978250265121460e-02
1.396470796316862106e-02
1.403274573385715485e-02
1.401858776807785034e-02
1.400013267993927002e-02
1.400888059288263321e-02
1.399419363588094711e-02
1.397487893700599670e-02
1.398662012070417404e-02
1.396144926548004150e-02
1.398796308785676956e-02
1.396012585610151291e-02
1.400413177907466888e-02
1.400988455861806870e-02
1.400474086403846741e-02
1.394990645349025726e-02
1.401372440159320831e-02
1.396813895553350449e-02
1.400626357644796371e-02
1.399482320994138718e-02
1.393803581595420837e-02
1.399466302245855331e-02
1.398940850049257278e-02
1.396616175770759583e-02
1.400807593017816544e-02
1.400381699204444885e-02
1.394742541015148163e-02
1.396616082638502121e-02
1.394386868923902512e-02
1.399489212781190872e-02
1.399922091513872147e-02
1.397030428051948547e-02
1.395527459681034088e-02
1.397698465734720230e-02
1.395032647997140884e-02
1.401445642113685608e-02
1.399749610573053360e-02
1.392012368887662888e-02
1.396724022924900055e-02
1.398617867380380630e-02
1.397025492042303085e-02
1.398572418838739395e-02
1.400496903806924820e-02
1.395954284816980362e-02
1.396075822412967682e-02
1.393911335617303848e-02
1.396898459643125534e-02
1.397662051022052765e-02
1.392084825783967972e-02
1.401995029300451279e-02
1.398458052426576614e-02
1.398886367678642273e-02
1.395547762513160706e-02
1.397623401135206223e-02
1.399738900363445282e-02
1.395213231444358826e-02
1.397991459816694260e-02
1.394453179091215134e-02
1.395122427493333817e-02
1.397349033504724503e-02
1.400589477270841599e-02
1.397231034934520721e-02
1.395967509597539902e-02
1.396130863577127457e-02
1.396563462913036346e-02
1.397230196744203568e-02
1.396490819752216339e-02
1.394759956747293472e-02
1.397837232798337936e-02
1.398293580859899521e-02
1.398565247654914856e-02
1.400258764624595642e-02
1.396248862147331238e-02
1.398363150656223297e-02
1.399535499513149261e-02
1.397589407861232758e-02
1.393422111868858337e-02
1.399857923388481140e-02
1.398959010839462280e-02
1.390514709055423737e-02
1.397105492651462555e-02
1.397907827049493790e-02
1.395415328443050385e-02
1.395323034375905991e-02
1.392080541700124741e-02
1.396813895553350449e-02
1.396393310278654099e-02
1.396570168435573578e-02
1.393388584256172180e-02
1.393783930689096451e-02
1.397394947707653046e-02
1.395846810191869736e-02
1.398970652371644974e-02
1.393151003867387772e-02
1.397034898400306702e-02
1.393763907253742218e-02
1.396938320249319077e-02
1.395784504711627960e-02
1.395297236740589142e-02
1.397774647921323776e-02
1.398707367479801178e-02
1.396434102207422256e-02
1.395796798169612885e-02
1.391163840889930725e-02
1.395726390182971954e-02
1.396470051258802414e-02
1.394812017679214478e-02
1.393259689211845398e-02
1.391137018799781799e-02
1.398169621825218201e-02
1.395881362259387970e-02
1.387344300746917725e-02
1.394953578710556030e-02
1.394876930862665176e-02
1.400215364992618561e-02
1.396383438259363174e-02
1.395160891115665436e-02
1.395054440945386887e-02
1.395398098975419998e-02
1.395086199045181274e-02
1.396259758621454239e-02
1.399442646652460098e-02
1.393015123903751373e-02
1.396519877016544342e-02
1.398820709437131882e-02
1.398687064647674561e-02
1.395435351878404617e-02
1.392498333007097244e-02
1.394710410386323929e-02
1.396011188626289368e-02
1.393508259207010269e-02
1.393088232725858688e-02
1.393987890332937241e-02
1.391271129250526428e-02
1.388036366552114487e-02
1.389556378126144409e-02
1.394158974289894104e-02
1.396089792251586914e-02
1.395805459469556808e-02
1.396013982594013214e-02
1.394820958375930786e-02
1.393649168312549591e-02
1.392515096813440323e-02
1.391027681529521942e-02
1.396516989916563034e-02
1.392373535782098770e-02
1.395401451736688614e-02
1.394796092063188553e-02
1.395285315811634064e-02
1.395291555672883987e-02
1.400837767869234085e-02
1.391661819070577621e-02
1.398374512791633606e-02
1.392406318336725235e-02
1.391075644642114639e-02
1.392190065234899521e-02
1.391683705151081085e-02
1.397327333688735962e-02
1.394723169505596161e-02
1.390820182859897614e-02
1.391581445932388306e-02
1.391952298581600189e-02
1.390381436794996262e-02
1.393739599734544754e-02
1.393168233335018158e-02
1.390078011900186539e-02
1.395918801426887512e-02
1.387063600122928619e-02
1.391194574534893036e-02
1.393499039113521576e-02
1.392907183617353439e-02
1.394516415894031525e-02
1.393230166286230087e-02
1.391037087887525558e-02
1.394222304224967957e-02
1.388087775558233261e-02
1.393969170749187469e-02
1.392021775245666504e-02
1.393529865890741348e-02
1.394985523074865341e-02
1.394775416702032089e-02
1.394445169717073441e-02
1.394103374332189560e-02
1.392483711242675781e-02
1.396122947335243225e-02
1.393930986523628235e-02
1.393804978579282761e-02
1.391048915684223175e-02
1.393088046461343765e-02
1.392585039138793945e-02
1.396215520799160004e-02
1.396394893527030945e-02
1.393795665353536606e-02
1.391948852688074112e-02
1.393328327685594559e-02
1.390882115811109543e-02
1.394316460937261581e-02
1.392331905663013458e-02
1.391027029603719711e-02
1.392617356032133102e-02
1.390069071203470230e-02
1.392756588757038116e-02
1.389871723949909210e-02
1.396057195961475372e-02
1.390242110937833786e-02
1.390222087502479553e-02
1.392404176294803619e-02
1.386993192136287689e-02
1.393071468919515610e-02
1.396081224083900452e-02
1.392627879977226257e-02
1.387879159301519394e-02
1.392887905240058899e-02
1.392796728760004044e-02
1.388767641037702560e-02
1.394209545105695724e-02
1.392217725515365601e-02
1.394052524119615555e-02
1.395033206790685654e-02
1.391068473458290100e-02
1.388984452933073044e-02
1.396904885768890381e-02
1.393336057662963867e-02
1.393646840006113052e-02
1.391844917088747025e-02
1.392276212573051453e-02
1.386160682886838913e-02
1.392427552491426468e-02
1.390647422522306442e-02
1.394168287515640259e-02
1.394859421998262405e-02
1.390130165964365005e-02
1.390592847019433975e-02
1.394767034798860550e-02
1.394981611520051956e-02
1.392251905053853989e-02
1.390696223825216293e-02
1.390078477561473846e-02
1.392947789281606674e-02
1.388372480869293213e-02
1.394010242074728012e-02
1.396084483712911606e-02
1.387923583388328552e-02
1.391963940113782883e-02
1.393803209066390991e-02
1.388047542423009872e-02
1.392360217869281769e-02
1.392585411667823792e-02
1.390794292092323303e-02
1.390315219759941101e-02
1.394234038889408112e-02
1.391311455518007278e-02
1.389220170676708221e-02
1.393140200525522232e-02
1.389887556433677673e-02
1.392819359898567200e-02
1.395810302346944809e-02
1.392743829637765884e-02
1.385571900755167007e-02
1.388814393430948257e-02
1.395146269351243973e-02
1.390955504029989243e-02
1.393737923353910446e-02
1.390903722494840622e-02
1.392621267586946487e-02
1.392420753836631775e-02
1.386984065175056458e-02
1.391700748354196548e-02
1.388472784310579300e-02
1.395641453564167023e-02
1.392106711864471436e-02
1.388944312930107117e-02
1.392581686377525330e-02
1.393967866897583008e-02
1.393858343362808228e-02
1.390974130481481552e-02
1.394870225340127945e-02
1.392357889562845230e-02
1.386942062526941299e-02
1.391727384179830551e-02
1.390062924474477768e-02
1.390371285378932953e-02
1.388732530176639557e-02
1.394443027675151825e-02
1.387905795127153397e-02
1.392533350735902786e-02
1.393320597708225250e-02
1.392751093953847885e-02
1.387117151170969009e-02
1.393025740981101990e-02
1.394500862807035446e-02
1.390747539699077606e-02
1.391974836587905884e-02
1.390345301479101181e-02
1.393170189112424850e-02
1.389455515891313553e-02
1.392798125743865967e-02
1.391073036938905716e-02
1.390593126416206360e-02
1.393716875463724136e-02
1.390527002513408661e-02
1.395104639232158661e-02
1.393435057252645493e-02
1.391279324889183044e-02
1.392040215432643890e-02
1.392826903611421585e-02
1.391820609569549561e-02
1.392504293471574783e-02
1.393524929881095886e-02
1.390712335705757141e-02
1.392131578177213669e-02
1.392179261893033981e-02
1.390756759792566299e-02
1.390556246042251587e-02
1.392173301428556442e-02
1.390136312693357468e-02
1.386768743395805359e-02
1.385833509266376495e-02
1.389908138662576675e-02
1.394355855882167816e-02
1.391739118844270706e-02
1.387655921280384064e-02
1.389406900852918625e-02
1.392990257591009140e-02
1.391440164297819138e-02
1.394416764378547668e-02
1.390130445361137390e-02
1.391825545579195023e-02
1.391578186303377151e-02
1.387287862598896027e-02
1.387892663478851318e-02
1.391218509525060654e-02
1.394952833652496338e-02
1.392014231532812119e-02
1.389884296804666519e-02
1.390079967677593231e-02
1.392685342580080032e-02
1.392520498484373093e-02
1.386843342334032059e-02
1.391012314707040787e-02
1.387832872569561005e-02
1.392846554517745972e-02
1.390069536864757538e-02
1.396949868649244308e-02
1.393449492752552032e-02
1.394282188266515732e-02
1.388182677328586578e-02
1.391569897532463074e-02
1.390656922012567520e-02
1.392228994518518448e-02
1.391743402928113937e-02
1.391569711267948151e-02
1.392883807420730591e-02
1.391644589602947235e-02
1.393036544322967529e-02
1.389792934060096741e-02
1.391115318983793259e-02
1.390168629586696625e-02
1.395038329064846039e-02
1.387656107544898987e-02
1.393755152821540833e-02
1.390690077096223831e-02
1.391267497092485428e-02
1.389342546463012695e-02
1.388953160494565964e-02
1.391065213829278946e-02
1.392200496047735214e-02
1.388290151953697205e-02
1.393815968185663223e-02
1.390841696411371231e-02
1.391644962131977081e-02
1.391408499330282211e-02
1.392829790711402893e-02
1.392496190965175629e-02
1.389291789382696152e-02
1.390903256833553314e-02
1.393166929483413696e-02
1.391703356057405472e-02
1.388874836266040802e-02
1.384604070335626602e-02
1.388791762292385101e-02
1.390222087502479553e-02
1.389692071825265884e-02
1.390921417623758316e-02
1.392525713890790939e-02
1.390795875340700150e-02
1.391264982521533966e-02
1.392050739377737045e-02
1.391236670315265656e-02
1.388755161315202713e-02
1.393509656190872192e-02
1.390687096863985062e-02
1.395148597657680511e-02
1.391544379293918610e-02
1.390308607369661331e-02
1.389282010495662689e-02
1.392289716750383377e-02
1.395220123231410980e-02
1.391041930764913559e-02
1.391530502587556839e-02
1.391038298606872559e-02
1.393635012209415436e-02
1.390540786087512970e-02
1.392887439578771591e-02
1.387777645140886307e-02
1.391594763845205307e-02
1.389662828296422958e-02
1.392323244363069534e-02
1.390528026968240738e-02
1.387961581349372864e-02
1.391227822750806808e-02
1.391702145338058472e-02
1.391089148819446564e-02
1.390189211815595627e-02
1.391402259469032288e-02
1.388736814260482788e-02
1.389499474316835403e-02
1.388745196163654327e-02
1.390206161886453629e-02
1.388582400977611542e-02
1.390610542148351669e-02
1.390502881258726120e-02
1.388386730104684830e-02
1.390892453491687775e-02
1.391394808888435364e-02
1.391129475086927414e-02
1.390147395431995392e-02
1.388709340244531631e-02
1.392638776451349258e-02
1.391356717795133591e-02
1.388970948755741119e-02
1.393164042383432388e-02
1.388667337596416473e-02
1.387255918234586716e-02
1.391721237450838089e-02
1.387231890112161636e-02
1.391709502786397934e-02
1.387472730129957199e-02
1.392784155905246735e-02
1.392121333628892899e-02
1.391351781785488129e-02
1.387579180300235748e-02
1.392249763011932373e-02
1.390704046934843063e-02
1.392393466085195541e-02
1.391265634447336197e-02
1.388670131564140320e-02
1.387528143823146820e-02
1.389659475535154343e-02
1.389466878026723862e-02
1.388835906982421875e-02
1.388229895383119583e-02
1.392443757504224777e-02
1.392680779099464417e-02
1.387242693454027176e-02
1.390613708645105362e-02
1.392310671508312225e-02
1.388319954276084900e-02
1.391262281686067581e-02
1.392037793993949890e-02
1.390466094017028809e-02
1.388933602720499039e-02
1.392175909131765366e-02
1.385497860610485077e-02
1.390502974390983582e-02
1.387593336403369904e-02
1.391830295324325562e-02
1.388632133603096008e-02
1.392351277172565460e-02
1.390895713120698929e-02
1.390436571091413498e-02
1.387105323374271393e-02
1.392682269215583801e-02
1.389424409717321396e-02
1.389416866004467010e-02
1.388860400766134262e-02
1.388373505324125290e-02
1.393467374145984650e-02
1.389713399112224579e-02
1.390254404395818710e-02
1.388423703610897064e-02
1.388168521225452423e-02
1.391321793198585510e-02
1.387532427906990051e-02
1.388691738247871399e-02
1.390388980507850647e-02
1.391624473035335541e-02
1.390356849879026413e-02
1.390062738209962845e-02
1.385867502540349960e-02
1.390021853148937225e-02
1.391843054443597794e-02
1.391204446554183960e-02
1.387411076575517654e-02
1.388606708496809006e-02
1.390954293310642242e-02
1.392992120236158371e-02
1.388866361230611801e-02
1.390393450856208801e-02
1.388976164162158966e-02
1.389885880053043365e-02
1.392577681690454483e-02
1.388659328222274780e-02
1.391459628939628601e-02
1.386604923754930496e-02
1.392834447324275970e-02
1.387962512671947479e-02
1.392764598131179810e-02
1.392936240881681442e-02
1.389809604734182358e-02
1.388969458639621735e-02
1.387279294431209564e-02
1.384678669273853302e-02
1.388516556471586227e-02
1.388075388967990875e-02
1.389057282358407974e-02
1.392210088670253754e-02
1.392430067062377930e-02
1.387905329465866089e-02
1.392547506839036942e-02
1.389510277658700943e-02
1.390654221177101135e-02
1.386152859777212143e-02
1.389915402978658676e-02
1.392969582229852676e-02
1.389546971768140793e-02
1.389143522828817368e-02
1.392336841672658920e-02
1.390028651803731918e-02
1.389576680958271027e-02
1.387732103466987610e-02
