2.027117311954498291e-01
3.466182202100753784e-02
3.421669453382492065e-02
3.306609019637107849e-02
3.240540996193885803e-02
2.992064878344535828e-02
2.940700016915798187e-02
2.768328599631786346e-02
2.648796513676643372e-02
2.557821199297904968e-02
2.490914799273014069e-02
2.336183376610279083e-02
2.302708104252815247e-02
2.242972701787948608e-02
2.201213501393795013e-02
2.072558924555778503e-02
2.065498940646648407e-02
1.996165141463279724e-02
1.958931423723697662e-02
1.959356851875782013e-02
1.866615377366542816e-02
1.871257461607456207e-02
1.836440712213516235e-02
1.825062930583953857e-02
1.770832575857639313e-02
1.794921420514583588e-02
1.774030178785324097e-02
1.771977357566356659e-02
1.736108958721160889e-02
1.711862906813621521e-02
1.723934337496757507e-02
1.731922477483749390e-02
1.744809746742248535e-02
1.726604625582695007e-02
1.696229353547096252e-02
1.716546714305877686e-02
1.709127612411975861e-02
1.711321994662284851e-02
1.707684062421321869e-02
1.705638132989406586e-02
1.726355031132698059e-02
1.692359335720539093e-02
1.700053177773952484e-02
1.703185774385929108e-02
1.697124354541301727e-02
1.681622490286827087e-02
1.675534434616565704e-02
1.689227670431137085e-02
1.688485965132713318e-02
1.695886999368667603e-02
1.701822690665721893e-02
1.673695258796215057e-02
1.678055152297019958e-02
1.683066040277481079e-02
1.681370288133621216e-02
1.659087836742401123e-02
1.676354184746742249e-02
1.689738407731056213e-02
1.687587238848209381e-02
1.672587171196937561e-02
1.676600612699985504e-02
1.671446859836578369e-02
1.673949696123600006e-02
1.682556793093681335e-02
1.661127619445323944e-02
1.655060797929763794e-02
1.649800501763820648e-02
1.675863564014434814e-02
1.669204235076904297e-02
1.650825701653957367e-02
1.699872687458992004e-02
1.650530472397804260e-02
1.666930504143238068e-02
1.670384779572486877e-02
1.649684272706508636e-02
1.665055006742477417e-02
1.656364649534225464e-02
1.648399047553539276e-02
1.646360009908676147e-02
1.660871878266334534e-02
1.643378287553787231e-02
1.640432327985763550e-02
1.656383462250232697e-02
1.638530567288398743e-02
1.643892936408519745e-02
1.642926968634128571e-02
1.641817949712276459e-02
1.649024151265621185e-02
1.652223616838455200e-02
1.652786880731582642e-02
1.645681820809841156e-02
1.655024848878383636e-02
1.636690646409988403e-02
1.653621345758438110e-02
1.654521375894546509e-02
1.651037670671939850e-02
1.654803752899169922e-02
1.649645157158374786e-02
1.647203229367733002e-02
1.636884734034538269e-02
1.642915606498718262e-02
1.639413833618164062e-02
1.647748425602912903e-02
1.638975553214550018e-02
1.639936678111553192e-02
1.651654392480850220e-02
1.624971628189086914e-02
1.645240560173988342e-02
1.646522618830204010e-02
1.656923256814479828e-02
1.653479784727096558e-02
1.654479280114173889e-02
1.643680222332477570e-02
1.646913029253482819e-02
1.649585925042629242e-02
1.640635542571544647e-02
1.636361703276634216e-02
1.649660058319568634e-02
1.624457538127899170e-02
1.630915515124797821e-02
1.659552939236164093e-02
1.670463383197784424e-02
1.624996960163116455e-02
1.622856967151165009e-02
1.627301797270774841e-02
1.635707728564739227e-02
1.636291295289993286e-02
1.632513292133808136e-02
1.640311814844608307e-02
1.642088964581489563e-02
1.653363741934299469e-02
1.634414680302143097e-02
1.647109724581241608e-02
1.639558933675289154e-02
1.645202934741973877e-02
1.630927622318267822e-02
1.638458855450153351e-02
1.622208766639232635e-02
1.624669693410396576e-02
1.628068275749683380e-02
1.632658019661903381e-02
1.629231683909893036e-02
1.636703312397003174e-02
1.643227227032184601e-02
1.628645695745944977e-02
1.630795933306217194e-02
1.652198843657970428e-02
1.623591408133506775e-02
1.635436713695526123e-02
1.628199033439159393e-02
1.630611158907413483e-02
1.631416566669940948e-02
1.621987111866474152e-02
1.656391099095344543e-02
1.634773612022399902e-02
1.629110053181648254e-02
1.616503112018108368e-02
1.650946959853172302e-02
1.642333902418613434e-02
1.620555296540260315e-02
1.624958217144012451e-02
1.636048220098018646e-02
1.646112278103828430e-02
1.627521589398384094e-02
1.633641868829727173e-02
1.633710600435733795e-02
1.651111803948879242e-02
1.640625298023223877e-02
1.627733558416366577e-02
1.644726656377315521e-02
1.631887257099151611e-02
1.643308997154235840e-02
1.645903661847114563e-02
1.625968329608440399e-02
1.622770354151725769e-02
1.625333540141582489e-02
1.610191166400909424e-02
1.628146506845951080e-02
1.627267338335514069e-02
1.655849628150463104e-02
1.637101918458938599e-02
1.625684276223182678e-02
1.645063236355781555e-02
1.623805612325668335e-02
1.642411202192306519e-02
1.632725447416305542e-02
1.621517352759838104e-02
1.635812781751155853e-02
1.630184054374694824e-02
1.632582768797874451e-02
1.650960929691791534e-02
1.639088988304138184e-02
1.612364687025547028e-02
1.636414602398872375e-02
1.622029952704906464e-02
1.614131219685077667e-02
1.629297249019145966e-02
1.629115082323551178e-02
1.639470085501670837e-02
1.641524583101272583e-02
1.628877408802509308e-02
1.619783602654933929e-02
1.626973412930965424e-02
1.621867343783378601e-02
1.628262177109718323e-02
1.633297093212604523e-02
1.643653772771358490e-02
1.621422171592712402e-02
1.641484908759593964e-02
1.637783832848072052e-02
1.641366630792617798e-02
1.636176370084285736e-02
1.642705313861370087e-02
1.633889228105545044e-02
1.644658669829368591e-02
1.622345298528671265e-02
1.629159599542617798e-02
1.641833223402500153e-02
1.635268516838550568e-02
1.642040163278579712e-02
1.618659496307373047e-02
1.633785292506217957e-02
1.632521860301494598e-02
1.621042937040328979e-02
1.623607054352760315e-02
1.624835655093193054e-02
1.635053008794784546e-02
1.636938191950321198e-02
1.628979668021202087e-02
1.630719937384128571e-02
1.620115153491497040e-02
1.622781157493591309e-02
1.645182073116302490e-02
1.643569953739643097e-02
1.636040396988391876e-02
1.638034358620643616e-02
1.630377024412155151e-02
1.636525988578796387e-02
1.627958938479423523e-02
1.625392027199268341e-02
1.646177098155021667e-02
1.620436273515224457e-02
1.622556895017623901e-02
1.630084216594696045e-02
1.642022468149662018e-02
1.606252975761890411e-02
1.628896966576576233e-02
1.636829227209091187e-02
1.629397273063659668e-02
1.620883308351039886e-02
1.617661677300930023e-02
1.632084697484970093e-02
1.640112511813640594e-02
1.621996052563190460e-02
1.639855839312076569e-02
1.642607338726520538e-02
1.623930037021636963e-02
1.611361280083656311e-02
1.609382592141628265e-02
1.624487340450286865e-02
1.610285975039005280e-02
1.631408743560314178e-02
1.649208366870880127e-02
1.597975939512252808e-02
1.616885885596275330e-02
1.630673557519912720e-02
1.619487814605236053e-02
1.614926010370254517e-02
1.622423902153968811e-02
1.619626954197883606e-02
1.624313741922378540e-02
1.614452712237834930e-02
1.626200228929519653e-02
1.630939356982707977e-02
1.635193452239036560e-02
1.625922136008739471e-02
1.632370799779891968e-02
1.623388938605785370e-02
1.638653874397277832e-02
1.627071760594844818e-02
1.631191559135913849e-02
1.624698936939239502e-02
1.616451703011989594e-02
1.622935943305492401e-02
1.623882353305816650e-02
1.620282791554927826e-02
1.629602722823619843e-02
1.625358685851097107e-02
1.612782850861549377e-02
1.615021936595439911e-02
1.616625860333442688e-02
1.622887328267097473e-02
1.635353080928325653e-02
1.616347581148147583e-02
1.625753380358219147e-02
1.630873791873455048e-02
1.628417335450649261e-02
1.621471531689167023e-02
1.623096130788326263e-02
1.623435877263545990e-02
1.608618162572383881e-02
1.625254563987255096e-02
1.619909889996051788e-02
1.634762063622474670e-02
1.623496785759925842e-02
1.623913273215293884e-02
1.620595157146453857e-02
1.632207818329334259e-02
1.635971665382385254e-02
1.632949337363243103e-02
1.627688482403755188e-02
1.610702462494373322e-02
1.628350652754306793e-02
1.608409173786640167e-02
1.632685773074626923e-02
1.618735305964946747e-02
1.606444455683231354e-02
1.602159626781940460e-02
1.626525074243545532e-02
1.616375893354415894e-02
1.610093191266059875e-02
1.612427271902561188e-02
1.624012365937232971e-02
1.616049185395240784e-02
1.634483411908149719e-02
1.620952226221561432e-02
1.614307239651679993e-02
1.630570180714130402e-02
1.615931279957294464e-02
1.619783602654933929e-02
1.595802605152130127e-02
1.615045964717864990e-02
1.615347713232040405e-02
1.612362451851367950e-02
1.619075983762741089e-02
1.609642803668975830e-02
1.620053313672542572e-02
1.615959778428077698e-02
1.618334464728832245e-02
1.630105264484882355e-02
1.612925715744495392e-02
1.612925156950950623e-02
1.613200642168521881e-02
1.630324311554431915e-02
1.624749414622783661e-02
1.612611301243305206e-02
1.615741290152072906e-02
1.612627506256103516e-02
1.613386161625385284e-02
1.611864939332008362e-02
1.619889028370380402e-02
1.628158241510391235e-02
1.633051037788391113e-02
1.609775424003601074e-02
1.602787896990776062e-02
1.607004553079605103e-02
1.619521714746952057e-02
1.595775596797466278e-02
1.627990975975990295e-02
1.617247052490711212e-02
1.613344065845012665e-02
1.614605449140071869e-02
1.606665365397930145e-02
1.601049304008483887e-02
1.609656400978565216e-02
1.604957506060600281e-02
1.628318056464195251e-02
1.615416631102561951e-02
1.634008064866065979e-02
1.627762615680694580e-02
1.606453023850917816e-02
1.610199175775051117e-02
1.613902673125267029e-02
1.620242558419704437e-02
1.622391678392887115e-02
1.613903418183326721e-02
1.609626039862632751e-02
1.616076566278934479e-02
1.612386666238307953e-02
1.603353209793567657e-02
1.616276241838932037e-02
1.621595583856105804e-02
1.622144691646099091e-02
1.611178927123546600e-02
1.619801111519336700e-02
1.603358238935470581e-02
1.614490710198879242e-02
1.611621677875518799e-02
1.631238684058189392e-02
1.605819165706634521e-02
1.623864099383354187e-02
1.621560938656330109e-02
1.624822057783603668e-02
1.598732918500900269e-02
1.617759838700294495e-02
1.606289483606815338e-02
1.614474318921566010e-02
1.607055403292179108e-02
1.620724983513355255e-02
1.607763208448886871e-02
1.611938700079917908e-02
1.606791280210018158e-02
1.622188277542591095e-02
1.604171283543109894e-02
1.624850556254386902e-02
1.625817827880382538e-02
1.603262126445770264e-02
1.632534712553024292e-02
1.611450314521789551e-02
1.616810448467731476e-02
1.624335534870624542e-02
1.621772162616252899e-02
1.613045297563076019e-02
1.607619784772396088e-02
1.626599207520484924e-02
1.619501970708370209e-02
1.604061201214790344e-02
1.618108339607715607e-02
1.618693955242633820e-02
1.605553925037384033e-02
1.595177873969078064e-02
1.594677194952964783e-02
1.609295792877674103e-02
1.602497138082981110e-02
1.597438566386699677e-02
1.607028022408485413e-02
1.610974594950675964e-02
1.623047888278961182e-02
1.618637517094612122e-02
1.610917039215564728e-02
1.611478999257087708e-02
1.615965180099010468e-02
1.597071997821331024e-02
1.607706956565380096e-02
1.617740839719772339e-02
1.611442305147647858e-02
1.615967415273189545e-02
1.615646108984947205e-02
1.617033593356609344e-02
1.611863076686859131e-02
1.608899421989917755e-02
1.608022488653659821e-02
1.609979756176471710e-02
1.597123406827449799e-02
1.599628664553165436e-02
1.613330841064453125e-02
1.601228863000869751e-02
1.618601195514202118e-02
1.616096869111061096e-02
1.612199656665325165e-02
1.622918248176574707e-02
1.617269590497016907e-02
1.607513427734375000e-02
1.608669571578502655e-02
1.614320650696754456e-02
1.607766933739185333e-02
1.630539074540138245e-02
1.614319346845149994e-02
1.618050970137119293e-02
1.609865389764308929e-02
1.619553193449974060e-02
1.611568033695220947e-02
1.619538292288780212e-02
1.608459092676639557e-02
1.598484627902507782e-02
1.619933731853961945e-02
1.606148853898048401e-02
1.608520746231079102e-02
1.611822471022605896e-02
1.632699370384216309e-02
1.612909696996212006e-02
1.621872745454311371e-02
1.608604937791824341e-02
1.603931374847888947e-02
1.621561124920845032e-02
1.611591875553131104e-02
1.609431020915508270e-02
1.602447591722011566e-02
1.614611595869064331e-02
1.610625535249710083e-02
1.623178273439407349e-02
1.610771566629409790e-02
1.624955236911773682e-02
1.623592525720596313e-02
1.615682803094387054e-02
1.609819196164608002e-02
1.620182581245899200e-02
1.601461507380008698e-02
1.597590371966362000e-02
1.616439595818519592e-02
1.594721525907516479e-02
1.601611450314521790e-02
1.592693291604518890e-02
1.613329909741878510e-02
1.606406271457672119e-02
1.610535569489002228e-02
1.599280722439289093e-02
1.614971458911895752e-02
1.593838445842266083e-02
1.590467803180217743e-02
1.606605201959609985e-02
1.616565510630607605e-02
1.609963364899158478e-02
1.613988541066646576e-02
1.608934625983238220e-02
1.604433357715606689e-02
1.600899919867515564e-02
1.609138026833534241e-02
1.610214821994304657e-02
1.603304594755172729e-02
1.622536405920982361e-02
1.591038145124912262e-02
1.601991616189479828e-02
1.609287038445472717e-02
1.604773849248886108e-02
1.590801216661930084e-02
1.612585410475730896e-02
1.601958274841308594e-02
1.619077101349830627e-02
1.604824140667915344e-02
1.606123149394989014e-02
1.596107520163059235e-02
1.619605347514152527e-02
1.602809876203536987e-02
1.604390889406204224e-02
1.599629409611225128e-02
1.594490930438041687e-02
1.590194366872310638e-02
1.613635756075382233e-02
1.600858010351657867e-02
1.599767990410327911e-02
1.609256304800510406e-02
1.611676625907421112e-02
1.609365642070770264e-02
1.606978476047515869e-02
1.598400622606277466e-02
1.612472161650657654e-02
1.598419435322284698e-02
1.613830775022506714e-02
1.616886071860790253e-02
1.611106097698211670e-02
1.610135845839977264e-02
1.604605838656425476e-02
1.598523370921611786e-02
1.602716743946075439e-02
1.607711613178253174e-02
1.593814790248870850e-02
1.605928130447864532e-02
1.608125120401382446e-02
1.590925082564353943e-02
1.601629331707954407e-02
1.619067043066024780e-02
1.602521352469921112e-02
1.608077250421047211e-02
1.612418144941329956e-02
1.604015938937664032e-02
1.592032238841056824e-02
1.612395420670509338e-02
1.599209941923618317e-02
1.601539179682731628e-02
1.592994853854179382e-02
1.615358702838420868e-02
1.613098010420799255e-02
1.605127751827239990e-02
1.605945639312267303e-02
1.612502150237560272e-02
1.606808230280876160e-02
1.604212448000907898e-02
1.595466956496238708e-02
1.589171588420867920e-02
1.594519242644309998e-02
1.604056172072887421e-02
1.592298597097396851e-02
1.617731899023056030e-02
1.608934998512268066e-02
1.602448523044586182e-02
1.614248193800449371e-02
1.609541289508342743e-02
1.613296009600162506e-02
1.596828922629356384e-02
1.618600636720657349e-02
1.605122350156307220e-02
1.598611660301685333e-02
1.607294008135795593e-02
1.609634608030319214e-02
1.609607599675655365e-02
1.588455587625503540e-02
1.594960317015647888e-02
1.611879467964172363e-02
1.598377898335456848e-02
1.597709581255912781e-02
1.609101705253124237e-02
1.598828472197055817e-02
1.612037606537342072e-02
1.608942821621894836e-02
1.577332988381385803e-02
1.612279005348682404e-02
1.605125516653060913e-02
1.614876091480255127e-02
1.604523882269859314e-02
1.604165323078632355e-02
1.585552841424942017e-02
1.596678793430328369e-02
1.618108153343200684e-02
1.607914268970489502e-02
1.597626507282257080e-02
1.607380807399749756e-02
1.609211601316928864e-02
1.602674461901187897e-02
1.594578474760055542e-02
1.596940122544765472e-02
1.621820405125617981e-02
1.593971624970436096e-02
1.595253869891166687e-02
1.588827185332775116e-02
1.602263748645782471e-02
1.618626527488231659e-02
1.600824110209941864e-02
1.605935022234916687e-02
1.600052602589130402e-02
1.598881185054779053e-02
1.601949892938137054e-02
1.604112237691879272e-02
1.599559560418128967e-02
1.598749123513698578e-02
1.601033285260200500e-02
1.589115150272846222e-02
1.602696068584918976e-02
1.584561355412006378e-02
1.610539108514785767e-02
1.611692272126674652e-02
1.595510356128215790e-02
1.589910686016082764e-02
1.598122157156467438e-02
1.603461056947708130e-02
1.615276932716369629e-02
1.612251065671443939e-02
1.613300479948520660e-02
1.595942303538322449e-02
1.601897552609443665e-02
1.612640544772148132e-02
1.588121801614761353e-02
1.599900424480438232e-02
1.597652211785316467e-02
1.606411486864089966e-02
1.578403636813163757e-02
1.603321544826030731e-02
1.619890518486499786e-02
1.603278517723083496e-02
1.598544046282768250e-02
1.591221615672111511e-02
1.597305387258529663e-02
1.605027914047241211e-02
1.604686491191387177e-02
1.607910543680191040e-02
1.605622842907905579e-02
1.614444516599178314e-02
1.616388931870460510e-02
1.592114381492137909e-02
1.585317403078079224e-02
1.604874804615974426e-02
1.577735319733619690e-02
1.589450240135192871e-02
1.588227786123752594e-02
1.597461476922035217e-02
1.592038013041019440e-02
1.593592017889022827e-02
1.599844358861446381e-02
1.596194319427013397e-02
1.599763520061969757e-02
1.613265648484230042e-02
1.590427942574024200e-02
1.595205441117286682e-02
1.599199324846267700e-02
1.588022895157337189e-02
1.587644778192043304e-02
1.604446023702621460e-02
1.604190282523632050e-02
1.606602780520915985e-02
1.587793044745922089e-02
1.593208685517311096e-02
1.618812233209609985e-02
1.594864949584007263e-02
1.596542820334434509e-02
1.592999510467052460e-02
1.601510681211948395e-02
1.599440723657608032e-02
1.602358371019363403e-02
1.593090780079364777e-02
1.589484140276908875e-02
1.593623682856559753e-02
1.599035412073135376e-02
1.602618396282196045e-02
1.581127196550369263e-02
1.587639935314655304e-02
1.605990715324878693e-02
1.610099710524082184e-02
1.597026176750659943e-02
1.593604870140552521e-02
1.595286093652248383e-02
1.613724976778030396e-02
1.604046300053596497e-02
1.597359403967857361e-02
1.598255522549152374e-02
1.585818827152252197e-02
1.590531505644321442e-02
1.594424620270729065e-02
1.604318246245384216e-02
1.605500839650630951e-02
1.612212508916854858e-02
1.588056981563568115e-02
1.613967120647430420e-02
1.594957523047924042e-02
1.591777428984642029e-02
1.606779359281063080e-02
1.594551652669906616e-02
1.585927046835422516e-02
1.588774286210536957e-02
1.589570753276348114e-02
1.597278565168380737e-02
1.608050614595413208e-02
1.600940711796283722e-02
1.605051569640636444e-02
1.614735834300518036e-02
1.593782939016819000e-02
1.593622006475925446e-02
1.582358218729496002e-02
1.607089489698410034e-02
1.575134135782718658e-02
1.598374545574188232e-02
1.582081615924835205e-02
1.583818346261978149e-02
1.594988256692886353e-02
1.596718281507492065e-02
1.580412685871124268e-02
1.603232510387897491e-02
1.596534252166748047e-02
1.596758514642715454e-02
1.603730395436286926e-02
1.588165014982223511e-02
1.596111431717872620e-02
1.602483540773391724e-02
1.592719182372093201e-02
1.595737785100936890e-02
1.592260412871837616e-02
1.574991643428802490e-02
1.585234887897968292e-02
1.603903993964195251e-02
1.579814404249191284e-02
1.593865267932415009e-02
1.598668657243251801e-02
1.602563634514808655e-02
1.607373729348182678e-02
1.586873829364776611e-02
1.596437022089958191e-02
1.597146689891815186e-02
1.602909713983535767e-02
1.592752709984779358e-02
1.577052846550941467e-02
1.588758826255798340e-02
1.590650342404842377e-02
1.606688275933265686e-02
1.589867658913135529e-02
1.582773216068744659e-02
1.592970266938209534e-02
1.589404605329036713e-02
1.578295044600963593e-02
1.584879122674465179e-02
1.591422222554683685e-02
1.585012301802635193e-02
1.600529998540878296e-02
1.590654999017715454e-02
1.583337225019931793e-02
1.599911414086818695e-02
1.612209156155586243e-02
1.595414988696575165e-02
1.596922427415847778e-02
1.586930640041828156e-02
1.591598428785800934e-02
1.592881977558135986e-02
1.599961332976818085e-02
1.587159559130668640e-02
1.599244773387908936e-02
1.605616509914398193e-02
1.583377644419670105e-02
1.582158729434013367e-02
1.592052541673183441e-02
1.596257276833057404e-02
1.589150168001651764e-02
1.581581495702266693e-02
1.594444923102855682e-02
1.593960449099540710e-02
1.599526219069957733e-02
1.590571925044059753e-02
1.618683338165283203e-02
1.579247228801250458e-02
1.606788113713264465e-02
1.597539521753787994e-02
1.597621291875839233e-02
1.587305031716823578e-02
1.587464660406112671e-02
1.603199355304241180e-02
1.596915908157825470e-02
1.604217663407325745e-02
1.589813828468322754e-02
1.571070216596126556e-02
1.579797826707363129e-02
1.590344868600368500e-02
1.583486609160900116e-02
1.588481105864048004e-02
1.587987132370471954e-02
1.580637879669666290e-02
1.583543233573436737e-02
1.596745289862155914e-02
1.598424278199672699e-02
1.598955877125263214e-02
1.592053100466728210e-02
1.580471731722354889e-02
1.583638601005077362e-02
1.589096710085868835e-02
1.578932069242000580e-02
1.589954830706119537e-02
1.590884476900100708e-02
1.580074056982994080e-02
1.581449992954730988e-02
1.602006144821643829e-02
1.589352637529373169e-02
1.597674563527107239e-02
1.595588773488998413e-02
1.586803607642650604e-02
1.591309532523155212e-02
1.588477939367294312e-02
1.590967737138271332e-02
1.588307507336139679e-02
1.598659344017505646e-02
1.592149958014488220e-02
1.589556224644184113e-02
1.586295105516910553e-02
1.589127257466316223e-02
1.596980914473533630e-02
1.594009436666965485e-02
1.583592221140861511e-02
1.587202958762645721e-02
1.586740277707576752e-02
1.582154631614685059e-02
1.588779874145984650e-02
1.590642333030700684e-02
1.585921272635459900e-02
1.593644544482231140e-02
1.592946052551269531e-02
1.585489138960838318e-02
1.598652824759483337e-02
1.575429365038871765e-02
1.601205579936504364e-02
1.585514657199382782e-02
1.587185822427272797e-02
1.599092781543731689e-02
1.576762646436691284e-02
1.584458723664283752e-02
1.592469587922096252e-02
1.578140258789062500e-02
1.592544093728065491e-02
1.596928015351295471e-02
1.573462039232254028e-02
1.591054908931255341e-02
1.575044728815555573e-02
1.600681431591510773e-02
1.598081551492214203e-02
1.591609604656696320e-02
1.593397185206413269e-02
1.597345061600208282e-02
1.584852673113346100e-02
1.583903282880783081e-02
1.586984656751155853e-02
1.592444814741611481e-02
1.584086194634437561e-02
1.586170494556427002e-02
1.582718268036842346e-02
1.582833938300609589e-02
1.597372256219387054e-02
1.575634256005287170e-02
1.573842205107212067e-02
1.589150354266166687e-02
1.574788428843021393e-02
1.580328308045864105e-02
1.577030681073665619e-02
1.574887521564960480e-02
1.577923446893692017e-02
1.584837585687637329e-02
1.583406329154968262e-02
1.593131385743618011e-02
1.579859293997287750e-02
1.589578390121459961e-02
1.591146923601627350e-02
1.590943709015846252e-02
1.586027070879936218e-02
1.580492407083511353e-02
1.579003594815731049e-02
1.576429232954978943e-02
1.584300026297569275e-02
1.585185527801513672e-02
1.588224433362483978e-02
1.581746153533458710e-02
1.603346690535545349e-02
1.574785262346267700e-02
1.602761633694171906e-02
1.586358249187469482e-02
1.588613353669643402e-02
1.591263711452484131e-02
1.595277152955532074e-02
1.572609134018421173e-02
1.580675505101680756e-02
1.574257947504520416e-02
1.579979434609413147e-02
1.583894528448581696e-02
1.588401757180690765e-02
1.578299142420291901e-02
1.580042392015457153e-02
1.582810282707214355e-02
1.601354777812957764e-02
1.585039868950843811e-02
1.581868715584278107e-02
1.578438840806484222e-02
1.592999882996082306e-02
1.582072861492633820e-02
1.583112590014934540e-02
1.579831726849079132e-02
1.593823358416557312e-02
1.588586904108524323e-02
1.593746058642864227e-02
1.582470163702964783e-02
1.577245630323886871e-02
1.579895243048667908e-02
1.586424745619297028e-02
1.597365178167819977e-02
1.578184030950069427e-02
1.584833115339279175e-02
1.576103083789348602e-02
1.580457761883735657e-02
1.580796018242835999e-02
1.578977704048156738e-02
1.603582501411437988e-02
1.566066779196262360e-02
1.593257859349250793e-02
1.579163037240505219e-02
1.588816381990909576e-02
1.594074815511703491e-02
1.582604087889194489e-02
1.578865572810173035e-02
1.578834280371665955e-02
1.564696803689002991e-02
1.596276648342609406e-02
1.579008251428604126e-02
1.579975709319114685e-02
1.584406942129135132e-02
1.586771942675113678e-02
1.574739255011081696e-02
1.584528386592864990e-02
1.588041149079799652e-02
1.607741601765155792e-02
1.600842922925949097e-02
1.584861800074577332e-02
1.570365019142627716e-02
1.589481532573699951e-02
1.567940227687358856e-02
1.590229384601116180e-02
1.567560620605945587e-02
1.577663980424404144e-02
1.583740860223770142e-02
1.589623652398586273e-02
1.582520827651023865e-02
1.590302772819995880e-02
1.586809195578098297e-02
1.586321182548999786e-02
1.593249291181564331e-02
1.591213047504425049e-02
1.585922949016094208e-02
1.582542620599269867e-02
1.586951315402984619e-02
1.580428145825862885e-02
1.570070162415504456e-02
1.585544086992740631e-02
1.577376015484333038e-02
1.587010361254215240e-02
1.574105210602283478e-02
1.586933806538581848e-02
1.604032889008522034e-02
1.565813645720481873e-02
1.583644747734069824e-02
1.576505787670612335e-02
1.574635133147239685e-02
1.572511531412601471e-02
1.583473756909370422e-02
1.575015299022197723e-02
1.582603715360164642e-02
1.570525579154491425e-02
1.598918437957763672e-02
1.570920459926128387e-02
1.597457937896251678e-02
1.592874154448509216e-02
