-1.000000000000000000e+01
-9.900000000000000355e+00
-9.800000000000000711e+00
-9.700000000000001066e+00
-9.600000000000001421e+00
-9.500000000000001776e+00
-9.400000000000002132e+00
-9.300000000000002487e+00
-9.200000000000002842e+00
-9.100000000000003197e+00
-9.000000000000003553e+00
-8.900000000000003908e+00
-8.800000000000004263e+00
-8.700000000000004619e+00
-8.600000000000004974e+00
-8.500000000000005329e+00
-8.400000000000005684e+00
-8.300000000000006040e+00
-8.200000000000006395e+00
-8.100000000000006750e+00
-8.000000000000007105e+00
-7.900000000000007461e+00
-7.800000000000007816e+00
-7.700000000000008171e+00
-7.600000000000008527e+00
-7.500000000000008882e+00
-7.400000000000009237e+00
-7.300000000000009592e+00
-7.200000000000009948e+00
-7.100000000000010303e+00
-7.000000000000010658e+00
-6.900000000000011013e+00
-6.800000000000011369e+00
-6.700000000000011724e+00
-6.600000000000012079e+00
-6.500000000000012434e+00
-6.400000000000012790e+00
-6.300000000000013145e+00
-6.200000000000013500e+00
-6.100000000000013856e+00
-6.000000000000014211e+00
-5.900000000000014566e+00
-5.800000000000014921e+00
-5.700000000000015277e+00
-5.600000000000015632e+00
-5.500000000000015987e+00
-5.400000000000016342e+00
-5.300000000000016698e+00
-5.200000000000017053e+00
-5.100000000000017408e+00
-5.000000000000000000e+00
-4.900000000000000355e+00
-4.800000000000000711e+00
-4.700000000000001066e+00
-4.600000000000001421e+00
-4.500000000000001776e+00
-4.400000000000002132e+00
-4.300000000000002487e+00
-4.200000000000002842e+00
-4.100000000000003197e+00
-4.000000000000003553e+00
-3.900000000000003908e+00
-3.800000000000004263e+00
-3.700000000000004619e+00
-3.600000000000004974e+00
-3.500000000000005329e+00
-3.400000000000005684e+00
-3.300000000000006040e+00
-3.200000000000006395e+00
-3.100000000000006750e+00
-3.000000000000007105e+00
-2.900000000000007461e+00
-2.800000000000007816e+00
-2.700000000000008171e+00
-2.600000000000008527e+00
-2.500000000000008882e+00
-2.400000000000009237e+00
-2.300000000000009592e+00
-2.200000000000009948e+00
-2.100000000000010303e+00
-2.000000000000010658e+00
-1.900000000000011013e+00
-1.800000000000011369e+00
-1.700000000000011724e+00
-1.600000000000012079e+00
-1.500000000000012434e+00
-1.400000000000012790e+00
-1.300000000000013145e+00
-1.200000000000013500e+00
-1.100000000000013856e+00
-1.000000000000014211e+00
-9.000000000000145661e-01
-8.000000000000149214e-01
-7.000000000000152767e-01
-6.000000000000156319e-01
-5.000000000000159872e-01
-4.000000000000163425e-01
-3.000000000000166978e-01
-2.000000000000170530e-01
-1.000000000000174083e-01
0.000000000000000000e+00
1.000000000000000056e-01
2.000000000000000111e-01
3.000000000000000444e-01
4.000000000000000222e-01
5.000000000000000000e-01
6.000000000000000888e-01
7.000000000000000666e-01
8.000000000000000444e-01
9.000000000000000222e-01
1.000000000000000000e+00
1.100000000000000089e+00
1.200000000000000178e+00
1.300000000000000044e+00
1.400000000000000133e+00
1.500000000000000000e+00
1.600000000000000089e+00
1.700000000000000178e+00
1.800000000000000044e+00
1.900000000000000133e+00
2.000000000000000000e+00
2.100000000000000089e+00
2.200000000000000178e+00
2.300000000000000266e+00
2.400000000000000355e+00
2.500000000000000000e+00
2.600000000000000089e+00
2.700000000000000178e+00
2.800000000000000266e+00
2.900000000000000355e+00
3.000000000000000000e+00
3.100000000000000089e+00
3.200000000000000178e+00
3.300000000000000266e+00
3.400000000000000355e+00
3.500000000000000000e+00
3.600000000000000089e+00
3.700000000000000178e+00
3.800000000000000266e+00
3.900000000000000355e+00
4.000000000000000000e+00
4.100000000000000533e+00
4.200000000000000178e+00
4.299999999999999822e+00
4.400000000000000355e+00
4.500000000000000000e+00
4.600000000000000533e+00
4.700000000000000178e+00
4.800000000000000711e+00
4.900000000000000355e+00
5.000000000000000000e+00
5.100000000000000533e+00
5.200000000000000178e+00
5.300000000000000711e+00
5.400000000000000355e+00
5.500000000000000000e+00
5.600000000000000533e+00
5.700000000000000178e+00
5.800000000000000711e+00
5.900000000000000355e+00
6.000000000000000000e+00
6.100000000000000533e+00
6.200000000000000178e+00
6.300000000000000711e+00
6.400000000000000355e+00
6.500000000000000000e+00
6.600000000000000533e+00
6.700000000000000178e+00
6.800000000000000711e+00
6.900000000000000355e+00
7.000000000000000000e+00
7.100000000000000533e+00
7.200000000000000178e+00
7.300000000000000711e+00
7.400000000000000355e+00
7.500000000000000000e+00
7.600000000000000533e+00
7.700000000000000178e+00
7.800000000000000711e+00
7.900000000000000355e+00
8.000000000000000000e+00
8.099999999999999645e+00
8.200000000000001066e+00
8.300000000000000711e+00
8.400000000000000355e+00
8.500000000000000000e+00
8.599999999999999645e+00
8.700000000000001066e+00
8.800000000000000711e+00
8.900000000000000355e+00
9.000000000000000000e+00
9.099999999999999645e+00
9.200000000000001066e+00
9.300000000000000711e+00
9.400000000000000355e+00
9.500000000000000000e+00
9.600000000000001421e+00
9.700000000000001066e+00
9.800000000000000711e+00
9.900000000000000355e+00
