5.923103503768459843e-01
6.051284586101361995e-01
6.179456103274426626e-01
6.307570689222702365e-01
6.435507402501154939e-01
6.563040220658303836e-01
6.689813377787424686e-01
6.815326381064422678e-01
6.938931501192955320e-01
7.059845967578277648e-01
7.177179882437080272e-01
7.289979036310366700e-01
7.397279608073376034e-01
7.498169600171720184e-01
7.591850316793470332e-01
7.677690691481168228e-01
7.755268035967831652e-01
7.824390715363017668e-01
7.885100949295195116e-01
7.937658801099530814e-01
7.982510849688615462e-01
8.020248607531083040e-01
8.051562279597496152e-01
8.077195040348655874e-01
8.097901911193625679e-01
8.114415898624276480e-01
8.127422623030674531e-01
8.137543461644880516e-01
8.145326363600920994e-01
8.151242990670034549e-01
8.155690645878428402e-01
8.158997492824735520e-01
8.161429754210776100e-01
8.163199833771912495e-01
8.164474575640428000e-01
8.165383123637429685e-01
8.166024051440315956e-01
8.166471596842634906e-01
8.166780951085472751e-01
8.166992633434103643e-01
8.167136029386719009e-01
8.167232195784428495e-01
8.167296044440478520e-01
8.167338013355079918e-01
8.167365325462373482e-01
8.167382922385879596e-01
8.167394147058858467e-01
8.167401235751505784e-01
8.167405667882299269e-01
8.167408411408443314e-01
6.101875458403828167e-01
6.240266891315080500e-01
6.378647997150544979e-01
6.516967636859332114e-01
6.655095235334200776e-01
6.792786766149425670e-01
6.929658124625003301e-01
7.065168950843114803e-01
7.198619920194031518e-01
7.329165909962629399e-01
7.455846136958063086e-01
8.564899731729942456e-01
7.693478054708148273e-01
7.802404507182459925e-01
7.903547424478762906e-01
7.996225472115504607e-01
8.079982292306787661e-01
8.170254141272653703e-01
8.220157133925153348e-01
8.276901516870354136e-01
8.325326285649116143e-01
8.366070070054945074e-01
8.399878053800559075e-01
8.427552609408701656e-01
8.449908900026140701e-01
8.467738320269347918e-01
8.481781104080513556e-01
8.492708124911430012e-01
8.501110979152790570e-01
8.507498899111961554e-01
8.512300835257317067e-01
8.515871091283568894e-01
8.518497096046486750e-01
8.520408172450524287e-01
8.521784454716792023e-01
8.522765374212734057e-01
8.523457355530865698e-01
8.523940550408072303e-01
8.524274546190264701e-01
8.524503090301851493e-01
8.524657908400169459e-01
8.524761734821005854e-01
8.524830669200141875e-01
8.524875980997489444e-01
8.524905468510663997e-01
8.524924467008412332e-01
8.524936585723842386e-01
8.524944239073589669e-01
8.524949024331865965e-01
8.524951986566248197e-01
6.278870076823991342e-01
6.427370349839507391e-01
6.575859541441344547e-01
6.724282777094136021e-01
6.872499943814655010e-01
7.020249190194035593e-01
7.167118354520597423e-01
7.312527606139052061e-01
7.455726538080275079e-01
7.595808295410971800e-01
7.731741914266684335e-01
7.862421924463071088e-01
7.986731720506023979e-01
8.103614735520929813e-01
8.212145664900160069e-01
8.311593405897690356e-01
8.401468265960289061e-01
8.481548232324596093e-01
8.551882217258719443e-01
8.612771509185829233e-01
8.664733478447638193e-01
8.708453403768638967e-01
8.744730900880963720e-01
9.335625574371657631e-01
8.798416263929192960e-01
8.817548039045606245e-01
8.832616581848281578e-01
8.844341769930592623e-01
8.853358413006338079e-01
8.860212940396964276e-01
8.865365635371759145e-01
8.869196681828253048e-01
8.872014503930141238e-01
8.874065175521742566e-01
8.875541988761828094e-01
8.876594559266832718e-01
8.877337086549561551e-01
8.877855576544381178e-01
8.878213969335425615e-01
8.878459207320749114e-01
8.878625334164300664e-01
8.878736744635647993e-01
8.878810714373380764e-01
8.878859336017946857e-01
8.878890977493696379e-01
8.878911363781671895e-01
8.878924367746330315e-01
8.878932580158648280e-01
8.878937714958179406e-01
8.878940893542509594e-01
6.452362857519919892e-01
6.610771967284032602e-01
6.769169256226496012e-01
6.927496188217866502e-01
7.958637214375671176e-01
7.243211271208523927e-01
7.399880434842583954e-01
7.554992271559085593e-01
7.707746302695461793e-01
7.857175162470454444e-01
8.015912988417677187e-01
8.141578866057934682e-01
8.274183363856767448e-01
8.398865520860985256e-01
8.514638290540652577e-01
8.620721786550402665e-01
8.716593641073687726e-01
8.802017027335017341e-01
8.877044121315119662e-01
8.941996315223997849e-01
8.997425501483141685e-01
9.044062684791375206e-01
9.082760835986519732e-01
9.315226661534112829e-01
9.140028411296344801e-01
9.160436774210534150e-01
9.176510781364182190e-01
9.189018344938422178e-01
9.198636632992200912e-01
9.205948535917480857e-01
9.211445049868606239e-01
9.215531726913971378e-01
9.218537571145014597e-01
9.220725075943420057e-01
9.222300431092115280e-01
9.223423235468449777e-01
9.224215308669114766e-01
9.224768395451630187e-01
9.225150702411777370e-01
9.225412304185683920e-01
9.225589516049159666e-01
9.225708360536297725e-01
9.225787266018010691e-01
9.225839132025880351e-01
9.225872884839712018e-01
9.225894631442755900e-01
9.225908503118358528e-01
9.225917263507515953e-01
9.870058775646319837e-01
9.225926131559287757e-01
6.620732359366449105e-01
6.788757695814563453e-01
6.956770493877817430e-01
7.124708663931186292e-01
7.292413670796920044e-01
7.459589234374989219e-01
7.625769001245013001e-01
7.790296903650320015e-01
7.952323869862841788e-01
8.110823810151602808e-01
8.264630207804837259e-01
8.412492243572599060e-01
8.553146498814295784e-01
8.685397487478826450e-01
8.808198244366497454e-01
8.920721540123356386e-01
9.022413296589638643e-01
9.113022310417661087e-01
9.192603924931962434e-01
9.261499042460314968e-01
9.320293058059735403e-01
9.369761352132313093e-01
9.410808674953728969e-01
9.444409212335619364e-01
9.471552679036114863e-01
9.493199931838894878e-01
9.510249711766082248e-01
9.523516547114685427e-01
9.533718713437198122e-01
9.541474485492653645e-01
9.547304665363062215e-01
9.551639424160925929e-01
9.554827738176886465e-01
9.557148035459090973e-01
9.558819022546685140e-01
9.560009986771681456e-01
9.560850142793229089e-01
9.561436804736985762e-01
9.561842319681184144e-01
9.562119802042138295e-01
9.562307771612272855e-01
9.562433830619943009e-01
9.562517526125267064e-01
9.562572540720521985e-01
9.562608342549679952e-01
9.562631409315064390e-01
9.562646123085103422e-01
9.562655415264407210e-01
9.562661225141386723e-01
9.562664821556651207e-01
6.782505389017078334e-01
6.959770202374493397e-01
7.137021787834483266e-01
7.314194641683652298e-01
7.491121510985302434e-01
7.667489823657607229e-01
7.842807582161563928e-01
8.016382642497230648e-01
8.187319243677461111e-01
8.354534872738318407e-01
8.516798867857064970e-01
8.672791628990359492e-01
8.821180263884997874e-01
8.960703548393391671e-01
9.090256946171679786e-01
9.208967739688033172e-01
9.316251382803628633e-01
9.411842858852501603e-01
9.495800554411153449e-01
9.568484117547391143e-01
9.630511133369334953e-01
9.682699619211911912e-01
9.726004076730512260e-01
9.761452260408580717e-01
9.790088308169512255e-01
9.812925912958778696e-01
9.830913236300820035e-01
9.844909596255556616e-01
9.855672765336664920e-01
9.863855016362420569e-01
9.870005789589895162e-01
9.874578910638867058e-01
9.877942545519684536e-01
9.880390432652630395e-01
9.882153304947733918e-01
9.883409758614977170e-01
9.884296114014573531e-01
9.884915035632547697e-01
9.885342849056432124e-01
9.885635589838803750e-01
9.885833895477165179e-01
9.885966886162992351e-01
9.886055183830576576e-01
9.886113223468553368e-01
9.886150993872463433e-01
9.886175328956875452e-01
9.886190851766142318e-01
9.886200654909882424e-01
9.886206784324236274e-01
9.886210578627117052e-01
6.936395064441235325e-01
7.558963699324565688e-01
7.308489264143386288e-01
7.494446786782834602e-01
7.704739964403271024e-01
7.865259218681361908e-01
8.049269665760230286e-01
8.231451007380873319e-01
9.051014955784055793e-01
8.586369662503275935e-01
8.756679108283660362e-01
8.920406376773073465e-01
9.076152487613585729e-01
9.222593682044089025e-01
9.358570658073335213e-01
9.483167426673678735e-01
9.595770458461508889e-01
9.696101596588831972e-01
9.784222122584090853e-01
9.860509516757247628e-01
9.925611985603102205e-01
9.980388105822425304e-01
1.002583970552435089e+00
1.006304549790863145e+00
1.009310139181088584e+00
1.011707134158725152e+00
1.013595052096264659e+00
1.015064085511769854e+00
1.016193768880651938e+00
1.017052563614922356e+00
1.017698138000880048e+00
1.018178124779743232e+00
1.018531166009939426e+00
1.018788091960258990e+00
1.018973119951441575e+00
1.019104995127597002e+00
1.019198025395722462e+00
1.019262986325780940e+00
1.019307888863411948e+00
1.019338614434254220e+00
1.019359428248761690e+00
1.019373386720905827e+00
1.019382654292718460e+00
1.019388746035189808e+00
1.019392710354530163e+00
1.019395264526043565e+00
1.019396893775810442e+00
1.019397922698092263e+00
1.019398566030107478e+00
1.019398964270287200e+00
7.081330146560889105e-01
7.275661985572372537e-01
7.469979323121783699e-01
7.664210348764368685e-01
7.858171706524816891e-01
8.051520729919924291e-01
8.243718051972531713e-01
8.434004889178169373e-01
8.621399236835077806e-01
8.804714357819497517e-01
8.982601102398406478e-01
9.153612819669538769e-01
9.316288286736286173e-01
9.469244849011350107e-01
9.611271625582438194e-01
9.741411873823401235e-01
9.859024767593825844e-01
9.963819774468563040e-01
1.005586090247289510e+00
1.013554242652771720e+00
1.020354139272823035e+00
1.026075457703829352e+00
1.030822838018482290e+00
1.034708950886085610e+00
1.037848263035054286e+00
1.040351903578383475e+00
1.042323817551684906e+00
1.043858210260809827e+00
1.045038154778003436e+00
1.045935158456552827e+00
1.046609455323300741e+00
1.047110797364987356e+00
1.077904257685545986e+00
1.047747902811748677e+00
1.047941162948917482e+00
1.048078905430742225e+00
1.048176074742648956e+00
1.048243925873394877e+00
1.048290826216255356e+00
1.048322918786686264e+00
1.048344658640505855e+00
1.119088760108153613e+00
1.048368918052526189e+00
1.048375280829480394e+00
1.048379421530565736e+00
1.048382089343236068e+00
1.048383791081619831e+00
1.048384865781348596e+00
1.048385537733475648e+00
1.048385953687381189e+00
7.216474601339689654e-01
7.418525057428548841e-01
7.620560436079681921e-01
7.822506074614796745e-01
8.024171334401589695e-01
8.225199938669598421e-01
8.425031097461357366e-01
8.622875889342449529e-01
8.817713305615291208e-01
9.008309473445031967e-01
9.193261656562095041e-01
9.371065744902266070e-01
9.540202477630406186e-01
9.699234282848734345e-01
9.846902184973508332e-01
9.982211440760995202e-01
1.010449577125989595e+00
1.021345310446140964e+00
1.030914999071006255e+00
1.039199636503299162e+00
1.046269616494821975e+00
1.052218178523858461e+00
1.057154118835145651e+00
1.061194583236081623e+00
1.064458584925133122e+00
1.097880201574465531e+00
1.069111902857620588e+00
1.070707239722236137e+00
1.071934050157218321e+00
1.072866681698314339e+00
1.073567760792369485e+00
1.074089015512608825e+00
1.074472410255351784e+00
1.074751425991121279e+00
1.074952362179344201e+00
1.075095575620083510e+00
1.075196604374828446e+00
1.075267150466759913e+00
1.075315913619866892e+00
1.075349280874914992e+00
1.075371884205556627e+00
1.075387042790543424e+00
1.075397107164520305e+00
1.075403722659962202e+00
1.075408027821995738e+00
1.075410801595115373e+00
1.075412570923695688e+00
1.075413688309620808e+00
1.075414386952572965e+00
1.075414819430648317e+00
7.341236970221850511e-01
7.550413082725151437e-01
7.759573586042246562e-01
7.968641184437464942e-01
8.177418516029443252e-01
8.385536739352081881e-01
8.592415287226735643e-01
8.797237415549419293e-01
8.998946107997364274e-01
9.196263977089815800e-01
9.387738816654318530e-01
9.571813471600059131e-01
9.746915101749059618e-01
9.911555436762452542e-01
1.006443110111870709e+00
1.020451227024516516e+00
1.033110916771847299e+00
1.044390906844143263e+00
1.054298086977020432e+00
1.062874896379440104e+00
1.070194211359744463e+00
1.076352559642337114e+00
1.081462574371143903e+00
1.085645532689097026e+00
1.089024645008670911e+00
1.091719529175071202e+00
1.093842070191601401e+00
1.095493669350707355e+00
1.096763745362103970e+00
1.097729267755088944e+00
1.098455071605809463e+00
1.098994709267013370e+00
1.099391625081781232e+00
1.099680480784874126e+00
1.141052950944547284e+00
1.100036767440052632e+00
1.100141359148305353e+00
1.100214393181126127e+00
1.100264876055633279e+00
1.100299420057553323e+00
1.100322820532455781e+00
1.100338513709736565e+00
1.116018990061968807e+00
1.100355781820473222e+00
1.100360238809935165e+00
1.100363110403596023e+00
1.100364942129607337e+00
1.100366098921661706e+00
1.142575780981552880e+00
1.100367269935324632e+00
7.455269738021552683e-01
7.670958698353917971e-01
7.886631563506082410e-01
8.102208631056864174e-01
8.317486394149078421e-01
8.532084527164749410e-01
8.745404386550970077e-01
9.545857897445704232e-01
9.164592835106187829e-01
9.368054337140243604e-01
9.565490882744683843e-01
9.755296833688767988e-01
9.935850378295086882e-01
1.010561690786061284e+00
1.026325246533628111e+00
1.040769516182442400e+00
1.053823374422014236e+00
1.065454575050680974e+00
1.075670222320950886e+00
1.084514076816955885e+00
1.092061283902595825e+00
1.098411376765244141e+00
1.103680495453303489e+00
1.107993693169274874e+00
1.111478016566942006e+00
1.114256807878709399e+00
1.116445435727504432e+00
1.118148458607518103e+00
1.119458079343972345e+00
1.120453663967503566e+00
1.121202066240680750e+00
1.121758505907000991e+00
1.122167779980148383e+00
1.122465629412688237e+00
1.122680128895673368e+00
1.122833009313357167e+00
1.122940857558524019e+00
1.123016165546509848e+00
1.123068220238159221e+00
1.222527645488556969e+00
1.123127968867478454e+00
1.123144150665910113e+00
1.123154894376670487e+00
1.123161956417816132e+00
1.123166552177264688e+00
1.123169513178966961e+00
1.206420521977284332e+00
1.123172594746547182e+00
1.123173340549712185e+00
1.123173802223519591e+00
7.558459447692290611e-01
7.780041967302218087e-01
8.001607951932344642e-01
8.223075521373321983e-01
8.444235608048373809e-01
8.664697494201132333e-01
8.883846178736537480e-01
9.100816475786650539e-01
9.314488676521658350e-01
9.523509630560785810e-01
9.726341000188846175e-01
9.921333274168251393e-01
1.010682032587784107e+00
1.028122561444062111e+00
1.044316846006313693e+00
1.059155795843171211e+00
1.072566342191514810e+00
1.084515357743443875e+00
1.095010140870468662e+00
1.131415424850797713e+00
1.111849077451868339e+00
1.118372682431146403e+00
1.123785776332679509e+00
1.128216829345677796e+00
1.131796359591389800e+00
1.134651079551832309e+00
1.136899510220156451e+00
1.138649067082885269e+00
1.139994472346951504e+00
1.141017260667674282e+00
1.141786112542787057e+00
1.142357756558942006e+00
1.165623789643170705e+00
1.143084201752503137e+00
1.143304562288553372e+00
1.143461620063324302e+00
1.143572415190937663e+00
1.143649780920122927e+00
1.143703257977281451e+00
1.143739850814090353e+00
1.143764639192687893e+00
1.143781263147873428e+00
1.143792300438569054e+00
1.143799555450177197e+00
1.143804276789989860e+00
1.184064144949218411e+00
1.143809259070881712e+00
1.143810484473458233e+00
1.143811250652970735e+00
1.143811724937120911e+00
7.650908781626077904e-01
7.877771436546489037e-01
8.104617162481440040e-01
8.331362128051916782e-01
8.557792283796473720e-01
8.783507601455202707e-01
9.935942118086202868e-01
9.230018951708842678e-01
9.448782791143633952e-01
9.662784548370426663e-01
9.870449228310592682e-01
1.007008801318304725e+00
1.025999507389413923e+00
1.043855630185234862e+00
1.060435811676091244e+00
1.075628361892292162e+00
1.089358470900322118e+00
1.101592221994804000e+00
1.112337087461633178e+00
1.121639094887351584e+00
1.129577282516788461e+00
1.136256339820263861e+00
1.141798423443622701e+00
1.146335064927726410e+00
1.149999892536139212e+00
1.152922638204335382e+00
1.155224647188151321e+00
1.157015894599600525e+00
1.158393359800427902e+00
1.159440520351963100e+00
1.160227693353703904e+00
1.160812959189635674e+00
1.161243435567951288e+00
1.161556714989560479e+00
1.161782326540412802e+00
1.161943126876715970e+00
1.162056562165323825e+00
1.162135771461302092e+00
1.162190522844103180e+00
1.162227987658305040e+00
1.162253366717437064e+00
1.162270386800497546e+00
1.162281687092874272e+00
1.162289114977621773e+00
1.162293948816061739e+00
1.162297063209261294e+00
1.162299049812078655e+00
1.162300304414952246e+00
1.162301088855486553e+00
1.162301574449031039e+00
7.732912180481129605e-01
7.964458363377883154e-01
8.195987267791287056e-01
8.427413331671089747e-01
8.658518086544713110e-01
8.888893245662655707e-01
9.117896153835806095e-01
9.344622721312199065e-01
9.567902890517281378e-01
9.786322665408968557e-01
9.998274535491905590e-01
1.020203481772795184e+00
1.039586246656836410e+00
1.057811005051483288e+00
1.074733480622790394e+00
1.090239677586954059e+00
1.104253241576443001e+00
1.116739555683212481e+00
1.127706246456873895e+00
1.137200291713091005e+00
1.145302361423357951e+00
1.152119306346289562e+00
1.157775805026094673e+00
1.162406104442212262e+00
1.166146591583335557e+00
1.169129676671492923e+00
1.171479210108020030e+00
1.217436846402814687e+00
1.174713340075405066e+00
1.175782119021695715e+00
1.176585543035190140e+00
1.177182891555825339e+00
1.177622255025687403e+00
1.200640572241697068e+00
1.178172271286357597e+00
1.178336391309697140e+00
1.178452168442162939e+00
1.178533012991585860e+00
1.178588894679447385e+00
1.178627132954682022e+00
1.178653035960996798e+00
1.178670407422551580e+00
1.178681941010002010e+00
1.178689522245053745e+00
1.178694455880250347e+00
1.178697634572259068e+00
1.178699662190114017e+00
1.178700942694797416e+00
1.178701743329055418e+00
1.178702238944644876e+00
7.804926786698023200e-01
8.040585999391539618e-01
8.276227626673385851e-01
8.511764586641905606e-01
8.785008668923141029e-01
8.981441917723612667e-01
9.214512678681329172e-01
9.445266663565676790e-01
9.672513030690493840e-01
9.894812666744831064e-01
1.011052950650399795e+00
1.031790924858928093e+00
1.051517992069704199e+00
1.116755185260449812e+00
1.087289557729676392e+00
1.103071196289898914e+00
1.117333687752730009e+00
1.130041800298741128e+00
1.141203295950315777e+00
1.150865987005165847e+00
1.159111976401518751e+00
1.166050012922955403e+00
1.171806989821975176e+00
1.176519538745725901e+00
1.180326469370961195e+00
1.183362543965291280e+00
1.185753812924732475e+00
1.187614515626215006e+00
1.189045391788537076e+00
1.190133155800147557e+00
1.220491840678630480e+00
1.191558810707262772e+00
1.192005978731085269e+00
1.192331405507327302e+00
1.192565765106357700e+00
1.192732800446578700e+00
1.192850634166392254e+00
1.192932914784690546e+00
1.192989789137515411e+00
1.193028706638220360e+00
1.193055069772429588e+00
1.193072749813732347e+00
1.193084488280971467e+00
1.193092204188535899e+00
1.193097225465282518e+00
1.193100460624030079e+00
1.193102524260182484e+00
1.193103827510185289e+00
1.193104642363763013e+00
1.193105146778610237e+00
7.867540577377767352e-01
8.106775903311094211e-01
8.345993376976613698e-01
8.585104595006355366e-01
8.823883834055981090e-01
9.061909249068278438e-01
9.298516843678893418e-01
9.532772505289771603e-01
9.763467321269672095e-01
9.989140339856168449e-01
1.020813066864247443e+00
1.041865738483829684e+00
1.061892162657610772e+00
1.080722125475686468e+00
1.098206559502064916e+00
1.114227683401930680e+00
1.156318249610242210e+00
1.141607564574063316e+00
1.152938435196926292e+00
1.162747756960767820e+00
1.171118878710587285e+00
1.178162199485637496e+00
1.184006538135442099e+00
1.188790599683290594e+00
1.273152707394423322e+00
1.281976883776487330e+00
1.198165003373387716e+00
1.200053942116998451e+00
1.201506531731191263e+00
1.202610802489628039e+00
1.203440906456747284e+00
1.204058091613541714e+00
1.204512045381041618e+00
1.204842410485712501e+00
1.205080326475260311e+00
1.205249896565635970e+00
1.205369518405349449e+00
1.205453047628838315e+00
1.205510785049754618e+00
1.205550293125710937e+00
1.205577056324443452e+00
1.205595004665483527e+00
1.205606921269546383e+00
1.205614754271398192e+00
1.205619851750571181e+00
1.205623135922488265e+00
1.205625230870893905e+00
1.205626553897807707e+00
1.205627381120959241e+00
1.205627893198885969e+00
7.921439498623660258e-01
8.163753198247163390e-01
8.406048815901469018e-01
8.648236810642759842e-01
8.890088554659681952e-01
9.131176774767070237e-01
9.370828930590933137e-01
9.608098889788078134e-01
9.841762183977390555e-01
1.007033906251987965e+00
1.029214726138273805e+00
1.050538294165853426e+00
1.070822409452097723e+00
1.089894667850426435e+00
1.206944354983152223e+00
1.123831360382587352e+00
1.138496592573970734e+00
1.151563553678762286e+00
1.163040224901501496e+00
1.172975768651894013e+00
1.181454606270824659e+00
1.188588557366339282e+00
1.194508098362306869e+00
1.199353719085638925e+00
1.203268148883372746e+00
1.206389955406542036e+00
1.208848748423464459e+00
1.210761993191046271e+00
1.212233274083800882e+00
1.213351754109779357e+00
1.214192539489043376e+00
1.214817666314018663e+00
1.215277461360867006e+00
1.215612077460419993e+00
1.215853054849575399e+00
1.216024806893122090e+00
1.216145967971814068e+00
1.216230572007886312e+00
1.216289052344485366e+00
1.216329068798312374e+00
1.216356176361799601e+00
1.216374355640682303e+00
1.216386425568675156e+00
1.216394359349463716e+00
1.216399522410256839e+00
1.216402848918841428e+00
1.216404970825877507e+00
1.216406310877758301e+00
1.216407148744770295e+00
1.216407667409751703e+00
7.967375249301340556e-01
8.212312515465093332e-01
8.457231503866031730e-01
8.702041704139321654e-01
8.946512013034100264e-01
9.190210531232295699e-01
9.432457436664887229e-01
9.672296353072752373e-01
9.908489554573618463e-01
1.013954126904687225e+00
1.036375101833803658e+00
1.057929543310351495e+00
1.078433277736054796e+00
1.097712034318660379e+00
1.115613192745584570e+00
1.132016164478989451e+00
1.175095401133849027e+00
1.160048618365304707e+00
1.171649549217710806e+00
1.181692666580678175e+00
1.190263305837449437e+00
1.207559735568995984e+00
1.203458130030765405e+00
1.208356215010330414e+00
1.212313026921542969e+00
1.215468633708469026e+00
1.217954048451651783e+00
1.219888008205244567e+00
1.221375218875013102e+00
1.222505808850200992e+00
1.223355697537142017e+00
1.223987592702359573e+00
1.224452366017638294e+00
1.224790605054627335e+00
1.225034191541218398e+00
1.225207803169460652e+00
1.225330276077439828e+00
1.225415796135998381e+00
1.225474909665092760e+00
1.225515359369770074e+00
1.225542760433949496e+00
1.225561136545969765e+00
1.225573337160303033e+00
1.225581356844501313e+00
1.225586575809163969e+00
1.225589938336149709e+00
1.225592083218138617e+00
1.225593437778472072e+00
1.225594284715384230e+00
1.225594808992887419e+00
8.006135112091505857e-01
8.253286102372430211e-01
8.500418649708632035e-01
8.747441425676263371e-01
8.994121238364476412e-01
9.240022284971279865e-01
9.484458599248336563e-01
9.726465161281722116e-01
9.964793058717617003e-01
1.019793300076327514e+00
1.042416914047364029e+00
1.064166162903235957e+00
1.084855208498943568e+00
1.104308204996380161e+00
1.122371152712255737e+00
1.138922373238834496e+00
1.153880366387591616e+00
1.252841267751084287e+00
1.178913961451520720e+00
1.189047847734592933e+00
1.245878400570961775e+00
1.204972313405935358e+00
1.211010025765191678e+00
1.219253989539390792e+00
1.219944952531724969e+00
1.223129079449557954e+00
1.225636957179404796e+00
1.227588395911604513e+00
1.229089047875783214e+00
1.230229856034581459e+00
1.231087425948154346e+00
1.231725032131130382e+00
1.232194006029764033e+00
1.232535302043334502e+00
1.232781090044636985e+00
1.232956270761106365e+00
1.233079850570633962e+00
1.304174078221501665e+00
1.233225791351103329e+00
1.233266606641768126e+00
1.233294255360297242e+00
1.233312797560421892e+00
1.233325108449280672e+00
1.233333200620625014e+00
1.233338466758737040e+00
1.233341859679307984e+00
1.233344023947951840e+00
1.233345390749796433e+00
1.233346245337923808e+00
1.233346774348019315e+00
8.038514923247512822e-01
9.042001054966388729e-01
8.536496992780272519e-01
8.785368144299081639e-01
9.033893766296948735e-01
9.281634795009029437e-01
9.527900131367756931e-01
9.771717534589606791e-01
1.001182874719435345e+00
1.024671318495223860e+00
1.047464216189951447e+00
1.069376206234854632e+00
1.090220059930054886e+00
1.109818615651136264e+00
1.128016721395061150e+00
1.144691788281777756e+00
1.159761706288486405e+00
1.173189249056035610e+00
1.184982618029582380e+00
1.195192332251253209e+00
1.203905142661519934e+00
1.211235954513460555e+00
1.217318844738751293e+00
1.222298179946857744e+00
1.226320628096273957e+00
1.229528580600520282e+00
1.232055223806017619e+00
1.234021264396122808e+00
1.235533145154937396e+00
1.236682489535992024e+00
1.237546476309227650e+00
1.238188853448188631e+00
1.238661336492837162e+00
1.239005186288849369e+00
1.239252813424264410e+00
1.239429304949545285e+00
1.239553809460386180e+00
1.334129760226271388e+00
1.239700842269300773e+00
1.239741962973477385e+00
1.239769818562705961e+00
1.239788499494612450e+00
1.239800902488111811e+00
1.239809055197406806e+00
1.239814360728795695e+00
1.239817779028691724e+00
1.239819959486915923e+00
1.239821336516057748e+00
1.239822197504486967e+00
1.239822730484944735e+00
8.065295939869071562e-01
8.315825831462267947e-01
8.566337027955437389e-01
8.816736952379877756e-01
9.066789224720620544e-01
9.316052084153328972e-01
9.853842417292909550e-01
9.809145318089957932e-01
1.005073149276188627e+00
1.127428257104863274e+00
1.051638789102966154e+00
1.073685380750856622e+00
1.094657274670291169e+00
1.114376220963414932e+00
1.171221239028705119e+00
1.149463613522272665e+00
1.164626103454910799e+00
1.178136129318566372e+00
1.190001942938545998e+00
1.200274373686888607e+00
1.209040705400301619e+00
1.216416549175184159e+00
1.222536805549035321e+00
1.227546727959351047e+00
1.231593885317775028e+00
1.234821543724303750e+00
1.237363707666698565e+00
1.239341825309153711e+00
1.240862993295829053e+00
1.242019397907488276e+00
1.242888692009789908e+00
1.243535015168634184e+00
1.295612518400828028e+00
1.244356362615691713e+00
1.244605510886351629e+00
1.327098886650871723e+00
1.244908355887531792e+00
1.244995828614364308e+00
1.245056291849457208e+00
1.245097665158694689e+00
1.245125691864251261e+00
1.245144487551492984e+00
1.245156966736529869e+00
1.245165169529041993e+00
1.245170507654230763e+00
1.245173946955014488e+00
1.245176140809864940e+00
1.245177526299375836e+00
1.309051213830830562e+00
1.245178928829181242e+00
8.087226032835762579e-01
8.339008435975621136e-01
8.590772050559318807e-01
8.842423836757125066e-01
9.093726232811165655e-01
9.344235269327209048e-01
9.593252125595365110e-01
9.839793697996656041e-01
1.008258767055360661e+00
1.032009646956518534e+00
1.055057209448030386e+00
1.077214021918001086e+00
1.098290763762492128e+00
1.118108293932331465e+00
1.136509726912769525e+00
1.153371104139510051e+00
1.168609398175360692e+00
1.182186966731395783e+00
1.194112102887375348e+00
1.204435890134047948e+00
1.213246048679125666e+00
1.220658767616696228e+00
1.226809621900899039e+00
1.231844591165577762e+00
1.235911982083044869e+00
1.239155777004983028e+00
1.241710650367620961e+00
1.243698657509192396e+00
1.245227430498060395e+00
1.246389616495632513e+00
1.247263256589201896e+00
1.247912811007246825e+00
1.248390573106165968e+00
1.248738264737714543e+00
1.248988658612084857e+00
1.249167122076128678e+00
1.249293017671804895e+00
1.249380927715818990e+00
1.249441693258932284e+00
1.249483273389468518e+00
1.249511440215514524e+00
1.249530329873482781e+00
1.255753866650451522e+00
1.249551115254688316e+00
1.249556480069620390e+00
1.249559936566417395e+00
1.249562141389918946e+00
1.249563533805732485e+00
1.249564404412573992e+00
1.249564943343554280e+00
8.105005328491735606e-01
8.357803175256703909e-01
8.610582157706933026e-01
8.863248860732830803e-01
9.590698261791528179e-01
9.367084109160870309e-01
9.617105255546607445e-01
9.864641135194429644e-01
1.010841430085045012e+00
1.034688097774747018e+00
1.057828611561026477e+00
1.080074782912744391e+00
1.101236527691877409e+00
1.121133982369647564e+00
1.139609628708807776e+00
1.156539008217672304e+00
1.171838758607644193e+00
1.185471085777715317e+00
1.197444316253806207e+00
1.207809739547461625e+00
1.216655429643817010e+00
1.224098044234558147e+00
1.230273705036657894e+00
1.235328980436537716e+00
1.239412775225789076e+00
1.242669652439650330e+00
1.245234829659200404e+00
1.247230854474215667e+00
1.248765793035367944e+00
1.249932666151973626e+00
1.250809829652681726e+00
1.251462003735523298e+00
1.251941692657261962e+00
1.252290786534963285e+00
1.252542190252082799e+00
1.252721373462740040e+00
1.252847776798618806e+00
1.252936041385531496e+00
1.252997052001851630e+00
1.253038799829580441e+00
1.253067080257439070e+00
1.253086046102669160e+00
1.253098638264815046e+00
1.253106915321285930e+00
1.253112301776429405e+00
1.253115772215960932e+00
1.253117985932633127e+00
1.253119383963384070e+00
1.253120258078785465e+00
1.253120799178746525e+00
8.119276160570831902e-01
8.372889069177421595e-01
8.626483052615738778e-01
8.879964394686246099e-01
9.133093806465143460e-01
9.385424090832873434e-01
9.636251346521457206e-01
9.884585322563206322e-01
1.012914445300490796e+00
1.036837998569406727e+00
1.060053121178662128e+00
1.082371017846146311e+00
1.103600991571364487e+00
1.123562598915978095e+00
1.142097813778037096e+00
1.159081776391157836e+00
1.174430855693068265e+00
1.188107135728357466e+00
1.200118969869073959e+00
1.210517812992620179e+00
1.219392023049180374e+00
1.226858633843504132e+00
1.233054206002940134e+00
1.238125780442837165e+00
1.242222742058717078e+00
1.245490119980723787e+00
1.248063567753480152e+00
1.250066028080174529e+00
1.251605915534427460e+00
1.252776550839947989e+00
1.253656542457545209e+00
1.254310819254035314e+00
1.254792054768867349e+00
1.255142274180147455e+00
1.255394488462535874e+00
1.255574249388937913e+00
1.255701060271190661e+00
1.255789609440727483e+00
1.255850816770286205e+00
1.255892699206601071e+00
1.255921070823316832e+00
1.255940097826479640e+00
1.255952730596903377e+00
1.255961034348384464e+00
1.255966438177313460e+00
1.255969919810891344e+00
1.255972140666919756e+00
1.255973543203861231e+00
1.255974420132762059e+00
1.255974962969009789e+00
8.130616987006511476e-01
8.384877613617789383e-01
8.639119266730687086e-01
8.893247990785787538e-01
9.147023885736369486e-01
9.399998612333858583e-01
9.651466471572435202e-01
9.900434683420320514e-01
1.014561840885127353e+00
1.038546494025784916e+00
1.061820907200948128e+00
1.084195802952525378e+00
1.105479997246795465e+00
1.125492585799508616e+00
1.144075138915887857e+00
1.161102477942372868e+00
1.176490758226034661e+00
1.190201966975562797e+00
1.202244478897263935e+00
1.212669880282470469e+00
1.221566754744355388e+00
1.229052434987705666e+00
1.235263830410626262e+00
1.240348357465412610e+00
1.244455782570868196e+00
1.247731505255943452e+00
1.250311525519103295e+00
1.252319100054340772e+00
1.253862920321947572e+00
1.255036545383250823e+00
1.255918784462368487e+00
1.326141617229103620e+00
1.257057196819745037e+00
1.257408310673924223e+00
1.354539804460309416e+00
1.257841389127696274e+00
1.257968523933850058e+00
1.258057299248771521e+00
1.258118662868755733e+00
1.258160652278926595e+00
1.258189096339202395e+00
1.258208171917943430e+00
1.258220836932343545e+00
1.258229161872171487e+00
1.258234579485357552e+00
1.258238069997959174e+00
1.258240296518771340e+00
1.258241702637887371e+00
1.258242581815200545e+00
1.258243126056004968e+00
8.139539779124039809e-01
8.394310020545134865e-01
8.649061250446414828e-01
8.903699324931688697e-01
9.157983863143931424e-01
9.411465627220606533e-01
9.663437503722708266e-01
9.912904722788556944e-01
1.015857987018779163e+00
1.039890712621971636e+00
1.063211774725086878e+00
1.085631516500888072e+00
1.106958370725465768e+00
1.127011070527915715e+00
1.145630868672615321e+00
1.162692335610363559e+00
1.178111458638349651e+00
1.191850148776255613e+00
1.203916797515942383e+00
1.214363094543251309e+00
1.223277801017846889e+00
1.230778484820334473e+00
1.237002329742084683e+00
1.242097047717036773e+00
1.246212705336623650e+00
1.249494993554689071e+00
1.252080184955244091e+00
1.254091783276470640e+00
1.255638697829386086e+00
1.256814675195889741e+00
1.257698682557135905e+00
1.258355945074797422e+00
1.258839376657216347e+00
1.259191194258674207e+00
1.259444559494673488e+00
1.259625140739797811e+00
1.259752530306267992e+00
1.259841483555025343e+00
1.259902970150074131e+00
1.259945043734645109e+00
1.259973544806072487e+00
1.259992658619271788e+00
1.260005349020141940e+00
1.260013690648365881e+00
1.260019119123416464e+00
1.260022616635682047e+00
1.260024847622479349e+00
1.260026256562257529e+00
1.260027137502286232e+00
1.260027682831946994e+00
8.146490302499785896e-01
8.401657514913956071e-01
8.656805686198313365e-01
8.911840525727555695e-01
9.166521278132927497e-01
9.420398005557999443e-01
1.032613560026104826e+00
9.922618419911912735e-01
1.016867636675696351e+00
1.040937808940273657e+00
1.064295208824153294e+00
1.086749883985978826e+00
1.108109968710632831e+00
1.128193913685794803e+00
1.146842724323437590e+00
1.163930775635849235e+00
1.179373924015501451e+00
1.193134021133499534e+00
1.205219471556688848e+00
1.215682045511153220e+00
1.224610642461643195e+00
1.232123013480330709e+00
1.238356556100448813e+00
1.243459212425159111e+00
1.247581282868748254e+00
1.250868685393810686e+00
1.253457904917857801e+00
1.255472637616726006e+00
1.257021962498770629e+00
1.296737068413607474e+00
1.259085156996750721e+00
1.259743443629302018e+00
1.260227628471427108e+00
1.280961128787751591e+00
1.260833754275389573e+00
1.261014616893621154e+00
1.261142204952776513e+00
1.261231296803487556e+00
1.261292879242443599e+00
1.261335018349677650e+00
1.261363563831867651e+00
1.261382707429228756e+00
1.261395417605621905e+00
1.261403772233183007e+00
1.261409209168119716e+00
1.261412712131067426e+00
1.261414946594505704e+00
1.261416357729350013e+00
1.261417240040992205e+00
1.261417786218576698e+00
8.151850674166503108e-01
8.407324037923198379e-01
8.662778337727305988e-01
8.918119169754615827e-01
9.173105489844766147e-01
9.427286820279923152e-01
9.679954096108839279e-01
9.930109802074635894e-01
1.017646297090395668e+00
1.041745348910041891e+00
1.065130773159912669e+00
1.087612389592378825e+00
1.108998102290809085e+00
1.129106144118606991e+00
1.147777329725035766e+00
1.164885883396644894e+00
1.180347560569890986e+00
1.194124167145226734e+00
1.206224117773375681e+00
1.227062144391946941e+00
1.225638554336153652e+00
1.233159938755123752e+00
1.239400960415241837e+00
1.244509738941640187e+00
1.248636755073349036e+00
1.251928101846244923e+00
1.310328946768557934e+00
1.256537577921789106e+00
1.258088761693759050e+00
1.259267984555657138e+00
1.260154431624628257e+00
1.260813508072774924e+00
1.261298273841983342e+00
1.338911658355133261e+00
1.261905126878106742e+00
1.262086206496367380e+00
1.262213947637026878e+00
1.262303146381969388e+00
1.262364802709937006e+00
1.262406992378638737e+00
1.262435572113127069e+00
1.262454738682667221e+00
1.262467464112440707e+00
1.262475828767300357e+00
1.262481272228291873e+00
1.262484779396024548e+00
1.262487016541170570e+00
1.262488429368589404e+00
1.262489312736920999e+00
1.262489859566498840e+00
8.155943591358633116e-01
8.411650717281963230e-01
8.667338761760478016e-01
8.922913234733872434e-01
9.178132871337886245e-01
9.432546781708609496e-01
9.685445252089145418e-01
9.935829854480285883e-01
1.018240844035426251e+00
1.042361946868397338e+00
1.065768769151133721e+00
1.088270956618079932e+00
1.109676237581626257e+00
1.129802678585588804e+00
1.148490948621960994e+00
1.165615156890621895e+00
1.181090981742878965e+00
1.194880194131010764e+00
1.206991216405303602e+00
1.217475928333559221e+00
1.226423417484755918e+00
1.233951684074306554e+00
1.261640289995080710e+00
1.245311869523596515e+00
1.249442661940636023e+00
1.252737020348060337e+00
1.255331718454405276e+00
1.257350714166532990e+00
1.258903317295208879e+00
1.260083619163227420e+00
1.260970877343420282e+00
1.261630556854820506e+00
1.262115766190238686e+00
1.262468877551886193e+00
1.262723174503407542e+00
1.262904419812088230e+00
1.263032277838812778e+00
1.263121558204282735e+00
1.263183270952431769e+00
1.263225499230296034e+00
1.263254105121661697e+00
1.263273289235499863e+00
1.263286026315918020e+00
1.263294398630766091e+00
1.263299847043279467e+00
1.263303357419826467e+00
1.263305596611874471e+00
1.263307010732134472e+00
1.263307894909063922e+00
1.263308442267871534e+00
8.159037672314300993e-01
8.414921513043602808e-01
8.670786259155025544e-01
8.926537355246406680e-01
9.181933369760824082e-01
9.436523101218422527e-01
9.689596345391262577e-01
9.940153984284084698e-01
1.018690297638615405e+00
1.042828070151779363e+00
1.066251068487672704e+00
1.088768806830118230e+00
1.163968466645973310e+00
1.130329230657882711e+00
1.154777952931662410e+00
1.166166458352034807e+00
1.181652978281236832e+00
1.195451720157383990e+00
1.207571112151297088e+00
1.218063069883998928e+00
1.227016742491345846e+00
1.234550211741029191e+00
1.240801261055439086e+00
1.245918248015014829e+00
1.250051895151741421e+00
1.253348530233684643e+00
1.255945021491368996e+00
1.257965412496866442e+00
1.259519088603083370e+00
1.260700206157699510e+00
1.261588077507104222e+00
1.262248212912044920e+00
1.262733757567665815e+00
1.263087112958823699e+00
1.263341585650809895e+00
1.263522956215062276e+00
1.263650902602122983e+00
1.263740244667342028e+00
1.341112368939633370e+00
1.263844257523771608e+00
1.263872883183177143e+00
1.263892080553720820e+00
1.263904826435402029e+00
1.263913204535175527e+00
1.263918656746621405e+00
1.263922169552362140e+00
1.263924410293207012e+00
1.263925825389867530e+00
1.263926710174593016e+00
1.263927257877678789e+00
8.161353418971132312e-01
8.417369520855434439e-01
8.673366518266069081e-01
8.929249806885782847e-01
9.184777830407844235e-01
9.439499154121756552e-01
9.692703206709466501e-01
9.943390353751847544e-01
1.019026688539139469e+00
1.043176937376192548e+00
1.066612042583683584e+00
1.089141419887364348e+00
1.110572565273848733e+00
1.130723325453176997e+00
1.149434176894604365e+00
1.166579076681639737e+00
1.182073601278101238e+00
1.195879475443374806e+00
1.208005131704684487e+00
1.218502512517213310e+00
1.227460813096233894e+00
1.292993585219739172e+00
1.305434257195974945e+00
1.246372088425664160e+00
1.250507872161195078e+00
1.253806211207127097e+00
1.256404044538187215e+00
1.258425479841906114e+00
1.259979959010112394e+00
1.335195228262237688e+00
1.262050017326922458e+00
1.262710493938899781e+00
1.263196289580159615e+00
1.263549827615848109e+00
1.263804431841168086e+00
1.263985896152632682e+00
1.264113908671609110e+00
1.264203296913319008e+00
1.264265084213564094e+00
1.264307363521610661e+00
1.264336003969675604e+00
1.264355211254557965e+00
1.264367963715429921e+00
1.264376346136923734e+00
1.264381801158653618e+00
1.264385315773968843e+00
1.264387557669448547e+00
1.264388973497338364e+00
1.264389858743195871e+00
1.264390406744451578e+00
8.163069394444668614e-01
8.444801887818094155e-01
8.675278498260444726e-01
8.931259741985099199e-01
9.186885584592292542e-01
9.441704418577352431e-01
9.695005400607220603e-01
9.945788513591076185e-01
1.019275955242484821e+00
1.043435449074305188e+00
1.066879525511378324e+00
1.089417527321345336e+00
1.110856876798337112e+00
1.131015350921872775e+00
1.149733365094108617e+00
1.166884828147310316e+00
1.182385284227192024e+00
1.196196443440920243e+00
1.208326741543715777e+00
1.218828140874879340e+00
1.227789870794597116e+00
1.235330119329365539e+00
1.241586793896445329e+00
1.246708385576618783e+00
1.250845752537185662e+00
1.254145354225023823e+00
1.256744182036953816e+00
1.258766391170623722e+00
1.260321465413632325e+00
1.261503645843973676e+00
1.262392316180282581e+00
1.263053045635190275e+00
1.263539027228470113e+00
1.263892700601433106e+00
1.264147402291380118e+00
1.264328936069209819e+00
1.264456997593276011e+00
1.264546420055866260e+00
1.361256916088492419e+00
1.264650526506220451e+00
1.264679177921874231e+00
1.264698392563877505e+00
1.264711149911328603e+00
1.264719535546649620e+00
1.264724992661322878e+00
1.264728508626036030e+00
1.264730751382406648e+00
1.264732167753082281e+00
1.264733053336188240e+00
1.264733601535908525e+00
8.164328295979437211e-01
8.420514304476111045e-01
8.676681195808730873e-01
8.932734302909849378e-01
9.188431909128075281e-01
9.443322280167020244e-01
9.696694373133715183e-01
9.947547890195798104e-01
1.019458826291740339e+00
1.043625102585399089e+00
1.067075760640202597e+00
1.089620089699427918e+00
1.111065457993313021e+00
1.131229591344790064e+00
1.149952860354366502e+00
1.167109138456382311e+00
1.182613946086495282e+00
1.196428982602473212e+00
1.208562686127807151e+00
1.219067033589573690e+00
1.228031279397955977e+00
1.297711752526341078e+00
1.241832075806260427e+00
1.246955105306778222e+00
1.251093633779401859e+00
1.254394161787479645e+00
1.256993719186243252e+00
1.259016496028098508e+00
1.260572006836739645e+00
1.261754519147074038e+00
1.262643438963778175e+00
1.263304353907360289e+00
1.263790471931119930e+00
1.264144244591095090e+00
1.264399017783771839e+00
1.264580602524489006e+00
1.264708700001209607e+00
1.264798147569823561e+00
1.264859975893640076e+00
1.264902283257593796e+00
1.264930942723740293e+00
1.264950162741969919e+00
1.264962923665547745e+00
1.264971311649751629e+00
1.264976770291669661e+00
1.264980287239689360e+00
1.264982530623463441e+00
1.264983947391557839e+00
1.264984833225509586e+00
1.264985381584082136e+00
8.165242689426477352e-01
8.421480922432625915e-01
8.677700034393284190e-01
8.933805338896041448e-01
9.189555070061160569e-01
9.444497401488978205e-01
9.697921145337746740e-01
9.948825799860305796e-01
1.019591653271814780e+00
1.043762855954462943e+00
1.067218294516637300e+00
1.089767219324593306e+00
1.111216959339868859e+00
1.131385203227940117e+00
1.150112289048313974e+00
1.167272064523979136e+00
1.182780032869085618e+00
1.196597885633727598e+00
1.208734062661576569e+00
1.219240551475466727e+00
1.228206624680485026e+00
1.321766681876858973e+00
1.242010234436011551e+00
1.247134308282253690e+00
1.251273680409462408e+00
1.254574881242678241e+00
1.257174968571365126e+00
1.259198157764775505e+00
1.260753985671623889e+00
1.261936739043643563e+00
1.262825840072624217e+00
1.263486889749151132e+00
1.263973106872852137e+00
1.358080625376095307e+00
1.264581776784216682e+00
1.264763398542090078e+00
1.264891522130740631e+00
1.264980987931020984e+00
1.265042828840147182e+00
1.265085144834920738e+00
1.265113810135238159e+00
1.265133034088269826e+00
1.265145797617212464e+00
1.298346098645105418e+00
1.265159647073813343e+00
1.265163164741829327e+00
1.265165408584858930e+00
1.265166825642164872e+00
1.265167711655169391e+00
1.265168260121793953e+00
8.165900248993862576e-01
8.422176037743835941e-01
8.678432702624330197e-01
9.862472112186523310e-01
9.190362758720609371e-01
9.445342455957365102e-01
9.698803343042122771e-01
9.949744771588436842e-01
1.019687171948031157e+00
1.043861917300628495e+00
1.067320793626347353e+00
1.089873023333937541e+00
1.111325907145986669e+00
1.131497107007529035e+00
1.150226937576971808e+00
1.167389228087731379e+00
1.182899469369615986e+00
1.196719347357954266e+00
1.208857303133356265e+00
1.219365331838182520e+00
1.228332719161769004e+00
1.235877727741417464e+00
1.242138352051742167e+00
1.247263176915131222e+00
1.251403155732784489e+00
1.254704840409111677e+00
1.257305308821428103e+00
1.259328794544548824e+00
1.330652206863775833e+00
1.262067777203176311e+00
1.262957008542043402e+00
1.301581899440624079e+00
1.264104443488035745e+00
1.264458340128127078e+00
1.264713202606382980e+00
1.264894850983485863e+00
1.265022993351571978e+00
1.265112472267180488e+00
1.265174322256404249e+00
1.265216644445152028e+00
1.265245313952823691e+00
1.265264540710755670e+00
1.265277306107261746e+00
1.265285697031914847e+00
1.265291157587647763e+00
1.265294675768872334e+00
1.265296919939294717e+00
1.265298337204016077e+00
1.265299223348097524e+00
1.265299771898028558e+00
8.166368412708274738e-01
8.422670940079852731e-01
8.678954341597654443e-01
8.935123907122137776e-01
9.190937810079483627e-01
9.445944110709724173e-01
9.699431442722394880e-01
9.950399053328224941e-01
1.024621684891219964e+00
1.043932446162289862e+00
1.067393770077781134e+00
1.089948352779923635e+00
1.111403474885950926e+00
1.131576779316432635e+00
1.150308564069091100e+00
1.167472645213208038e+00
1.182984504761343203e+00
1.237437663960971435e+00
1.208945046844555504e+00
1.219454171908329165e+00
1.228422494847688284e+00
1.235968290641398237e+00
1.242229568154309849e+00
1.247354927715394357e+00
1.251495338478842090e+00
1.254797367637403571e+00
1.257398107370560680e+00
1.259421804215136609e+00
1.260978022504455787e+00
1.262161072648346538e+00
1.263050396766927097e+00
1.263711612311185783e+00
1.264197951434263834e+00
1.264551884999738141e+00
1.264806774070188711e+00
1.264988441399868657e+00
1.265116597137018628e+00
1.265206085386085144e+00
1.265267941816301533e+00
1.265310268426644180e+00
1.265338940920839095e+00
1.265358169698887147e+00
1.265370936431849946e+00
1.265379328236466261e+00
1.265384789365944451e+00
1.265388307917356236e+00
1.265390552323719220e+00
1.352977550487540759e+00
1.265392855970939978e+00
1.265393404573867953e+00
8.166698418111506541e-01
8.423019793354743490e-01
8.679322041324889492e-01
8.935510444956289433e-01
9.191343159853035960e-01
9.446368213033592420e-01
9.699874185895231982e-01
9.950860252055691024e-01
1.019803115903940682e+00
1.043982161474961812e+00
1.067445210679855983e+00
1.090001451991781556e+00
1.111458151855908127e+00
1.131632939782717395e+00
1.150366102025817350e+00
1.167531445375254551e+00
1.183044445628283148e+00
1.196866781904927457e+00
1.209006896787306884e+00
1.219516794666717363e+00
1.228485777114697530e+00
1.236032127804391534e+00
1.242293865759320326e+00
1.247419602229838054e+00
1.251560317469592176e+00
1.254862589451678279e+00
1.257463520436854498e+00
1.259487366098660077e+00
1.261043698827397419e+00
1.262226835968251581e+00
1.263116225483404076e+00
1.263777489649376973e+00
1.264263864543059057e+00
1.264617824136060165e+00
1.264872731950461349e+00
1.265054412639573300e+00
1.265182577801006847e+00
1.265272072631121736e+00
1.265333933614571027e+00
1.265376263332485873e+00
1.265404937934911267e+00
1.265424168126577209e+00
1.333985406638336535e+00
1.265445328218768317e+00
1.265450789749778870e+00
1.265454308549115003e+00
1.265456553117574101e+00
1.265457970634069396e+00
1.265458856934697840e+00
1.265459405583268637e+00
8.166928723978621463e-01
8.423263252871471263e-01
8.679578653519093301e-01
8.935780203966831037e-01
1.015582476240701082e+00
9.446664187743257779e-01
9.700183169776405157e-01
9.951182115794087180e-01
1.019836570685267008e+00
1.044016857052888270e+00
1.067481110311658821e+00
1.090038509142674084e+00
1.111496310100629659e+00
1.180242727586720664e+00
1.150406256910751823e+00
1.167572481134480755e+00
1.183086277468487824e+00
1.196909323066262631e+00
1.209050060943175131e+00
1.219560498159232065e+00
1.228529940868658077e+00
1.236076678817553676e+00
1.242338738103193840e+00
1.247464737611198471e+00
1.251605665340078666e+00
1.254908106784906607e+00
1.257509171241190549e+00
1.259533120761037850e+00
1.261089533356739567e+00
1.262272731213577304e+00
1.263162166370722206e+00
1.263823464472137559e+00
1.264309864317574972e+00
1.264663842073611377e+00
1.264918762972946809e+00
1.265100452985316037e+00
1.265228624723933715e+00
1.265318124146618928e+00
1.265379988306575942e+00
1.265422320196271766e+00
1.265450996271115569e+00
1.265470227450709695e+00
1.265482995778331565e+00
1.265491388631237779e+00
1.265496850442908050e+00
1.265500369433753880e+00
1.265502614120237235e+00
1.265504031709563604e+00
1.265504918026982617e+00
1.265505466703847892e+00
8.167087853077000803e-01
8.423431470441684610e-01
8.679755958875552402e-01
8.935966593087802945e-01
9.191821507702812033e-01
9.446868690517258305e-01
9.700396661195617165e-01
9.951404506509561321e-01
1.076476515339803708e+00
1.044040829850916507e+00
1.067505915046695453e+00
1.090064113661857403e+00
1.111522675417227601e+00
1.131699213998190068e+00
1.150434001799307104e+00
1.229991566221839250e+00
1.183115181043929987e+00
1.196938716744853082e+00
1.209079885077851246e+00
1.219590694946868670e+00
1.228560455672534468e+00
1.236107461192516688e+00
1.242369742505241792e+00
1.247495923758303205e+00
1.251636998306014936e+00
1.254939556840652504e+00
1.257540713519906150e+00
1.259564734797663288e+00
1.261121202577358602e+00
1.262304442385962844e+00
1.263193909079618926e+00
1.263855230628983639e+00
1.329465182472744589e+00
1.264695638028901392e+00
1.264950567962773054e+00
1.265132264417116570e+00
1.265260440700004096e+00
1.265349943295524859e+00
1.265411809646584729e+00
1.265454143037923584e+00
1.265482820128480901e+00
1.265502051988860899e+00
1.265514820768152804e+00
1.265523213917752576e+00
1.265528675922437563e+00
1.265532195037724517e+00
1.265534439803819300e+00
1.265535857443774503e+00
1.327682984676284539e+00
1.265537292511879741e+00
8.167196709698224533e-01
8.423546544281190762e-01
8.679877249480469903e-01
8.936094097674600611e-01
9.191955217655157773e-01
9.447008586244926009e-01
9.700542705852418512e-01
9.951556638973588775e-01
1.019875498932132141e+00
1.044057229100461504e+00
1.067522883405662038e+00
1.090081629135074337e+00
1.111540711334691789e+00
1.131717739266428380e+00
1.150452981450885481e+00
1.167620230666887471e+00
1.183134953326970606e+00
1.196958824296395330e+00
1.209100287094655668e+00
1.219611351887091022e+00
1.228581330160380736e+00
1.236128518724799674e+00
1.242390951915794517e+00
1.247517257496330911e+00
1.251658432479288541e+00
1.254961071112319582e+00
1.257562290878655897e+00
1.259586361247919895e+00
1.261142866776248761e+00
1.262326135280872785e+00
1.285731858958497176e+00
1.263876961131377152e+00
1.264363390018557354e+00
1.264717388909582407e+00
1.264972325024977806e+00
1.265154025885712130e+00
1.265282205278261296e+00
1.265371710047106690e+00
1.265433577908261054e+00
1.265475912325038754e+00
1.265504590107405791e+00
1.265523822429959644e+00
1.265536591514394349e+00
1.265544984863035793e+00
1.265550446996083656e+00
1.265553966193460944e+00
1.265556211012020649e+00
1.265557628686121427e+00
1.362258090257840504e+00
1.265559063795117067e+00
8.167270435710579646e-01
8.423624481068275882e-01
8.679959396727120469e-01
8.936180453512581057e-01
9.656499662572258780e-01
9.447103334309185918e-01
9.700641618440802860e-01
9.951659674689892210e-01
1.019886208549099393e+00
1.044068335923913127e+00
1.067534375673346858e+00
1.090093491950396620e+00
1.111552926634476801e+00
1.131730285991875418e+00
1.150465835919358915e+00
1.167633367122669963e+00
1.183148344625864379e+00
1.211003870248410719e+00
1.209114104897383912e+00
1.219625342343657382e+00
1.228595467957253939e+00
1.236142780488737491e+00
1.242405316546577598e+00
1.247531706330778478e+00
1.251672949335816298e+00
1.254975642217400988e+00
1.257576904711178001e+00
1.259601008328165461e+00
1.261157539424591301e+00
1.262340827367126384e+00
1.263230330244129229e+00
1.263891678695951537e+00
1.264378115575628625e+00
1.264732120283539984e+00
1.264987060587913437e+00
1.265168764433588278e+00
1.265296945930551198e+00
1.265386452167062359e+00
1.265448321028075362e+00
1.265490656148056337e+00
1.265519334405035279e+00
1.265538567047586271e+00
1.265551336346142364e+00
1.265559729837013148e+00
1.265565192063759170e+00
1.265568711322109019e+00
1.265570956179482787e+00
1.265572373877133616e+00
1.265573260290136615e+00
1.265573809003866401e+00
8.167319872161419303e-01
8.423676741024018755e-01
8.680014479979838438e-01
8.936238358802764958e-01
9.192106499652593632e-01
9.447166866946730135e-01
9.700707943570237024e-01
9.951728764553280371e-01
1.019893389806237893e+00
1.044075783525042267e+00
1.067542081731447157e+00
1.090101446476377189e+00
1.111561117516594477e+00
1.131738699109153812e+00
1.150474455391600426e+00
1.167642175679615146e+00
1.183157324066124838e+00
1.196981574364736511e+00
1.209123370326640412e+00
1.219634723544337440e+00
1.228604947955229454e+00
1.236152343612100024e+00
1.242414948648799866e+00
1.247541394895950839e+00
1.251682683513374306e+00
1.254985412771318254e+00
1.257586703915543724e+00
1.259610829825636769e+00
1.261167378064761646e+00
1.262350679038527268e+00
1.263240191710504279e+00
1.263901547444114426e+00
1.264387989679075730e+00
1.264741998283968716e+00
1.264996941394907148e+00
1.265178647241554044e+00
1.265306830151325279e+00
1.265396337375695790e+00
1.265458206934747087e+00
1.265500542514486515e+00
1.265529221093977030e+00
1.265548453955692709e+00
1.265561223402320357e+00
1.265569616992542112e+00
1.323949489661048196e+00
1.265578598512750119e+00
1.265580843392346333e+00
1.265582261105506312e+00
1.265583147531011310e+00
1.265583696256666668e+00
8.167352691850844337e-01
8.423711435171555850e-01
8.680051048442820605e-01
8.936276800754132665e-01
9.192146812488558583e-01
9.447209044760908059e-01
9.700751975253685266e-01
9.951774631678037553e-01
1.019898157272862482e+00
1.044080727811124154e+00
1.067547197601053321e+00
1.187935655271274316e+00
1.111566555249225541e+00
1.131744284378409571e+00
1.223910904678486844e+00
1.167648023471689500e+00
1.183163285303497014e+00
1.196987636683754408e+00
1.209129521425440279e+00
1.219640951501412829e+00
1.228611241502171936e+00
1.236158692347785859e+00
1.242421343174588966e+00
1.247547826906680202e+00
1.251689145805574332e+00
1.317459998761859152e+00
1.257593209371100196e+00
1.259617350082214537e+00
1.261173909704247587e+00
1.262357219332576053e+00
1.263246738511634382e+00
1.263908099084481984e+00
1.264394544879751558e+00
1.264748556076158437e+00
1.265003501053278745e+00
1.265185208229137270e+00
1.265313392074618903e+00
1.265402899950289983e+00
1.265464769941383905e+00
1.265507105836270574e+00
1.265535784615630988e+00
1.265555017607132182e+00
1.265567787136141487e+00
1.265576180777525872e+00
1.265581643101636011e+00
1.265585162422613541e+00
1.265587407320347912e+00
1.265588825044489329e+00
1.265589711475615831e+00
1.265590260202661854e+00
8.167374263447547689e-01
8.423734238804743146e-01
8.680075084009615249e-01
8.936302067729193777e-01
9.192173309151229210e-01
9.447236767229106880e-01
9.700780916225782979e-01
9.951804779041883986e-01
1.019901290814631434e+00
1.044083977572083821e+00
1.067550560139645999e+00
1.090110198255572316e+00
1.111570129340926805e+00
1.131747955442454101e+00
1.150483938762048020e+00
1.167651867085980566e+00
1.183167203482788699e+00
1.196991621301622954e+00
1.209133564395974192e+00
1.219645044988585836e+00
1.228615378099132682e+00
1.236162865214358142e+00
1.242425546139580117e+00
1.247552054507843122e+00
1.251693393308431546e+00
1.254996162588182029e+00
1.257597485254526859e+00
1.259621635693156660e+00
1.261178202795238290e+00
1.262361518109473835e+00
1.263251041562242882e+00
1.263912405312124454e+00
1.264398853443793769e+00
1.264752866340306703e+00
1.265007812541803833e+00
1.265189520590622507e+00
1.265317705052816155e+00
1.265407213360633332e+00
1.265469083664828354e+00
1.265511419752768818e+00
1.265540098673975988e+00
1.265559331762343254e+00
1.265572101357219204e+00
1.265580495043121090e+00
1.265585957396941019e+00
1.265589476737194463e+00
1.265591721646700529e+00
1.265593139377011678e+00
1.265594025810023560e+00
1.265594574535584327e+00
8.167388300979552263e-01
8.423749078073915486e-01
8.680090724966679216e-01
8.936318509996923343e-01
9.192190551627680284e-01
9.447254807388032471e-01
9.700799749315782705e-01
9.951824397181042725e-01
1.019903329940105463e+00
1.044086092326219628e+00
1.067552748282988517e+00
1.090112456951581876e+00
1.111572455150445116e+00
1.131750344355837878e+00
1.150486386270083816e+00
1.167654368284754884e+00
1.183169753204008412e+00
1.196994214257157907e+00
1.209136195324123975e+00
1.219647708790350338e+00
1.228618069954857894e+00
1.297379046300187966e+00
1.242428281185901318e+00
1.247554805587256954e+00
1.251696157339875493e+00
1.254998936948896970e+00
1.257600267750503598e+00
1.259624424518832608e+00
1.352853728620247109e+00
1.262364315500865697e+00
1.263253841733230631e+00
1.263915207548844899e+00
1.264401657199201834e+00
1.264755671200576526e+00
1.265010618197874859e+00
1.265192326814602364e+00
1.265320511678791116e+00
1.265410020268310065e+00
1.265471890771529218e+00
1.265514226997965119e+00
1.265542906016213553e+00
1.265562139172845102e+00
1.265574908815871202e+00
1.265583302535659094e+00
1.320026419583280486e+00
1.265592284195310890e+00
1.265594529109633770e+00
1.265595946828931506e+00
1.265596833268326948e+00
1.265597382003220472e+00
8.167397344965219297e-01
8.423758638596150483e-01
8.680100801971331048e-01
8.936329103285941544e-01
9.192201660468642954e-01
9.447266430153296035e-01
9.700811882944047060e-01
9.951837036594192165e-01
1.019904643691079915e+00
1.083913335461732297e+00
1.067554158041987611e+00
1.090113912165704635e+00
1.111573953603806286e+00
1.131751883465225594e+00
1.150487963130325975e+00
1.167655979736373695e+00
1.183171395917229196e+00
1.196995884825016176e+00
1.209137890356723144e+00
1.219649425002645726e+00
1.228619804241817492e+00
1.236167330166009215e+00
1.242430043300327913e+00
1.247556578031950636e+00
1.251697938129722409e+00
1.255000724393902090e+00
1.257602060436671110e+00
1.259626221276685110e+00
1.261182796383926163e+00
1.262366117784417652e+00
1.263255645813045946e+00
1.263917012965754205e+00
1.264403463600801469e+00
1.264757478319431971e+00
1.265012425833103027e+00
1.265194134816715055e+00
1.265322319937483453e+00
1.265411828702839747e+00
1.265473699305755817e+00
1.265516035623285296e+00
1.265544714686501093e+00
1.265563947867748285e+00
1.265576717522166827e+00
1.265585111245550065e+00
1.265590573622755954e+00
1.265594092977887719e+00
1.265596337897610502e+00
1.265597755636084010e+00
1.265598642076884772e+00
1.265599190810872798e+00
8.167403113819931004e-01
8.423764736932318753e-01
8.680107229770803734e-01
8.936335860389388319e-01
9.192208746425276633e-01
9.447273843924977044e-01
9.700819622578109591e-01
9.951845098851354043e-01
1.019905481688758053e+00
1.044088323880547398e+00
1.067555057279761188e+00
1.090114840397927942e+00
1.111574909417054613e+00
1.131752865211673731e+00
1.150488968956917324e+00
1.167657007627824539e+00
1.183172443749553659e+00
1.286468092472640601e+00
1.209138971561656950e+00
1.219650519716822590e+00
1.228620910484146567e+00
1.236168446111408192e+00
1.242431167289222982e+00
1.247557708607962335e+00
1.251699074026871861e+00
1.255001864535083111e+00
1.257603203921497714e+00
1.259627367370582007e+00
1.261183944477929364e+00
1.262367267398578408e+00
1.263256796569593332e+00
1.351882196287674809e+00
1.264404615830604817e+00
1.264758631003360057e+00
1.265013578844073283e+00
1.265195288060952938e+00
1.265323473346650740e+00
1.265412982228971694e+00
1.265474852929008076e+00
1.265517189286856636e+00
1.265545868389737816e+00
1.265565101598803421e+00
1.265577871272769217e+00
1.265586265009858824e+00
1.265591727396499611e+00
1.265595246757811543e+00
1.265597491681095255e+00
1.265598909420944551e+00
1.265599795861226395e+00
1.265600344593040605e+00
8.167406756994566308e-01
8.423768588182587447e-01
8.680111289092810045e-01
8.936340127667387057e-01
9.192213221382232735e-01
9.447278525905318247e-01
9.700824510348652341e-01
9.951850190366687832e-01
1.019906010905005544e+00
1.044088872724818096e+00
1.067555625170861555e+00
1.090115426599566950e+00
1.111575513036678231e+00
1.131753485208708332e+00
1.150489604161070156e+00
1.167657656766361685e+00
1.183173105481160281e+00
1.196997623377158870e+00
1.209139654368993178e+00
1.219651211055938766e+00
1.281686384458699868e+00
1.236169150860855659e+00
1.242431877118989947e+00
1.247558422599039707e+00
1.251699791379624394e+00
1.255002584568716273e+00
1.257603926066418021e+00
1.259628091157981578e+00
1.261184669527892543e+00
1.262367993407736089e+00
1.263257523299126328e+00
1.263918891835835057e+00
1.264405343488084865e+00
1.264759358946577317e+00
1.265014306993153648e+00
1.265196016357262643e+00
1.265324201747783928e+00
1.265413710703501948e+00
1.265475581458143095e+00
1.265517917854642072e+00
1.265546596985968941e+00
1.265565830216336174e+00
1.265578599906458379e+00
1.265586993655727577e+00
1.265592456051245041e+00
1.265595975418466912e+00
1.265598220344824387e+00
1.265599638085000533e+00
1.265600524522946024e+00
1.265601073249906783e+00
8.167409034875435792e-01
8.423770996161847879e-01
8.680113827181290542e-01
9.231365119652332751e-01
9.192216019331835852e-01
9.447281453295404141e-01
9.700827566408226632e-01
9.951853373816672566e-01
1.019906341795402849e+00
1.044089215887543665e+00
1.067555980242511637e+00
1.090115793119893706e+00
1.111575890447491943e+00
1.131753872859405874e+00
1.150490001319925515e+00
1.167658062637616734e+00
1.183173519226143000e+00
1.196998044137800976e+00
1.209140081291531832e+00
1.219651643313051315e+00
1.228622045913972061e+00
1.236169591494153064e+00
1.242432320938233525e+00
1.247558869020560124e+00
1.251700239903363876e+00
1.342010937085965638e+00
1.257604377586574396e+00
1.259628543704599535e+00
1.261185122862936492e+00
1.262368447341005062e+00
1.290162628838563474e+00
1.263919346549879696e+00
1.264405798445625839e+00
1.264759814080859579e+00
1.265014762254875968e+00
1.265196471710733794e+00
1.265324657167731903e+00
1.265414166172451838e+00
1.265476036964274575e+00
1.265518373390073226e+00
1.265547052545376250e+00
1.265566285795894474e+00
1.265579055503036177e+00
1.265587449180084700e+00
1.265592911568403922e+00
1.265596430929754046e+00
1.265598675852960708e+00
1.265600093593876929e+00
1.265600980037374645e+00
1.265601528775274431e+00
8.167410444951741511e-01
8.423772486773107859e-01
8.680115398285128681e-01
8.936344447399696689e-01
9.192217751346344334e-01
9.447283265437500521e-01
9.700829458200589395e-01
9.951855344467395170e-01
1.019906546626512922e+00
1.044089428315543078e+00
1.067556200042371062e+00
1.090116020006830055e+00
1.111576124076042893e+00
1.131754112826699687e+00
1.150490247173013181e+00
1.167658313883864318e+00
1.183173775346422874e+00
1.196998304600968011e+00
1.209140345569164499e+00
1.219651910893149171e+00
1.228622316312647733e+00
1.236169864264708540e+00
1.242432595677284146e+00
1.247559145371272438e+00
1.251700517546327163e+00
1.255003313448789459e+00
1.257604657083957411e+00
1.259628823839324951e+00
1.261185403489528900e+00
1.262368728343672419e+00
1.263258258968558145e+00
1.263919628051657584e+00
1.264406080106606822e+00
1.264760095858602940e+00
1.265015044116470921e+00
1.265196753630369431e+00
1.265324939124918169e+00
1.265414448151835902e+00
1.265476318929185107e+00
1.265518655375360790e+00
1.265547334521706535e+00
1.265566567758466210e+00
1.265579337449507902e+00
1.265587731196798016e+00
1.265593193589455323e+00
1.265596712954530911e+00
1.265598957880659237e+00
1.265600375623363139e+00
1.265601262067086008e+00
1.265601810803260063e+00
