7.369855791330337524e-02
2.356031164526939392e-02
1.557068992406129837e-02
1.471653301268815994e-02
1.432698033750057220e-02
1.455983985215425491e-02
1.408653147518634796e-02
1.421829313039779663e-02
1.422324031591415405e-02
1.460285764187574387e-02
1.418879721313714981e-02
1.437595114111900330e-02
1.506706327199935913e-02
1.461104862391948700e-02
1.419460866600275040e-02
1.442660670727491379e-02
1.467316038906574249e-02
1.435944065451622009e-02
1.447816379368305206e-02
1.406561955809593201e-02
1.452805288136005402e-02
1.430228445678949356e-02
1.442203205078840256e-02
1.430875249207019806e-02
1.443058717995882034e-02
1.445070095360279083e-02
1.448671240359544754e-02
1.452557835727930069e-02
1.444544829428195953e-02
1.452315505594015121e-02
1.432675123214721680e-02
1.435092184692621231e-02
1.419401913881301880e-02
1.443825662136077881e-02
1.403642352670431137e-02
1.428748574107885361e-02
1.422542612999677658e-02
1.436386443674564362e-02
1.435465086251497269e-02
1.432409603148698807e-02
1.435918454080820084e-02
1.443028170615434647e-02
1.438712421804666519e-02
1.417974010109901428e-02
1.429198030382394791e-02
1.446353830397129059e-02
1.451536919921636581e-02
1.435408741235733032e-02
1.418397855013608932e-02
1.438781339675188065e-02
1.421911921352148056e-02
1.423615776002407074e-02
1.453955844044685364e-02
1.416809950023889542e-02
1.439066510647535324e-02
1.416915748268365860e-02
1.438210066407918930e-02
1.412414573132991791e-02
1.429876778274774551e-02
1.417888980358839035e-02
1.457071956247091293e-02
1.419457793235778809e-02
1.431574951857328415e-02
1.443106401711702347e-02
1.440521981567144394e-02
1.418992038816213608e-02
1.422186382114887238e-02
1.426412537693977356e-02
1.438136864453554153e-02
1.434903591871261597e-02
1.442692708224058151e-02
1.426484622061252594e-02
1.414282713085412979e-02
1.417941134423017502e-02
1.432276051491498947e-02
1.442791707813739777e-02
1.446930784732103348e-02
1.436528842896223068e-02
1.477459631860256195e-02
1.423225365579128265e-02
1.402973476797342300e-02
1.422010734677314758e-02
1.409355271607637405e-02
1.415082905441522598e-02
1.476094964891672134e-02
1.414715684950351715e-02
1.411181408911943436e-02
1.426355261355638504e-02
1.422028243541717529e-02
1.417702436447143555e-02
1.419268548488616943e-02
1.412980444729328156e-02
1.411333866417407990e-02
1.440774835646152496e-02
1.447054930031299591e-02
1.427723560482263565e-02
1.410817448049783707e-02
1.410202495753765106e-02
1.420994102954864502e-02
1.403293944895267487e-02
1.411907747387886047e-02
1.421901676803827286e-02
1.415398996323347092e-02
1.436219643801450729e-02
1.414426974952220917e-02
1.442194916307926178e-02
1.432876940816640854e-02
1.440352294594049454e-02
1.423158217221498489e-02
1.409527100622653961e-02
1.443859655410051346e-02
1.435678265988826752e-02
1.426957361400127411e-02
1.408629864454269409e-02
1.432771235704421997e-02
1.414716802537441254e-02
1.412541139870882034e-02
1.433626003563404083e-02
1.424016058444976807e-02
1.405686698853969574e-02
1.422585546970367432e-02
1.423519477248191833e-02
1.415757648646831512e-02
1.415940839797258377e-02
1.447475980967283249e-02
1.411357056349515915e-02
1.416625082492828369e-02
1.418879721313714981e-02
1.417189557105302811e-02
1.415626145899295807e-02
1.419428084045648575e-02
1.409412361681461334e-02
1.421701069921255112e-02
1.420157309621572495e-02
1.418247818946838379e-02
1.419373974204063416e-02
1.417497172951698303e-02
1.425064913928508759e-02
1.412414386868476868e-02
1.431320235133171082e-02
1.408863253891468048e-02
1.443235948681831360e-02
1.409791689366102219e-02
1.436035055667161942e-02
1.428938191384077072e-02
1.418492756783962250e-02
1.419990323483943939e-02
1.408205367624759674e-02
1.406134013086557388e-02
1.409270055592060089e-02
1.419117860496044159e-02
1.414117030799388885e-02
1.421081461012363434e-02
1.421914249658584595e-02
1.421446818858385086e-02
1.413301005959510803e-02
1.421591825783252716e-02
1.412496063858270645e-02
1.420932915061712265e-02
1.422298513352870941e-02
1.413069106638431549e-02
1.426601130515336990e-02
1.409450918436050415e-02
1.420232374221086502e-02
1.409250032156705856e-02
1.410332228988409042e-02
1.407223939895629883e-02
1.402183994650840759e-02
1.423237845301628113e-02
1.403545867651700974e-02
1.433396525681018829e-02
1.461122836917638779e-02
1.405758410692214966e-02
1.416059024631977081e-02
1.422412600368261337e-02
1.412530709058046341e-02
1.418982446193695068e-02
1.401009410619735718e-02
1.421168819069862366e-02
1.409660466015338898e-02
1.421011611819267273e-02
1.407884154468774796e-02
1.409911829978227615e-02
1.410724874585866928e-02
1.422070525586605072e-02
1.398489996790885925e-02
1.407029572874307632e-02
1.434173621237277985e-02
1.446202211081981659e-02
1.404511835426092148e-02
1.409377623349428177e-02
1.417218055576086044e-02
1.421566028147935867e-02
1.431322097778320312e-02
1.422266848385334015e-02
1.413494534790515900e-02
1.410431414842605591e-02
1.401843689382076263e-02
1.418041065335273743e-02
1.415281742811203003e-02
1.429770421236753464e-02
1.432578824460506439e-02
1.409719511866569519e-02
1.415949780493974686e-02
1.401282474398612976e-02
1.423509325832128525e-02
1.422735769301652908e-02
1.412639021873474121e-02
1.408139243721961975e-02
1.429972518235445023e-02
1.410362962633371353e-02
1.397919189184904099e-02
1.413550879806280136e-02
1.424387004226446152e-02
1.415687985718250275e-02
1.403369568288326263e-02
1.410361286252737045e-02
1.409512758255004883e-02
1.421459298580884933e-02
1.408682484179735184e-02
1.405913755297660828e-02
1.408820785582065582e-02
1.406984031200408936e-02
1.413266733288764954e-02
1.437882799655199051e-02
1.411117427051067352e-02
1.420187484472990036e-02
1.431865990161895752e-02
1.403878908604383469e-02
1.400600839406251907e-02
1.408907398581504822e-02
1.416606921702623367e-02
1.403759233653545380e-02
1.414899528026580811e-02
1.391611248254776001e-02
1.402658969163894653e-02
1.403435412794351578e-02
1.404619216918945312e-02
1.415030751377344131e-02
1.412768196314573288e-02
1.410524640232324600e-02
1.402082480490207672e-02
1.424334757030010223e-02
1.401140727102756500e-02
1.408683415502309799e-02
1.409409102052450180e-02
1.403533853590488434e-02
1.415215432643890381e-02
1.411577034741640091e-02
1.417941134423017502e-02
1.409239042550325394e-02
1.414755266159772873e-02
1.402020268142223358e-02
1.409196201711893082e-02
1.407844293862581253e-02
1.414105389267206192e-02
1.412590593099594116e-02
1.431792136281728745e-02
1.401564665138721466e-02
1.409219577908515930e-02
1.410936564207077026e-02
1.398855354636907578e-02
1.408243831247091293e-02
1.413542497903108597e-02
1.408226601779460907e-02
1.398352812975645065e-02
1.404918264597654343e-02
1.413524989038705826e-02
1.406615786254405975e-02
1.399039104580879211e-02
1.401685271412134171e-02
1.425240747630596161e-02
1.440389733761548996e-02
1.404679846018552780e-02
1.412890385836362839e-02
1.405317056924104691e-02
1.401783991605043411e-02
1.402739249169826508e-02
1.406035106629133224e-02
1.408641878515481949e-02
1.404145173728466034e-02
1.405610144138336182e-02
1.415492314845323563e-02
1.397168543189764023e-02
1.411474309861660004e-02
1.407231669872999191e-02
1.397661678493022919e-02
1.412839163094758987e-02
1.407062821090221405e-02
1.412291359156370163e-02
1.403612364083528519e-02
1.401182729750871658e-02
1.406267192214727402e-02
1.398563198745250702e-02
1.407073065638542175e-02
1.411565393209457397e-02
1.408483181148767471e-02
1.402279920876026154e-02
1.404283568263053894e-02
1.400741282850503922e-02
1.411342807114124298e-02
1.402849704027175903e-02
1.408338081091642380e-02
1.407065521925687790e-02
1.405593007802963257e-02
1.407916750758886337e-02
1.410872582346200943e-02
1.419620402157306671e-02
1.401773281395435333e-02
1.409538369625806808e-02
1.402905676513910294e-02
1.410702429711818695e-02
1.411255821585655212e-02
1.407574675977230072e-02
1.402865350246429443e-02
1.398551370948553085e-02
1.403320487588644028e-02
1.396188419312238693e-02
1.393760088831186295e-02
1.410642918199300766e-02
1.403667684644460678e-02
1.402389165014028549e-02
1.405641809105873108e-02
1.396730169653892517e-02
1.410483103245496750e-02
1.400149520486593246e-02
1.414128392934799194e-02
1.400769408792257309e-02
1.413678191602230072e-02
1.420017518103122711e-02
1.407233811914920807e-02
1.409773342311382294e-02
1.405122969299554825e-02
1.413552556186914444e-02
1.402323599904775620e-02
1.406317949295043945e-02
1.408544927835464478e-02
1.406537927687168121e-02
1.400867570191621780e-02
1.408010721206665039e-02
1.398130878806114197e-02
1.398322824388742447e-02
1.429309230297803879e-02
1.411478314548730850e-02
1.410570275038480759e-02
1.402178127318620682e-02
1.391863636672496796e-02
1.398324221372604370e-02
1.420122571289539337e-02
1.411470584571361542e-02
1.409420184791088104e-02
1.396806165575981140e-02
1.396774128079414368e-02
1.397297903895378113e-02
1.415618509054183960e-02
1.406015083193778992e-02
1.393924560397863388e-02
1.403434667736291885e-02
1.410019584000110626e-02
1.403226889669895172e-02
1.399851310998201370e-02
1.400702353566884995e-02
1.407240610569715500e-02
1.404143124818801880e-02
1.402004901319742203e-02
1.407640799880027771e-02
1.401579193770885468e-02
1.403692923486232758e-02
1.401776075363159180e-02
1.408535707741975784e-02
1.407112274318933487e-02
1.407956425100564957e-02
1.403126213699579239e-02
1.396644022315740585e-02
1.405994314700365067e-02
1.407442893832921982e-02
1.394111756235361099e-02
1.401292253285646439e-02
1.405525207519531250e-02
1.396945212036371231e-02
1.400317251682281494e-02
1.394406706094741821e-02
1.400805730372667313e-02
1.399998553097248077e-02
1.399598456919193268e-02
1.401927229017019272e-02
1.417753472924232483e-02
1.392107363790273666e-02
1.404794678092002869e-02
1.397853344678878784e-02
1.406880468130111694e-02
1.413634046912193298e-02
1.399659179151058197e-02
1.392950210720300674e-02
1.404319889843463898e-02
1.404501404613256454e-02
1.413441449403762817e-02
1.390823535621166229e-02
1.393919903784990311e-02
1.395516842603683472e-02
1.400012616068124771e-02
1.402072329074144363e-02
1.399481855332851410e-02
1.393979415297508240e-02
1.411692984402179718e-02
1.395042333751916885e-02
1.413595583289861679e-02
1.409780792891979218e-02
1.405162923038005829e-02
1.406963728368282318e-02
1.401796657592058182e-02
1.397232525050640106e-02
1.402534171938896179e-02
1.399090513586997986e-02
1.403108984231948853e-02
1.389964949339628220e-02
1.397121511399745941e-02
1.403197273612022400e-02
1.400041300803422928e-02
1.409719046205282211e-02
1.394923403859138489e-02
1.399549935013055801e-02
1.395740173757076263e-02
1.397702284157276154e-02
1.405343692749738693e-02
1.400463376194238663e-02
1.405366510152816772e-02
1.403469126671552658e-02
1.409567240625619888e-02
1.407766807824373245e-02
1.410083472728729248e-02
1.393940858542919159e-02
1.406174432486295700e-02
1.401511207222938538e-02
1.399845723062753677e-02
1.416597701609134674e-02
1.405665371567010880e-02
1.406058948487043381e-02
1.402368396520614624e-02
1.402674987912178040e-02
1.393682416528463364e-02
1.405615359544754028e-02
1.398892514407634735e-02
1.400675624608993530e-02
1.407046150416135788e-02
1.393758691847324371e-02
1.394060812890529633e-02
1.398269087076187134e-02
1.400156039744615555e-02
1.393816433846950531e-02
1.401224732398986816e-02
1.393868867307901382e-02
1.411461643874645233e-02
1.400934532284736633e-02
1.402740832418203354e-02
1.417022664099931717e-02
1.391867548227310181e-02
1.396574638783931732e-02
1.401680987328290939e-02
1.402470376342535019e-02
1.400486286729574203e-02
1.395851559937000275e-02
1.389757543802261353e-02
1.404522266238927841e-02
1.401643268764019012e-02
1.404718868434429169e-02
1.401824969798326492e-02
1.398197561502456665e-02
1.393936853855848312e-02
1.398286782205104828e-02
1.397526077926158905e-02
1.399852987378835678e-02
1.401020213961601257e-02
1.398757193237543106e-02
1.395454537123441696e-02
1.397280581295490265e-02
1.399670448154211044e-02
1.409383583813905716e-02
1.392644178122282028e-02
1.417262759059667587e-02
1.393746677786111832e-02
1.394054666161537170e-02
1.395062170922756195e-02
1.399143319576978683e-02
1.402217149734497070e-02
1.395513303577899933e-02
1.390463579446077347e-02
1.400874089449644089e-02
1.400541048496961594e-02
1.408322900533676147e-02
1.399448793381452560e-02
1.403284072875976562e-02
1.399315055459737778e-02
1.390910893678665161e-02
1.398002449423074722e-02
1.400300301611423492e-02
1.393860112875699997e-02
1.392220053821802139e-02
1.398900523781776428e-02
1.411051303148269653e-02
1.390358060598373413e-02
1.404411904513835907e-02
1.396420225501060486e-02
1.403545867651700974e-02
1.395035721361637115e-02
1.410403102636337280e-02
1.401980314403772354e-02
1.397516019642353058e-02
1.408295519649982452e-02
1.393283717334270477e-02
1.397693343460559845e-02
1.399960089474916458e-02
1.406547520309686661e-02
1.402010302990674973e-02
1.398049015551805496e-02
1.399033423513174057e-02
1.401557307690382004e-02
1.394289731979370117e-02
1.396226231008768082e-02
1.397958770394325256e-02
1.404547877609729767e-02
1.397367566823959351e-02
1.398229319602251053e-02
1.404022704809904099e-02
1.398798450827598572e-02
1.394588872790336609e-02
1.397162210196256638e-02
1.404249854385852814e-02
1.395870652049779892e-02
1.400872785598039627e-02
1.395490113645792007e-02
1.392768416553735733e-02
1.393289398401975632e-02
1.395685784518718719e-02
1.394081767648458481e-02
1.393508445471525192e-02
1.397219952195882797e-02
1.398606412112712860e-02
1.405898109078407288e-02
1.402351912111043930e-02
1.401003543287515640e-02
1.394406333565711975e-02
1.390699855983257294e-02
1.394863426685333252e-02
1.396674476563930511e-02
1.394436787813901901e-02
1.398140657693147659e-02
1.403598766773939133e-02
1.396739576011896133e-02
1.396851707249879837e-02
1.392707228660583496e-02
1.391649432480335236e-02
1.395194604992866516e-02
1.394521631300449371e-02
1.395625714212656021e-02
1.390960440039634705e-02
1.388905290514230728e-02
1.407348085194826126e-02
1.395655330270528793e-02
1.403818093240261078e-02
1.395716797560453415e-02
1.396658457815647125e-02
1.399784069508314133e-02
1.404858846217393875e-02
1.393875572830438614e-02
1.399648003280162811e-02
1.391916256397962570e-02
1.395187806338071823e-02
1.407446246594190598e-02
1.400874368846416473e-02
1.396727375686168671e-02
1.398519054055213928e-02
1.402071397751569748e-02
1.397609990090131760e-02
1.394497323781251907e-02
1.405123434960842133e-02
1.392491254955530167e-02
1.400042232125997543e-02
1.396920625120401382e-02
1.390074566006660461e-02
1.388991903513669968e-02
1.398581825196743011e-02
1.398994680494070053e-02
1.393868215382099152e-02
1.391304098069667816e-02
1.396328210830688477e-02
1.398742757737636566e-02
1.392574142664670944e-02
1.397003233432769775e-02
1.398289017379283905e-02
1.398234535008668900e-02
1.407931279391050339e-02
1.397228706628084183e-02
1.389948278665542603e-02
1.391599420458078384e-02
1.396722439676523209e-02
1.399336662143468857e-02
1.395822037011384964e-02
1.394702587276697159e-02
1.400255691260099411e-02
1.396537572145462036e-02
1.394200325012207031e-02
1.394956372678279877e-02
1.396127510815858841e-02
1.402288395911455154e-02
1.405388303101062775e-02
1.398528926074504852e-02
1.407394371926784515e-02
1.396234240382909775e-02
1.396826934069395065e-02
1.397664006799459457e-02
1.393867935985326767e-02
1.391149312257766724e-02
1.389508601278066635e-02
1.408707071095705032e-02
1.397335343062877655e-02
1.390557177364826202e-02
1.393754407763481140e-02
1.405182387679815292e-02
1.396345347166061401e-02
1.401258260011672974e-02
1.397810317575931549e-02
1.411125715821981430e-02
1.398142427206039429e-02
1.393062993884086609e-02
1.401709299534559250e-02
1.394531503319740295e-02
1.390708517283201218e-02
1.396911870688199997e-02
1.393103785812854767e-02
1.389508228749036789e-02
1.392852701246738434e-02
1.398128364235162735e-02
1.391266100108623505e-02
1.397376228123903275e-02
1.399159617722034454e-02
1.396276894956827164e-02
1.399892382323741913e-02
1.394002232700586319e-02
1.394129078835248947e-02
1.392413303256034851e-02
1.391398347914218903e-02
1.407167408615350723e-02
1.401159819215536118e-02
1.401000376790761948e-02
1.392951142042875290e-02
1.396196894347667694e-02
1.399523485451936722e-02
1.396992430090904236e-02
1.399402320384979248e-02
1.399515476077795029e-02
1.404951792210340500e-02
1.392387226223945618e-02
1.392502058297395706e-02
1.394900493323802948e-02
1.388269569724798203e-02
1.388805732131004333e-02
1.401635259389877319e-02
1.396827399730682373e-02
1.399609073996543884e-02
1.386142894625663757e-02
1.403527706861495972e-02
1.391157787293195724e-02
1.399825606495141983e-02
1.395165547728538513e-02
1.392032578587532043e-02
1.405722089111804962e-02
1.399837341159582138e-02
1.395274139940738678e-02
1.397275645285844803e-02
1.401962153613567352e-02
1.397082861512899399e-02
1.392386388033628464e-02
1.396793592721223831e-02
1.395413652062416077e-02
1.388145890086889267e-02
1.395786646753549576e-02
1.398221869021654129e-02
1.395464595407247543e-02
1.394305378198623657e-02
1.394715625792741776e-02
1.402428187429904938e-02
1.392721012234687805e-02
1.394683774560689926e-02
1.396760810166597366e-02
1.404457446187734604e-02
1.410272624343633652e-02
1.390382368117570877e-02
1.401410251855850220e-02
1.384358573704957962e-02
1.391392666846513748e-02
1.391734927892684937e-02
1.395181100815534592e-02
1.389882992953062057e-02
1.403440162539482117e-02
1.398736890405416489e-02
1.413059234619140625e-02
1.397966127842664719e-02
1.396401040256023407e-02
1.394153572618961334e-02
1.381816435605287552e-02
1.389782782644033432e-02
1.401419471949338913e-02
1.406356319785118103e-02
1.391696929931640625e-02
1.388065237551927567e-02
1.391191780567169189e-02
1.389121729880571365e-02
1.403351780027151108e-02
1.403902377933263779e-02
1.397994253784418106e-02
1.397970691323280334e-02
1.397927198559045792e-02
1.398220844566822052e-02
1.393638085573911667e-02
1.396987400949001312e-02
1.401048060506582260e-02
1.396054867655038834e-02
1.392213441431522369e-02
1.390878111124038696e-02
1.390897110104560852e-02
1.390634663403034210e-02
1.394469384104013443e-02
1.402616221457719803e-02
1.394955441355705261e-02
1.390156242996454239e-02
1.401890441775321960e-02
1.392428204417228699e-02
1.399131864309310913e-02
1.396819204092025757e-02
1.395368762314319611e-02
1.392760407179594040e-02
1.387935783714056015e-02
1.394108496606349945e-02
1.402039546519517899e-02
1.395599916577339172e-02
1.399816107004880905e-02
1.390105485916137695e-02
1.392446830868721008e-02
1.394196040928363800e-02
1.406074687838554382e-02
1.397573389112949371e-02
1.388436276465654373e-02
1.398304384201765060e-02
1.391019485890865326e-02
1.388688851147890091e-02
1.395522709935903549e-02
1.397727243602275848e-02
1.397606916725635529e-02
1.387270633131265640e-02
1.399826258420944214e-02
1.395175047218799591e-02
1.391323190182447433e-02
1.396254543215036392e-02
1.395018771290779114e-02
1.398374605923891068e-02
1.395791582763195038e-02
1.388486009091138840e-02
1.393730100244283676e-02
1.388244144618511200e-02
1.390726026147603989e-02
1.389758195728063583e-02
1.403751969337463379e-02
1.397670153528451920e-02
1.392362918704748154e-02
1.386490929871797562e-02
1.403196435421705246e-02
1.392158959060907364e-02
1.391179766505956650e-02
1.385837700217962265e-02
1.392354164272546768e-02
1.391873974353075027e-02
1.384704653173685074e-02
1.400705613195896149e-02
1.392928138375282288e-02
1.396348420530557632e-02
1.396908890455961227e-02
1.391226518899202347e-02
1.389275863766670227e-02
1.397558022290468216e-02
1.398849766701459885e-02
1.393696852028369904e-02
1.392925903201103210e-02
1.396054867655038834e-02
1.393150538206100464e-02
1.396063528954982758e-02
1.388621982187032700e-02
1.398758124560117722e-02
1.393262762576341629e-02
1.397677697241306305e-02
1.390404812991619110e-02
1.403727103024721146e-02
1.392574328929185867e-02
1.388299558311700821e-02
1.389471348375082016e-02
1.390323042869567871e-02
1.399714406579732895e-02
1.397053338587284088e-02
1.404055021703243256e-02
1.390305627137422562e-02
1.395361684262752533e-02
1.394437626004219055e-02
1.392381079494953156e-02
1.393800880759954453e-02
1.392975170165300369e-02
1.394272129982709885e-02
1.390298455953598022e-02
1.390343625098466873e-02
1.393109094351530075e-02
1.395576074719429016e-02
1.406041532754898071e-02
1.389031577855348587e-02
1.394627802073955536e-02
1.394171267747879028e-02
1.404064241796731949e-02
1.393711939454078674e-02
1.393448188900947571e-02
1.394551340490579605e-02
1.392188202589750290e-02
1.390611100941896439e-02
1.397519744932651520e-02
1.401580031961202621e-02
1.390821672976016998e-02
1.396863069385290146e-02
1.392059773206710815e-02
1.400188915431499481e-02
1.389729324728250504e-02
1.393955945968627930e-02
1.394465379416942596e-02
1.388608850538730621e-02
1.389913260936737061e-02
1.390537153929471970e-02
1.399295125156641006e-02
1.390833966434001923e-02
1.390026602894067764e-02
1.395114138722419739e-02
1.392309740185737610e-02
1.407468970865011215e-02
1.391346659511327744e-02
1.394174061715602875e-02
1.403244584798812866e-02
1.387301832437515259e-02
1.405343972146511078e-02
1.392924413084983826e-02
1.395522989332675934e-02
1.396785210818052292e-02
1.398489531129598618e-02
1.401058025658130646e-02
1.397264655679464340e-02
1.395066175609827042e-02
1.395791396498680115e-02
1.386714447289705276e-02
1.388313248753547668e-02
1.395680848509073257e-02
1.393474452197551727e-02
1.402615569531917572e-02
1.389223244041204453e-02
1.390012912452220917e-02
1.405125018209218979e-02
1.391959935426712036e-02
1.395196001976728439e-02
1.391325891017913818e-02
1.392878592014312744e-02
1.393194776028394699e-02
1.391612365841865540e-02
1.391233596950769424e-02
1.393896806985139847e-02
1.400117389857769012e-02
1.399337220937013626e-02
1.395997963845729828e-02
1.392980664968490601e-02
1.394246611744165421e-02
1.393009442836046219e-02
1.390297524631023407e-02
1.390457432717084885e-02
1.387791521847248077e-02
1.394809130579233170e-02
1.398323755711317062e-02
1.387747749686241150e-02
1.395245175808668137e-02
1.392782572656869888e-02
1.397911831736564636e-02
1.396243460476398468e-02
1.390944793820381165e-02
1.395904179662466049e-02
1.394831109791994095e-02
1.400948222726583481e-02
1.395362894982099533e-02
1.389696355909109116e-02
1.388468593358993530e-02
1.394620072096586227e-02
1.389753259718418121e-02
1.395258121192455292e-02
1.396480109542608261e-02
1.398461684584617615e-02
1.400200463831424713e-02
1.394687313586473465e-02
1.397956255823373795e-02
1.393791008740663528e-02
1.394160185009241104e-02
1.399012561887502670e-02
1.395954936742782593e-02
1.388914976269006729e-02
1.388259232044219971e-02
1.390705071389675140e-02
1.401843409985303879e-02
1.399886049330234528e-02
1.391614135354757309e-02
1.399167627096176147e-02
1.398274209350347519e-02
1.391392946243286133e-02
1.390378084033727646e-02
1.397761050611734390e-02
1.392809953540563583e-02
1.401778031140565872e-02
1.385158859193325043e-02
1.397726032882928848e-02
1.388302352279424667e-02
1.391235180199146271e-02
1.396264415234327316e-02
1.387594174593687057e-02
1.393580622971057892e-02
1.392029039561748505e-02
1.397048309445381165e-02
1.394420117139816284e-02
1.390126720070838928e-02
1.398465130478143692e-02
1.394277717918157578e-02
1.392274815589189529e-02
1.391263771802186966e-02
1.390185859054327011e-02
1.398021634668111801e-02
1.396857202053070068e-02
1.395684201270341873e-02
1.388766057789325714e-02
1.403047516942024231e-02
1.390567608177661896e-02
1.392889488488435745e-02
1.392485853284597397e-02
1.390290912240743637e-02
1.392996683716773987e-02
1.394967734813690186e-02
1.391941960901021957e-02
1.396015658974647522e-02
1.392431836575269699e-02
1.393256615847349167e-02
1.393926236778497696e-02
1.391730457544326782e-02
1.392353419214487076e-02
1.391100138425827026e-02
1.391466520726680756e-02
1.393514405936002731e-02
1.393713150173425674e-02
1.398113276809453964e-02
1.392802596092224121e-02
1.397619210183620453e-02
1.396837830543518066e-02
1.387349981814622879e-02
1.404950860887765884e-02
1.393287442624568939e-02
1.390008814632892609e-02
1.396465022116899490e-02
1.389338914304971695e-02
1.395795866847038269e-02
1.394763309508562088e-02
1.390265766531229019e-02
1.387560460716485977e-02
1.390540413558483124e-02
1.396054029464721680e-02
1.391847338527441025e-02
1.402116939425468445e-02
1.393057871609926224e-02
1.390710938721895218e-02
1.399504579603672028e-02
1.391847059130668640e-02
1.399743463844060898e-02
1.397146098315715790e-02
1.393952220678329468e-02
1.393516175448894501e-02
1.396461017429828644e-02
1.388718094676733017e-02
1.398157794028520584e-02
1.393604092299938202e-02
1.395642105489969254e-02
1.397439930588006973e-02
1.396133098751306534e-02
1.398831605911254883e-02
1.406980492174625397e-02
1.391552202403545380e-02
1.391423121094703674e-02
1.392915938049554825e-02
1.391704753041267395e-02
1.392875146120786667e-02
1.387163903564214706e-02
1.399945002049207687e-02
1.394483633339405060e-02
1.394286286085844040e-02
1.394227985292673111e-02
1.386612001806497574e-02
1.393349841237068176e-02
