7.426828891038894653e-02
1.729172654449939728e-02
1.495221350342035294e-02
1.461909245699644089e-02
1.419300585985183716e-02
1.475748885422945023e-02
1.444806158542633057e-02
1.506422366946935654e-02
1.478576939553022385e-02
1.434439048171043396e-02
1.452874671667814255e-02
1.438907161355018616e-02
1.485324557870626450e-02
1.449401583522558212e-02
1.445799320936203003e-02
1.422927621752023697e-02
1.488116756081581116e-02
1.589046232402324677e-02
1.497028674930334091e-02
1.454120129346847534e-02
1.568960770964622498e-02
1.536248717457056046e-02
1.469380781054496765e-02
1.438426040112972260e-02
1.490220706909894943e-02
1.418380718678236008e-02
1.477511320263147354e-02
1.437531784176826477e-02
1.506736781448125839e-02
1.474469061940908432e-02
1.494326721876859665e-02
1.433992106467485428e-02
1.455142442137002945e-02
1.468999031931161880e-02
1.484613399952650070e-02
1.459246873855590820e-02
1.456835959106683731e-02
1.443413738161325455e-02
1.452733017504215240e-02
1.439687050879001617e-02
1.433348655700683594e-02
1.449723262339830399e-02
1.456079632043838501e-02
1.428660750389099121e-02
1.477527804672718048e-02
1.437179371714591980e-02
1.443948317319154739e-02
1.430128421634435654e-02
1.422500796616077423e-02
1.419420354068279266e-02
1.448777411133050919e-02
1.446903310716152191e-02
1.446229591965675354e-02
1.459765248000621796e-02
1.477512344717979431e-02
1.438907533884048462e-02
1.451088860630989075e-02
1.468258257955312729e-02
1.441067736595869064e-02
1.469408627599477768e-02
1.430097967386245728e-02
1.450178399682044983e-02
1.453145220875740051e-02
1.438307017087936401e-02
1.438857987523078918e-02
1.426439452916383743e-02
1.455768756568431854e-02
1.472288835793733597e-02
1.452937722206115723e-02
1.441032346338033676e-02
1.443804800510406494e-02
1.454314589500427246e-02
1.482415664941072464e-02
1.448506955057382584e-02
1.471464429050683975e-02
1.435313373804092407e-02
1.430127583444118500e-02
1.426399871706962585e-02
1.439252030104398727e-02
1.453595608472824097e-02
1.469451561570167542e-02
1.448465324938297272e-02
1.483191549777984619e-02
1.431263610720634460e-02
1.432631257921457291e-02
1.415866427123546600e-02
1.451801322400569916e-02
1.422476954758167267e-02
1.407206710427999496e-02
1.455622632056474686e-02
1.438905671238899231e-02
1.434389129281044006e-02
1.446237694472074509e-02
1.432704739272594452e-02
1.470194291323423386e-02
1.444460917264223099e-02
1.466570515185594559e-02
1.421610172837972641e-02
1.454789098352193832e-02
1.429896522313356400e-02
1.404160726815462112e-02
1.424890663474798203e-02
1.414532214403152466e-02
1.455799676477909088e-02
1.416028849780559540e-02
1.439532171934843063e-02
1.428765896707773209e-02
1.475993171334266663e-02
1.449819095432758331e-02
1.437490060925483704e-02
1.449524331837892532e-02
1.414830796420574188e-02
1.407800521701574326e-02
1.433992851525545120e-02
1.467000599950551987e-02
1.428184844553470612e-02
1.415025349706411362e-02
1.427911035716533661e-02
1.468719355762004852e-02
1.458717510104179382e-02
1.441554259508848190e-02
1.429109741002321243e-02
1.412434689700603485e-02
1.421559881418943405e-02
1.416647247970104218e-02
1.420161314308643341e-02
1.417954359203577042e-02
1.442812662571668625e-02
1.415717415511608124e-02
1.415874995291233063e-02
1.432933192700147629e-02
1.406327262520790100e-02
1.437524799257516861e-02
1.426614820957183838e-02
1.421681046485900879e-02
1.419100258499383926e-02
1.442418713122606277e-02
1.411000639200210571e-02
1.412430405616760254e-02
1.427173800766468048e-02
1.434725150465965271e-02
1.413879357278347015e-02
1.402449142187833786e-02
1.441088970750570297e-02
1.434468012303113937e-02
1.427270192652940750e-02
1.421737391501665115e-02
1.417196355760097504e-02
1.408429257571697235e-02
1.411234494298696518e-02
1.450333464890718460e-02
1.425428036600351334e-02
1.408703066408634186e-02
1.451087184250354767e-02
1.419418212026357651e-02
1.407136023044586182e-02
1.408182922750711441e-02
1.406715158373117447e-02
1.399749610573053360e-02
1.412786077708005905e-02
1.454199478030204773e-02
1.413770765066146851e-02
1.418951433151960373e-02
1.411612890660762787e-02
1.408585160970687866e-02
1.412892527878284454e-02
1.419753115624189377e-02
1.415544934570789337e-02
1.427531521767377853e-02
1.406801119446754456e-02
1.413363218307495117e-02
1.417946349829435349e-02
1.412273105233907700e-02
1.426219940185546875e-02
1.404812745749950409e-02
1.428525708615779877e-02
1.441476307809352875e-02
1.431573741137981415e-02
1.408634986728429794e-02
1.427981816232204437e-02
1.403009332716464996e-02
1.409003324806690216e-02
1.423204503953456879e-02
1.433306466788053513e-02
1.413927040994167328e-02
1.416448783129453659e-02
1.407115720212459564e-02
1.406251266598701477e-02
1.401377003639936447e-02
1.402341946959495544e-02
1.413935981690883636e-02
1.405631843954324722e-02
1.429435703903436661e-02
1.399677060544490814e-02
1.419576816260814667e-02
1.402773056179285049e-02
1.412291359156370163e-02
1.414906606078147888e-02
1.401290297508239746e-02
1.418179366737604141e-02
1.413416117429733276e-02
1.403632480651140213e-02
1.403566170483827591e-02
1.430345233529806137e-02
1.399932056665420532e-02
1.414121314883232117e-02
1.426347438246011734e-02
1.420703437179327011e-02
1.415184978395700455e-02
1.412679161876440048e-02
1.413627713918685913e-02
1.416890230029821396e-02
1.401806157082319260e-02
1.400128938257694244e-02
1.424048468470573425e-02
1.425530482083559036e-02
1.408647745847702026e-02
1.400747802108526230e-02
1.403564028441905975e-02
1.397178601473569870e-02
1.447620708495378494e-02
1.412676554173231125e-02
1.411242038011550903e-02
1.395306084305047989e-02
1.400789618492126465e-02
1.407237630337476730e-02
1.402167044579982758e-02
1.395043078809976578e-02
1.414049230515956879e-02
1.415020693093538284e-02
1.398371905088424683e-02
1.399300806224346161e-02
1.401619426906108856e-02
1.394508406519889832e-02
1.411492750048637390e-02
1.414711214601993561e-02
1.407007407397031784e-02
1.410402916371822357e-02
1.407323032617568970e-02
1.413212716579437256e-02
1.400284003466367722e-02
1.423585973680019379e-02
1.401086337864398956e-02
1.395301520824432373e-02
1.420017704367637634e-02
1.401291228830814362e-02
1.404843665659427643e-02
1.409023348242044449e-02
1.395756192505359650e-02
1.396878436207771301e-02
1.409055013209581375e-02
1.401524059474468231e-02
1.401965878903865814e-02
1.408408954739570618e-02
1.399618852883577347e-02
1.416151877492666245e-02
1.407288294285535812e-02
1.398595422506332397e-02
1.398590300232172012e-02
1.416371297091245651e-02
1.408072281628847122e-02
1.410367991775274277e-02
1.414147391915321350e-02
1.407668832689523697e-02
1.401107385754585266e-02
1.401719730347394943e-02
1.401729229837656021e-02
1.402667444199323654e-02
1.405956503003835678e-02
1.398773025721311569e-02
1.395465526729822159e-02
1.399043481796979904e-02
1.397860143333673477e-02
1.404355000704526901e-02
1.399692241102457047e-02
1.397754345089197159e-02
1.399825327098369598e-02
1.400612853467464447e-02
1.400343235582113266e-02
1.395493466407060623e-02
1.410798542201519012e-02
1.401729602366685867e-02
1.399538107216358185e-02
1.396477315574884415e-02
1.405802275985479355e-02
1.416042819619178772e-02
1.400630362331867218e-02
1.397854555398225784e-02
1.404423080384731293e-02
1.406247820705175400e-02
1.411562599241733551e-02
1.400545332580804825e-02
1.408579386770725250e-02
1.418852340430021286e-02
1.405911426991224289e-02
1.396840903908014297e-02
1.402910146862268448e-02
1.393240783363580704e-02
1.401687134057283401e-02
1.394071895629167557e-02
1.393367815762758255e-02
1.403335109353065491e-02
1.399488747119903564e-02
1.398325897753238678e-02
1.403972227126359940e-02
1.394660864025354385e-02
1.404391881078481674e-02
1.398473698645830154e-02
1.397270057350397110e-02
1.407671719789505005e-02
1.391410827636718750e-02
1.395971234887838364e-02
1.394724193960428238e-02
1.408826187252998352e-02
1.401956006884574890e-02
1.416283007711172104e-02
1.408247184008359909e-02
1.395395491272211075e-02
1.416410598903894424e-02
1.419204939156770706e-02
1.403433550149202347e-02
1.395559776574373245e-02
1.402904465794563293e-02
1.402521785348653793e-02
1.398554444313049316e-02
1.395741011947393417e-02
1.395845133811235428e-02
1.392157748341560364e-02
1.400163117796182632e-02
1.403851807117462158e-02
1.403971016407012939e-02
1.393309980630874634e-02
1.398472301661968231e-02
1.396476663649082184e-02
1.392853353172540665e-02
1.397672016173601151e-02
1.404135581105947495e-02
1.397062465548515320e-02
1.401723083108663559e-02
1.401788461953401566e-02
1.393115427345037460e-02
1.403179485350847244e-02
1.406322326511144638e-02
1.421333011239767075e-02
1.398068387061357498e-02
1.396471168845891953e-02
1.404544897377490997e-02
1.402391027659177780e-02
1.405846420675516129e-02
1.406764332205057144e-02
1.398932375013828278e-02
1.395152043551206589e-02
1.397474948316812515e-02
1.400749478489160538e-02
1.395488996058702469e-02
1.397933345288038254e-02
1.398178376257419586e-02
1.395460870116949081e-02
1.389290019869804382e-02
1.391668897122144699e-02
1.391774136573076248e-02
1.405586395412683487e-02
1.402612496167421341e-02
1.392209716141223907e-02
1.400598976761102676e-02
1.390395592898130417e-02
1.406829617917537689e-02
1.390585768967866898e-02
1.394386310130357742e-02
1.397284958511590958e-02
1.399456802755594254e-02
1.407736632972955704e-02
1.410996727645397186e-02
1.396945491433143616e-02
1.402308233082294464e-02
1.389076467603445053e-02
1.394275389611721039e-02
1.411054097115993500e-02
1.390943396836519241e-02
1.394509989768266678e-02
1.399018336087465286e-02
1.399753801524639130e-02
1.391354575753211975e-02
1.398104708641767502e-02
1.399667654186487198e-02
1.396428421139717102e-02
1.397422701120376587e-02
1.393351424485445023e-02
1.404422987252473831e-02
1.396787725389003754e-02
1.395203545689582825e-02
1.391889248043298721e-02
1.391653250902891159e-02
1.396083645522594452e-02
1.400757767260074615e-02
1.403877791017293930e-02
1.400070823729038239e-02
1.392344478517770767e-02
1.396208256483078003e-02
1.401487737894058228e-02
1.390101201832294464e-02
1.396253798156976700e-02
1.406345982104539871e-02
1.387629006057977676e-02
1.396800298243761063e-02
1.395427156239748001e-02
1.390882581472396851e-02
1.397032849490642548e-02
1.403340324759483337e-02
1.398173905909061432e-02
1.390101201832294464e-02
1.403538137674331665e-02
1.407993212342262268e-02
1.390258688479661942e-02
1.403672900050878525e-02
1.388603169471025467e-02
1.391694135963916779e-02
1.398419588804244995e-02
1.387021970003843307e-02
1.395072322338819504e-02
1.386914681643247604e-02
1.404684130102396011e-02
1.399934943765401840e-02
1.405992824584245682e-02
1.396028418093919754e-02
1.401719078421592712e-02
1.396436803042888641e-02
1.395100634545087814e-02
1.390120107680559158e-02
1.397160533815622330e-02
1.404110342264175415e-02
1.392893213778734207e-02
1.395185198634862900e-02
1.424640044569969177e-02
1.394188217818737030e-02
1.398950256407260895e-02
1.406467519700527191e-02
1.397581864148378372e-02
1.396861579269170761e-02
1.391569431871175766e-02
1.397737674415111542e-02
1.388806570321321487e-02
1.392338052392005920e-02
1.392310205847024918e-02
1.385156437754631042e-02
1.399358641356229782e-02
1.397384796291589737e-02
1.390985678881406784e-02
1.392741687595844269e-02
1.388106960803270340e-02
1.388948503881692886e-02
1.397105772048234940e-02
1.398632768541574478e-02
1.391361560672521591e-02
1.389034930616617203e-02
1.394202653318643570e-02
1.391100417822599411e-02
1.413544360548257828e-02
1.392848696559667587e-02
1.404772698879241943e-02
1.389577891677618027e-02
1.392692793160676956e-02
1.393471658229827881e-02
1.405922044068574905e-02
1.390999555587768555e-02
1.398126222193241119e-02
1.390556804835796356e-02
1.388294901698827744e-02
1.393596548587083817e-02
1.395421009510755539e-02
1.401177980005741119e-02
1.398327853530645370e-02
1.404474303126335144e-02
1.397631224244832993e-02
1.392406504601240158e-02
1.390007976442575455e-02
1.396274380385875702e-02
1.395468413829803467e-02
1.397296506911516190e-02
1.392635796219110489e-02
1.393983326852321625e-02
1.396659109741449356e-02
1.391504611819982529e-02
1.392148993909358978e-02
1.389928441494703293e-02
1.402658969163894653e-02
1.390215940773487091e-02
1.399534475058317184e-02
1.401755306869745255e-02
1.399062946438789368e-02
1.405931636691093445e-02
1.393599156290292740e-02
1.400650106370449066e-02
1.404034066945314407e-02
1.396683696657419205e-02
1.403318811208009720e-02
1.399777643382549286e-02
1.405222155153751373e-02
1.409428194165229797e-02
1.395809091627597809e-02
1.393439341336488724e-02
1.393965631723403931e-02
1.399483531713485718e-02
1.389276422560214996e-02
1.392962969839572906e-02
1.392069831490516663e-02
1.397904008626937866e-02
1.391418091952800751e-02
1.390093564987182617e-02
1.396324113011360168e-02
1.389677170664072037e-02
1.397374086081981659e-02
1.397355739027261734e-02
1.393008418381214142e-02
1.403782423585653305e-02
1.387097127735614777e-02
1.395836472511291504e-02
1.388076692819595337e-02
1.412543654441833496e-02
1.400934346020221710e-02
1.389521360397338867e-02
1.393398176878690720e-02
1.401447784155607224e-02
1.400235109031200409e-02
1.388154458254575729e-02
1.387885585427284241e-02
1.397367101162672043e-02
1.390279922634363174e-02
1.395862828940153122e-02
1.396268885582685471e-02
1.391956768929958344e-02
1.393733173608779907e-02
1.395367644727230072e-02
1.397416181862354279e-02
1.391177065670490265e-02
1.389293838292360306e-02
1.397598814219236374e-02
1.397399604320526123e-02
1.401554513722658157e-02
1.400772389024496078e-02
1.396329328417778015e-02
1.400535646826028824e-02
1.397695578634738922e-02
1.388806942850351334e-02
1.388158462941646576e-02
1.397647429257631302e-02
1.392334047704935074e-02
1.397886313498020172e-02
1.390879414975643158e-02
1.393018197268247604e-02
1.395121868699789047e-02
1.394783798605203629e-02
1.391861215233802795e-02
1.391998678445816040e-02
1.389892306178808212e-02
1.394774485379457474e-02
1.397548522800207138e-02
1.403402816504240036e-02
1.406886521726846695e-02
1.402554661035537720e-02
1.390921976417303085e-02
1.391396950930356979e-02
1.390297524631023407e-02
1.389943063259124756e-02
1.391885522753000259e-02
1.389602199196815491e-02
1.395662687718868256e-02
1.392156817018985748e-02
1.396972872316837311e-02
1.392749324440956116e-02
1.395853236317634583e-02
1.399527210742235184e-02
1.395034138113260269e-02
1.387952640652656555e-02
1.399303227663040161e-02
1.394053082913160324e-02
1.390140876173973083e-02
1.399253401905298233e-02
1.398158259689807892e-02
1.390996575355529785e-02
1.392841339111328125e-02
1.397506147623062134e-02
1.392364781349897385e-02
1.385784801095724106e-02
1.390652544796466827e-02
1.393617969006299973e-02
1.393102202564477921e-02
1.391633693128824234e-02
1.385922450572252274e-02
1.397446170449256897e-02
1.393071934580802917e-02
1.391033362597227097e-02
1.393945794552564621e-02
1.392345409840345383e-02
1.396643929183483124e-02
1.395437493920326233e-02
1.397565379738807678e-02
1.389681641012430191e-02
1.397262979298830032e-02
1.401595491915941238e-02
1.392892748117446899e-02
1.397938560694456100e-02
1.394379511475563049e-02
1.392337400466203690e-02
1.391421910375356674e-02
1.392959430813789368e-02
1.392560172826051712e-02
1.395877543836832047e-02
1.392869837582111359e-02
1.392400451004505157e-02
1.392779313027858734e-02
1.394894346594810486e-02
1.390828751027584076e-02
1.395142450928688049e-02
1.392442826181650162e-02
1.397749688476324081e-02
1.387631986290216446e-02
1.398180518299341202e-02
1.402262412011623383e-02
1.395963691174983978e-02
1.400641910731792450e-02
1.396703068166971207e-02
1.406221278011798859e-02
1.395842339843511581e-02
1.392283942550420761e-02
1.385500840842723846e-02
1.387549657374620438e-02
1.389438752084970474e-02
1.391311921179294586e-02
1.393258478492498398e-02
1.393334474414587021e-02
1.391692925244569778e-02
1.389334257692098618e-02
1.390654966235160828e-02
1.399153750389814377e-02
1.394340954720973969e-02
1.393551100045442581e-02
1.390460040420293808e-02
1.393372192978858948e-02
1.394675299525260925e-02
1.405189465731382370e-02
1.387607213109731674e-02
1.385757885873317719e-02
1.394197996705770493e-02
1.393213775008916855e-02
1.402020920068025589e-02
1.400931552052497864e-02
1.390738785266876221e-02
1.387745141983032227e-02
1.392348948866128922e-02
1.391516346484422684e-02
1.396239828318357468e-02
1.388082839548587799e-02
1.392896380275487900e-02
1.404437981545925140e-02
1.398220658302307129e-02
1.387040037661790848e-02
1.396230887621641159e-02
1.408752333372831345e-02
1.393440924584865570e-02
1.394102070480585098e-02
1.395803131163120270e-02
1.387619227170944214e-02
1.398075185716152191e-02
1.387393102049827576e-02
1.386703643947839737e-02
1.391146425157785416e-02
1.387081481516361237e-02
1.387400273233652115e-02
1.393171120434999466e-02
1.395508740097284317e-02
1.388886384665966034e-02
1.388058159500360489e-02
1.391478162258863449e-02
1.389370299875736237e-02
1.391826476901769638e-02
1.397365611046552658e-02
1.402475312352180481e-02
1.401152182370424271e-02
1.393776852637529373e-02
1.391912158578634262e-02
1.390561461448669434e-02
1.395707856863737106e-02
1.390074472874403000e-02
1.393168698996305466e-02
1.390340272337198257e-02
1.392174512147903442e-02
1.395989209413528442e-02
1.387649029493331909e-02
1.405525207519531250e-02
1.392625179141759872e-02
1.389948278665542603e-02
1.392407715320587158e-02
1.395925972610712051e-02
1.395246013998985291e-02
1.384358573704957962e-02
1.397047378122806549e-02
1.393068954348564148e-02
1.389210578054189682e-02
1.389249227941036224e-02
1.389729324728250504e-02
1.394071243703365326e-02
1.394318882375955582e-02
1.390052493661642075e-02
1.391354203224182129e-02
1.385905314236879349e-02
1.390380505472421646e-02
1.395307388156652451e-02
1.384879369288682938e-02
1.393713802099227905e-02
1.398168969899415970e-02
1.394528150558471680e-02
1.389983389526605606e-02
1.397623680531978607e-02
1.398565806448459625e-02
1.394366100430488586e-02
1.391084305942058563e-02
1.395938917994499207e-02
1.388505380600690842e-02
1.393168047070503235e-02
1.387389376759529114e-02
1.397329103201627731e-02
1.396749541163444519e-02
1.391277182847261429e-02
1.387076545506715775e-02
1.391075458377599716e-02
1.392329391092061996e-02
1.392762269824743271e-02
1.393043901771306992e-02
1.398732606321573257e-02
1.393290981650352478e-02
1.394355203956365585e-02
1.395124942064285278e-02
1.395806483924388885e-02
1.402835827320814133e-02
1.389806531369686127e-02
1.388492900878190994e-02
1.389360614120960236e-02
1.388559676706790924e-02
1.392921432852745056e-02
1.403319463133811951e-02
1.396538969129323959e-02
1.394534856081008911e-02
1.391904707998037338e-02
1.390128303319215775e-02
1.388367358595132828e-02
1.392252556979656219e-02
1.393426489084959030e-02
1.397669129073619843e-02
1.386300101876258850e-02
1.390004437416791916e-02
1.388085260987281799e-02
1.388314459472894669e-02
1.392141450196504593e-02
1.385122723877429962e-02
1.393399108201265335e-02
1.395936124026775360e-02
1.397342048585414886e-02
1.387431379407644272e-02
1.394230034202337265e-02
1.383608207106590271e-02
1.394696999341249466e-02
1.385707501322031021e-02
1.389450300484895706e-02
1.384566072374582291e-02
1.385821402072906494e-02
1.406943611800670624e-02
1.397517416626214981e-02
1.391852274537086487e-02
1.399862859398126602e-02
1.394896954298019409e-02
1.387459412217140198e-02
1.393601670861244202e-02
1.398587413132190704e-02
1.398494746536016464e-02
1.392483897507190704e-02
1.388248056173324585e-02
1.382226496934890747e-02
1.388360001146793365e-02
1.389773469418287277e-02
1.391594484448432922e-02
1.387427560985088348e-02
1.393314823508262634e-02
1.389122009277343750e-02
1.392662338912487030e-02
1.385342516005039215e-02
1.399693638086318970e-02
1.389823760837316513e-02
1.387876830995082855e-02
1.389090344309806824e-02
1.394415181130170822e-02
1.393510773777961731e-02
1.390524394810199738e-02
1.393000036478042603e-02
1.392666902393102646e-02
1.386435702443122864e-02
1.393152680248022079e-02
1.394076179713010788e-02
1.392127666622400284e-02
1.390731893479824066e-02
1.400528289377689362e-02
1.404529809951782227e-02
1.389647275209426880e-02
1.391957607120275497e-02
1.386103313416242599e-02
1.394507847726345062e-02
1.384163089096546173e-02
1.391859352588653564e-02
1.393914967775344849e-02
1.383734866976737976e-02
1.387000270187854767e-02
1.395634841173887253e-02
1.395788323134183884e-02
1.393690891563892365e-02
1.389113720506429672e-02
1.389642525464296341e-02
1.386666018515825272e-02
1.391513552516698837e-02
1.390624232590198517e-02
1.389655470848083496e-02
1.389688812196254730e-02
1.389549206942319870e-02
1.393265277147293091e-02
1.392884831875562668e-02
1.390365138649940491e-02
1.394349709153175354e-02
1.392080821096897125e-02
1.392021495848894119e-02
1.388527546077966690e-02
1.391251664608716965e-02
1.389350276440382004e-02
1.387965865433216095e-02
1.396817248314619064e-02
1.390566863119602203e-02
1.386679336428642273e-02
1.392001193016767502e-02
1.393362134695053101e-02
1.392774470150470734e-02
1.395533140748739243e-02
1.396897528320550919e-02
1.391457393765449524e-02
1.389620732516050339e-02
1.399827655404806137e-02
1.391070429235696793e-02
1.389368157833814621e-02
1.394842844456434250e-02
1.390669401735067368e-02
1.390911825001239777e-02
1.391177065670490265e-02
1.398053206503391266e-02
1.394841261208057404e-02
1.400778722018003464e-02
1.395401824265718460e-02
1.390496827661991119e-02
1.386875379830598831e-02
1.389944925904273987e-02
1.388205215334892273e-02
1.395494677126407623e-02
1.395598519593477249e-02
1.387403998523950577e-02
1.386866252869367599e-02
1.387755759060382843e-02
1.387721020728349686e-02
1.388685964047908783e-02
1.385431271046400070e-02
1.390162110328674316e-02
1.396710798144340515e-02
1.390788331627845764e-02
1.394337043166160583e-02
1.388933137059211731e-02
1.387848053127527237e-02
1.387681066989898682e-02
1.388580910861492157e-02
1.393462903797626495e-02
1.388838049024343491e-02
1.387930195778608322e-02
1.388531643897294998e-02
1.388941146433353424e-02
1.394331548362970352e-02
1.389695424586534500e-02
1.380950585007667542e-02
1.391860283911228180e-02
1.395302452147006989e-02
1.391755975782871246e-02
1.396846957504749298e-02
1.383453793823719025e-02
1.405180618166923523e-02
1.397873368114233017e-02
1.391438487917184830e-02
1.388656254857778549e-02
1.395370159298181534e-02
1.391338184475898743e-02
1.386060845106840134e-02
1.387887354940176010e-02
1.388826034963130951e-02
1.386354491114616394e-02
1.391814742237329483e-02
1.391518302261829376e-02
1.389872934669256210e-02
1.394474320113658905e-02
1.394311338663101196e-02
1.384497154504060745e-02
1.389720849692821503e-02
1.396620366722345352e-02
1.399003341794013977e-02
1.387336477637290955e-02
1.398746762424707413e-02
1.390254683792591095e-02
1.390849053859710693e-02
1.392637100070714951e-02
1.397774461656808853e-02
1.392965298146009445e-02
1.389648206532001495e-02
1.385529432445764542e-02
1.389516051858663559e-02
1.391427125781774521e-02
1.387456804513931274e-02
1.393876876682043076e-02
1.386948581784963608e-02
1.387862209230661392e-02
1.396384369581937790e-02
1.397755555808544159e-02
1.388777326792478561e-02
1.393436919897794724e-02
1.390193216502666473e-02
1.394189428538084030e-02
1.391842588782310486e-02
1.394098065793514252e-02
1.389176771044731140e-02
1.395831722766160965e-02
1.391910389065742493e-02
1.390199642628431320e-02
1.391667593270540237e-02
1.391249615699052811e-02
1.390697993338108063e-02
1.379503123462200165e-02
1.388904545456171036e-02
1.386246643960475922e-02
1.395185198634862900e-02
1.395766343921422958e-02
1.391995791345834732e-02
1.391042303293943405e-02
1.392585039138793945e-02
1.390649005770683289e-02
1.386903040111064911e-02
1.390657108277082443e-02
1.389323081821203232e-02
1.390195637941360474e-02
1.392483897507190704e-02
1.389458868652582169e-02
1.389142125844955444e-02
1.389967370778322220e-02
1.389014907181262970e-02
1.389074046164751053e-02
1.389746833592653275e-02
1.392994355410337448e-02
1.388020627200603485e-02
1.392815541476011276e-02
1.392325852066278458e-02
1.388784497976303101e-02
1.394807733595371246e-02
1.400126796215772629e-02
1.392215490341186523e-02
1.396189350634813309e-02
1.396997645497322083e-02
1.393167115747928619e-02
1.400518417358398438e-02
1.388528570532798767e-02
1.390131097286939621e-02
1.393697224557399750e-02
1.383618824183940887e-02
1.387266349047422409e-02
1.392614934593439102e-02
1.394517347216606140e-02
1.394540723413228989e-02
1.388657744973897934e-02
1.395009364932775497e-02
1.394836790859699249e-02
1.388995535671710968e-02
1.394302584230899811e-02
1.390945725142955780e-02
1.390104275196790695e-02
1.392031647264957428e-02
1.393761765211820602e-02
1.396232843399047852e-02
1.383954286575317383e-02
1.395790837705135345e-02
1.386930979788303375e-02
1.388471666723489761e-02
1.390268374234437943e-02
1.394426263868808746e-02
1.393374055624008179e-02
1.395107526332139969e-02
1.393437851220369339e-02
1.390001550316810608e-02
1.393791008740663528e-02
1.395551953464746475e-02
1.386058516800403595e-02
1.391803380101919174e-02
1.391940843313932419e-02
