8.895993232727050781e-02
1.691560819745063782e-02
1.454359758645296097e-02
1.435721479356288910e-02
1.448770053684711456e-02
1.435326784849166870e-02
1.458622980862855911e-02
1.463299430906772614e-02
1.445558574050664902e-02
1.479390077292919159e-02
1.435071602463722229e-02
1.583964005112648010e-02
1.505010854452848434e-02
1.469718385487794876e-02
1.456680893898010254e-02
1.445188093930482864e-02
1.458324771374464035e-02
1.451232377439737320e-02
1.509112957864999771e-02
1.506416592746973038e-02
1.498253736644983292e-02
1.450082380324602127e-02
1.473233290016651154e-02
1.472133863717317581e-02
1.476611010730266571e-02
1.475783623754978180e-02
1.463604904711246490e-02
1.472728792577981949e-02
1.467431243509054184e-02
1.454972941428422928e-02
1.472065877169370651e-02
1.468800846487283707e-02
1.517697889357805252e-02
1.482950057834386826e-02
1.479406934231519699e-02
1.468405220657587051e-02
1.471965108066797256e-02
1.487184036523103714e-02
1.516326516866683960e-02
1.469482760876417160e-02
1.450247876346111298e-02
1.470630988478660583e-02
1.467021182179450989e-02
1.481104549020528793e-02
1.462910603731870651e-02
1.493723038583993912e-02
1.445825025439262390e-02
1.448807399719953537e-02
1.489751413464546204e-02
1.432955637574195862e-02
1.428629923611879349e-02
1.439778227359056473e-02
1.431901659816503525e-02
1.475433260202407837e-02
1.436483766883611679e-02
1.444272696971893311e-02
1.448607631027698517e-02
1.501731574535369873e-02
1.434900518506765366e-02
1.484565902501344681e-02
1.434883568435907364e-02
1.426127646118402481e-02
1.454772055149078369e-02
1.422021910548210144e-02
1.482888311147689819e-02
1.470710709691047668e-02
1.480135787278413773e-02
1.429900527000427246e-02
1.442113425582647324e-02
1.425126008689403534e-02
1.460874639451503754e-02
1.456649973988533020e-02
1.446340046823024750e-02
1.454656664282083511e-02
1.428878493607044220e-02
1.438931189477443695e-02
1.448535919189453125e-02
1.438877638429403305e-02
1.407079119235277176e-02
1.415039971470832825e-02
1.440898235887289047e-02
1.438080612570047379e-02
1.424001902341842651e-02
1.422583684325218201e-02
1.440960355103015900e-02
1.438160892575979233e-02
1.463691331446170807e-02
1.434861496090888977e-02
1.445415057241916656e-02
1.444409321993589401e-02
1.435399241745471954e-02
1.435414329171180725e-02
1.438882574439048767e-02
1.446253433823585510e-02
1.456965599209070206e-02
1.413452439010143280e-02
1.435261964797973633e-02
1.417276356369256973e-02
1.417076680809259415e-02
1.431303750723600388e-02
1.414191164076328278e-02
1.425689272582530975e-02
1.428633928298950195e-02
1.436371449381113052e-02
1.420905347913503647e-02
1.445854362100362778e-02
1.407110132277011871e-02
1.446620747447013855e-02
1.446157693862915039e-02
1.427458319813013077e-02
1.437479723244905472e-02
1.415625587105751038e-02
1.411383226513862610e-02
1.442990638315677643e-02
1.410272158682346344e-02
1.423026807606220245e-02
1.467953156679868698e-02
1.432804018259048462e-02
1.419523265212774277e-02
1.426314376294612885e-02
1.422015205025672913e-02
1.415592432022094727e-02
1.434540934860706329e-02
1.422197278589010239e-02
1.470587030053138733e-02
1.421235594898462296e-02
1.419799681752920151e-02
1.444718148559331894e-02
1.418375503271818161e-02
1.435911748558282852e-02
1.431763824075460434e-02
1.442413497716188431e-02
1.431782916188240051e-02
1.428670529276132584e-02
1.428554486483335495e-02
1.415935344994068146e-02
1.421968732029199600e-02
1.423804648220539093e-02
1.441292930394411087e-02
1.422935444861650467e-02
1.416922081261873245e-02
1.423717290163040161e-02
1.424631942063570023e-02
1.440978329628705978e-02
1.425197999924421310e-02
1.436097268015146255e-02
1.401286013424396515e-02
1.420789211988449097e-02
1.406035572290420532e-02
1.417364645749330521e-02
1.400299835950136185e-02
1.421327609568834305e-02
1.420519314706325531e-02
1.428413111716508865e-02
1.428984012454748154e-02
1.426840480417013168e-02
1.440609153360128403e-02
1.414579432457685471e-02
1.420077960938215256e-02
1.408808957785367966e-02
1.409909967333078384e-02
1.425117719918489456e-02
1.432903017848730087e-02
1.425931043922901154e-02
1.419378444552421570e-02
1.426397729665040970e-02
1.434964779764413834e-02
1.424759253859519958e-02
1.423809304833412170e-02
1.414590794593095779e-02
1.419195346534252167e-02
1.398087199777364731e-02
1.421341300010681152e-02
1.410679705440998077e-02
1.417279057204723358e-02
1.415428332984447479e-02
1.417797151952981949e-02
1.416648458689451218e-02
1.411649491637945175e-02
1.401108969002962112e-02
1.410979870706796646e-02
1.417463365942239761e-02
1.419290993362665176e-02
1.416714303195476532e-02
1.411614846438169479e-02
1.425807550549507141e-02
1.412170939147472382e-02
1.410318817943334579e-02
1.433540508151054382e-02
1.410376839339733124e-02
1.398581545799970627e-02
1.408076751977205276e-02
1.405121758580207825e-02
1.402512565255165100e-02
1.421304512768983841e-02
1.421645097434520721e-02
1.409578602761030197e-02
1.408501900732517242e-02
1.400905009359121323e-02
1.413788460195064545e-02
1.420607417821884155e-02
1.403817534446716309e-02
1.401460357010364532e-02
1.418273989111185074e-02
1.406298577785491943e-02
1.420444995164871216e-02
1.408986095339059830e-02
1.409985031932592392e-02
1.397280208766460419e-02
1.419487595558166504e-02
1.409983169287443161e-02
1.403585541993379593e-02
1.410571113228797913e-02
1.401743758469820023e-02
1.395691465586423874e-02
1.404660474509000778e-02
1.409697346389293671e-02
1.407407782971858978e-02
1.420898456126451492e-02
1.401884946972131729e-02
1.399274636059999466e-02
1.406708080321550369e-02
1.451284345239400864e-02
1.410942710936069489e-02
1.402197498828172684e-02
1.410174835473299026e-02
1.403134688735008240e-02
1.407622080296278000e-02
1.408823393285274506e-02
1.411277987062931061e-02
1.406524423509836197e-02
1.394755113869905472e-02
1.408653613179922104e-02
1.423160452395677567e-02
1.404002401977777481e-02
1.407796796411275864e-02
1.405717153102159500e-02
1.428696420043706894e-02
1.418824773281812668e-02
1.395547296851873398e-02
1.395225524902343750e-02
1.405801158398389816e-02
1.402642298489809036e-02
1.414023526012897491e-02
1.407870184630155563e-02
1.404893491417169571e-02
1.401339378207921982e-02
1.421284396201372147e-02
1.427530031651258469e-02
1.412307377904653549e-02
1.390699297189712524e-02
1.409415435045957565e-02
1.412303093820810318e-02
1.398055441677570343e-02
1.418976020067930222e-02
1.396054495126008987e-02
1.395597308874130249e-02
1.419695280492305756e-02
1.393089257180690765e-02
1.413225382566452026e-02
1.398062426596879959e-02
1.408398803323507309e-02
1.417253818362951279e-02
1.403563097119331360e-02
1.410957425832748413e-02
1.402619294822216034e-02
1.404949277639389038e-02
1.408099941909313202e-02
1.407226175069808960e-02
1.404802221804857254e-02
1.402550935745239258e-02
1.407912652939558029e-02
1.397430058568716049e-02
1.415333896875381470e-02
1.403456088155508041e-02
1.396126300096511841e-02
1.395358145236968994e-02
1.399953104555606842e-02
1.399884372949600220e-02
1.394381094723939896e-02
1.403022278100252151e-02
1.408945489674806595e-02
1.406591199338436127e-02
1.405972801148891449e-02
1.399774849414825439e-02
1.393674686551094055e-02
1.405581459403038025e-02
1.413247361779212952e-02
1.395844295620918274e-02
1.410043798387050629e-02
1.404789462685585022e-02
1.402488816529512405e-02
1.408838573843240738e-02
1.404505874961614609e-02
1.400074455887079239e-02
1.413575187325477600e-02
1.399804838001728058e-02
1.401753537356853485e-02
1.412796229124069214e-02
1.415354199707508087e-02
1.414039358496665955e-02
1.399182621389627457e-02
1.408365741372108459e-02
1.388677209615707397e-02
1.407355349510908127e-02
1.399970799684524536e-02
1.393363717943429947e-02
1.407885365188121796e-02
1.395473349839448929e-02
1.405643299221992493e-02
1.396574545651674271e-02
1.412994600832462311e-02
1.414202712476253510e-02
1.391862425953149796e-02
1.398032438009977341e-02
1.395432278513908386e-02
1.393798086792230606e-02
1.410808600485324860e-02
1.401420682668685913e-02
1.406383048743009567e-02
1.396139804273843765e-02
1.413076464086771011e-02
1.409415155649185181e-02
1.396628934890031815e-02
1.399109791964292526e-02
1.387812383472919464e-02
1.396866422146558762e-02
1.403343118727207184e-02
1.392147317528724670e-02
1.393211539834737778e-02
1.396229024976491928e-02
1.396640669554471970e-02
1.396715827286243439e-02
1.408451609313488007e-02
1.395912468433380127e-02
1.400001905858516693e-02
1.399265136569738388e-02
1.402719598263502121e-02
1.396880764514207840e-02
1.406569965183734894e-02
1.406310312449932098e-02
1.401604060083627701e-02
1.402361132204532623e-02
1.399292610585689545e-02
1.402129512280225754e-02
1.394266635179519653e-02
1.394419092684984207e-02
1.395698077976703644e-02
1.395593769848346710e-02
1.400868780910968781e-02
1.393327675759792328e-02
1.399299595504999161e-02
1.402870938181877136e-02
1.398357842117547989e-02
1.398078817874193192e-02
1.401266921311616898e-02
1.388222444802522659e-02
1.399871893227100372e-02
1.391328498721122742e-02
1.404538657516241074e-02
1.390964165329933167e-02
1.414148695766925812e-02
1.401225198060274124e-02
1.405011489987373352e-02
1.403557229787111282e-02
1.392315886914730072e-02
1.405973732471466064e-02
1.401136163622140884e-02
1.391851063817739487e-02
1.392711047083139420e-02
1.396937482059001923e-02
1.399785000830888748e-02
1.391826570034027100e-02
1.401443500071763992e-02
1.396164763718843460e-02
1.397279929369688034e-02
1.389563735574483871e-02
1.404217723757028580e-02
1.395645458251237869e-02
1.398982107639312744e-02
1.392854377627372742e-02
1.391397137194871902e-02
1.400656066834926605e-02
1.398517563939094543e-02
1.395018212497234344e-02
1.391731854528188705e-02
1.403698790818452835e-02
1.399225462228059769e-02
1.396702509373426437e-02
1.397704146802425385e-02
1.391552295535802841e-02
1.397185493260622025e-02
1.396024320274591446e-02
1.398528646677732468e-02
1.400544866919517517e-02
1.395027991384267807e-02
1.394338253885507584e-02
1.402942091226577759e-02
1.394493319094181061e-02
1.405728235840797424e-02
1.393356919288635254e-02
1.395323034375905991e-02
1.392252836376428604e-02
1.395739614963531494e-02
1.398165337741374969e-02
1.398096699267625809e-02
1.403897162526845932e-02
1.389636192470788956e-02
1.393248979002237320e-02
1.394286938011646271e-02
1.414506323635578156e-02
1.401206012815237045e-02
1.396244112402200699e-02
1.399045158177614212e-02
1.395499613136053085e-02
1.402728445827960968e-02
1.392339076846837997e-02
1.401889510452747345e-02
1.399071142077445984e-02
1.404004544019699097e-02
1.395363081246614456e-02
1.391018927097320557e-02
1.402870565652847290e-02
1.391671970486640930e-02
1.387810893356800079e-02
1.402348373085260391e-02
1.398699358105659485e-02
1.395321357995271683e-02
1.391669828444719315e-02
1.409879047423601151e-02
1.399313379079103470e-02
1.397114899009466171e-02
1.396234147250652313e-02
1.390135847032070160e-02
1.397146377712488174e-02
1.393617689609527588e-02
1.393111795186996460e-02
1.389310602098703384e-02
1.399994548410177231e-02
1.391830109059810638e-02
1.392071601003408432e-02
1.391814928501844406e-02
1.395018771290779114e-02
1.407818682491779327e-02
1.397413760423660278e-02
1.393745746463537216e-02
1.393267139792442322e-02
1.390095334500074387e-02
1.388502400368452072e-02
1.395053882151842117e-02
1.400188822299242020e-02
1.398717518895864487e-02
1.390394382178783417e-02
1.392419543117284775e-02
1.406299881637096405e-02
1.391089614480733871e-02
1.394459512084722519e-02
1.392884831875562668e-02
1.408487744629383087e-02
1.395320706069469452e-02
1.407747622579336166e-02
1.403304096311330795e-02
1.397795788943767548e-02
1.396841835230588913e-02
1.397524215281009674e-02
1.398906577378511429e-02
1.403318531811237335e-02
1.397035643458366394e-02
1.392505876719951630e-02
1.396572403609752655e-02
1.395171415060758591e-02
1.393901463598012924e-02
1.391349267214536667e-02
1.396922580897808075e-02
1.388557814061641693e-02
1.409361790865659714e-02
1.388099137693643570e-02
1.397295296192169189e-02
1.394523773342370987e-02
1.390647701919078827e-02
1.395839266479015350e-02
1.388337556272745132e-02
1.406388264149427414e-02
1.389042288064956665e-02
1.392502058297395706e-02
1.403317321091890335e-02
1.394802518188953400e-02
1.391700655221939087e-02
1.394108310341835022e-02
1.403473597019910812e-02
1.394668687134981155e-02
1.386011764407157898e-02
1.406768057495355606e-02
1.387647166848182678e-02
1.393156405538320541e-02
1.392833609133958817e-02
1.393014844506978989e-02
1.409531570971012115e-02
1.387705374509096146e-02
1.402139384299516678e-02
1.393129024654626846e-02
1.403065491467714310e-02
1.389468368142843246e-02
1.406604424118995667e-02
1.396563276648521423e-02
1.394774205982685089e-02
1.402412820607423782e-02
1.392808463424444199e-02
1.393620576709508896e-02
1.386788394302129745e-02
1.388548593968153000e-02
1.399585325270891190e-02
1.396446209400892258e-02
1.396786514669656754e-02
1.392814610153436661e-02
1.399925723671913147e-02
1.397161465138196945e-02
1.392045337706804276e-02
1.392432767897844315e-02
1.410019025206565857e-02
1.395020354539155960e-02
1.399404183030128479e-02
1.400591898709535599e-02
1.390102133154869080e-02
1.387072820216417313e-02
1.392204686999320984e-02
1.392446644604206085e-02
1.391887478530406952e-02
1.396409142762422562e-02
1.393323857337236404e-02
1.399949006736278534e-02
1.397402677685022354e-02
1.392723340541124344e-02
1.391610503196716309e-02
1.393041480332612991e-02
1.405049301683902740e-02
1.398057583719491959e-02
1.391460094600915909e-02
1.393930986523628235e-02
1.397433131933212280e-02
1.403021626174449921e-02
1.398149039596319199e-02
1.394608709961175919e-02
1.391781400889158249e-02
1.393254846334457397e-02
1.398176047950983047e-02
1.396454963833093643e-02
1.395241823047399521e-02
1.389949209988117218e-02
1.408989820629358292e-02
1.392514910548925400e-02
1.396053098142147064e-02
1.394302025437355042e-02
1.385506335645914078e-02
1.390410214662551880e-02
1.388637349009513855e-02
1.394364424049854279e-02
1.400152593851089478e-02
1.401882153004407883e-02
1.389502827078104019e-02
1.396154612302780151e-02
1.387670263648033142e-02
1.394333038479089737e-02
1.398234348744153976e-02
1.399942487478256226e-02
1.392491254955530167e-02
1.395236141979694366e-02
1.397675741463899612e-02
1.388489175587892532e-02
1.389591302722692490e-02
1.389365643262863159e-02
1.389988511800765991e-02
1.395276002585887909e-02
1.392494328320026398e-02
1.397374644875526428e-02
1.396812312304973602e-02
1.399570610374212265e-02
1.400894019752740860e-02
1.394202280789613724e-02
1.386502943933010101e-02
1.394244469702243805e-02
1.398459542542695999e-02
1.392552815377712250e-02
1.394366472959518433e-02
1.392906252294778824e-02
1.394545193761587143e-02
1.392037793993949890e-02
1.388246472924947739e-02
1.397637370973825455e-02
1.390463486313819885e-02
1.390122156590223312e-02
1.396809238940477371e-02
1.392735168337821960e-02
1.400125212967395782e-02
1.388509850949048996e-02
1.389613281935453415e-02
1.393210794776678085e-02
1.394495833665132523e-02
1.395712513476610184e-02
1.393391564488410950e-02
1.386683713644742966e-02
1.397663261741399765e-02
1.390746049582958221e-02
1.396733429282903671e-02
1.390121225267648697e-02
1.404476352035999298e-02
1.396105252206325531e-02
1.396802626550197601e-02
1.397400069981813431e-02
1.389054022729396820e-02
1.402436103671789169e-02
1.399274356663227081e-02
1.393730100244283676e-02
1.396187208592891693e-02
1.392546296119689941e-02
1.391599886119365692e-02
1.395577471703290939e-02
1.399266626685857773e-02
1.392106432467699051e-02
1.392078585922718048e-02
1.398108433932065964e-02
1.403864845633506775e-02
1.396474987268447876e-02
1.383849140256643295e-02
1.391235180199146271e-02
1.393855642527341843e-02
1.391217764467000961e-02
1.398253720253705978e-02
1.386872865259647369e-02
1.398133579641580582e-02
1.394805125892162323e-02
1.394446939229965210e-02
1.393334753811359406e-02
1.389963738620281219e-02
1.396733243018388748e-02
1.388574298471212387e-02
1.388959307223558426e-02
1.395926624536514282e-02
1.395122893154621124e-02
1.391534693539142609e-02
1.397938560694456100e-02
1.391305029392242432e-02
1.393263693898916245e-02
1.392962504178285599e-02
1.396265067160129547e-02
1.395566202700138092e-02
1.397270057350397110e-02
1.394609920680522919e-02
1.385518070310354233e-02
1.391653716564178467e-02
1.392971817404031754e-02
1.398607064038515091e-02
1.388351526111364365e-02
1.388998795300722122e-02
1.403181906789541245e-02
1.397901773452758789e-02
1.384647097438573837e-02
1.398554816842079163e-02
1.392523199319839478e-02
1.390283834189176559e-02
1.393948681652545929e-02
1.388289500027894974e-02
1.394427474588155746e-02
1.400552876293659210e-02
1.389836147427558899e-02
1.398555375635623932e-02
1.386701967567205429e-02
1.399204693734645844e-02
1.389660686254501343e-02
1.394312269985675812e-02
1.391465775668621063e-02
1.392737776041030884e-02
1.392398681491613388e-02
1.396595407277345657e-02
1.393683347851037979e-02
1.396845839917659760e-02
1.398137584328651428e-02
1.396089512854814529e-02
1.386829651892185211e-02
1.407927554100751877e-02
1.391873322427272797e-02
1.392441429197788239e-02
1.391550060361623764e-02
1.393316313624382019e-02
1.388203445822000504e-02
1.388204284012317657e-02
1.390384975820779800e-02
1.410241890698671341e-02
1.392347458750009537e-02
1.392447855323553085e-02
1.392490975558757782e-02
1.385447289794683456e-02
1.398836914449930191e-02
1.391034014523029327e-02
1.393399853259325027e-02
1.394726429134607315e-02
1.386176701635122299e-02
1.391009707003831863e-02
1.389925833791494370e-02
1.387373078614473343e-02
1.391834486275911331e-02
1.389663480222225189e-02
1.395599730312824249e-02
1.395045127719640732e-02
1.389775238931179047e-02
1.395555306226015091e-02
1.396669261157512665e-02
1.390230283141136169e-02
1.396985631436109543e-02
1.393376942723989487e-02
1.394127868115901947e-02
1.387479249387979507e-02
1.389408111572265625e-02
1.400026306509971619e-02
1.391192991286516190e-02
1.385096926242113113e-02
1.392216235399246216e-02
1.395826041698455811e-02
1.388920657336711884e-02
1.392819173634052277e-02
1.399993896484375000e-02
1.396025344729423523e-02
1.390349771827459335e-02
1.395271532237529755e-02
1.389808300882577896e-02
1.386400684714317322e-02
1.388864498585462570e-02
1.395287085324525833e-02
1.401877868920564651e-02
1.397332176566123962e-02
1.386617496609687805e-02
1.390861067920923233e-02
1.389465667307376862e-02
1.389028225094079971e-02
1.390928775072097778e-02
1.391137298196554184e-02
1.388084981590509415e-02
1.399306207895278931e-02
1.387539505958557129e-02
1.397861540317535400e-02
1.399559620767831802e-02
1.398072391748428345e-02
1.395377330482006073e-02
1.389996148645877838e-02
1.391441561281681061e-02
1.396660041064023972e-02
1.392698567360639572e-02
1.398273278027772903e-02
1.392817310988903046e-02
1.397078298032283783e-02
1.393231097608804703e-02
1.394292339682579041e-02
1.396456733345985413e-02
1.391368079930543900e-02
1.387692429125308990e-02
1.388281211256980896e-02
1.387151144444942474e-02
1.397674437612295151e-02
1.386120729148387909e-02
1.396851427853107452e-02
1.393792871385812759e-02
1.390686631202697754e-02
1.388280186802148819e-02
1.394184492528438568e-02
1.390115357935428619e-02
1.393960975110530853e-02
1.390195358544588089e-02
1.395514514297246933e-02
1.398880872875452042e-02
1.399998180568218231e-02
1.386816240847110748e-02
1.397335715591907501e-02
1.392210554331541061e-02
1.397311780601739883e-02
1.391840912401676178e-02
1.391764637082815170e-02
1.400900818407535553e-02
1.399533823132514954e-02
1.394092198461294174e-02
1.394058670848608017e-02
1.389306597411632538e-02
1.397127937525510788e-02
1.400723308324813843e-02
1.394797582179307938e-02
1.395617611706256866e-02
1.385191455483436584e-02
1.398630160838365555e-02
1.400473061949014664e-02
1.386849675327539444e-02
1.395488530397415161e-02
1.391823962330818176e-02
1.398415863513946533e-02
1.394521351903676987e-02
1.393863279372453690e-02
1.385313738137483597e-02
1.391958910971879959e-02
1.391320116817951202e-02
1.379855070263147354e-02
1.390770450234413147e-02
1.390783581882715225e-02
1.390984095633029938e-02
1.392366643995046616e-02
1.394654437899589539e-02
1.390973944216966629e-02
1.387932989746332169e-02
1.394364330917596817e-02
1.395929418504238129e-02
1.390326675027608871e-02
1.392384804785251617e-02
1.402459945529699326e-02
1.388296019285917282e-02
1.396541111171245575e-02
1.391996536403894424e-02
1.388499978929758072e-02
1.390371657907962799e-02
1.396676525473594666e-02
1.388985570520162582e-02
1.392481382936239243e-02
1.390048488974571228e-02
1.389578823000192642e-02
1.389873586595058441e-02
1.392622012645006180e-02
1.388132944703102112e-02
1.390148606151342392e-02
1.392833143472671509e-02
1.410704012960195541e-02
1.393064949661493301e-02
1.398645248264074326e-02
1.389089692384004593e-02
1.387963443994522095e-02
1.393307559192180634e-02
1.393848378211259842e-02
1.391570363193750381e-02
1.395239401608705521e-02
1.387133449316024780e-02
1.390557922422885895e-02
1.389771141111850739e-02
1.386859640479087830e-02
1.392653957009315491e-02
1.391771715134382248e-02
1.393554173409938812e-02
1.400877162814140320e-02
1.397576648741960526e-02
1.386832911521196365e-02
1.390058267861604691e-02
1.394052989780902863e-02
1.394301373511552811e-02
1.392310019582509995e-02
1.397693343460559845e-02
1.387150678783655167e-02
1.388939097523689270e-02
1.398105919361114502e-02
1.397487893700599670e-02
1.387352030724287033e-02
1.393509563058614731e-02
1.406922470778226852e-02
1.388916373252868652e-02
1.384834758937358856e-02
1.395575888454914093e-02
1.393769774585962296e-02
1.387043949216604233e-02
1.392122078686952591e-02
1.392215956002473831e-02
1.390461809933185577e-02
1.392460055649280548e-02
1.389060821384191513e-02
1.390969939529895782e-02
1.386328693479299545e-02
1.399501971900463104e-02
1.395774073898792267e-02
1.390765141695737839e-02
1.391505450010299683e-02
1.391415111720561981e-02
1.395926345139741898e-02
1.385622005909681320e-02
1.387307699769735336e-02
1.388411689549684525e-02
1.390877366065979004e-02
1.388322655111551285e-02
1.396544184535741806e-02
1.388077717274427414e-02
1.389572396874427795e-02
1.394776068627834320e-02
1.390934735536575317e-02
1.391637418419122696e-02
1.387045346200466156e-02
1.392166037112474442e-02
1.397342700511217117e-02
1.385818328708410263e-02
1.391492318361997604e-02
1.393764279782772064e-02
1.395800989121198654e-02
1.389977242797613144e-02
1.393295917659997940e-02
1.387933641672134399e-02
1.393651776015758514e-02
1.389291789382696152e-02
1.390849053859710693e-02
1.388930808752775192e-02
1.386561058461666107e-02
1.388009171932935715e-02
1.393432915210723877e-02
1.395010482519865036e-02
1.400577928870916367e-02
1.395564060658216476e-02
1.398644782602787018e-02
1.395955123007297516e-02
1.390234753489494324e-02
1.388206053525209427e-02
1.396455615758895874e-02
1.396896876394748688e-02
1.395428832620382309e-02
1.397459860891103745e-02
1.387005764991044998e-02
1.391068752855062485e-02
1.391868013888597488e-02
1.390670984983444214e-02
1.391942147165536880e-02
1.405020058155059814e-02
1.388534158468246460e-02
1.385887525975704193e-02
1.390130165964365005e-02
1.390043087303638458e-02
1.393948867917060852e-02
1.395620219409465790e-02
1.400557532906532288e-02
1.398466806858778000e-02
1.389677263796329498e-02
1.389701012521982193e-02
1.390037219971418381e-02
1.389591488987207413e-02
1.395098492503166199e-02
1.384815108031034470e-02
1.391069311648607254e-02
1.391205657273530960e-02
1.387890707701444626e-02
1.388824544847011566e-02
1.399787794798612595e-02
1.398853212594985962e-02
1.391438674181699753e-02
1.386224664747714996e-02
1.389038003981113434e-02
1.392161473631858826e-02
1.396107673645019531e-02
1.386978663504123688e-02
1.389114279299974442e-02
1.386735681444406509e-02
1.403567101806402206e-02
1.390427630394697189e-02
1.389212720096111298e-02
1.383569464087486267e-02
1.391865499317646027e-02
1.392589695751667023e-02
1.391331944614648819e-02
1.394678279757499695e-02
1.398627646267414093e-02
1.399677991867065430e-02
1.390796434134244919e-02
1.391786430031061172e-02
1.392654795199632645e-02
1.398740895092487335e-02
1.393431052565574646e-02
1.391276996582746506e-02
1.389979664236307144e-02
1.392826437950134277e-02
1.388720516115427017e-02
1.389682851731777191e-02
1.391032431274652481e-02
1.392748113721609116e-02
1.386084593832492828e-02
1.389716938138008118e-02
1.388189569115638733e-02
1.391346659511327744e-02
1.387705374509096146e-02
1.396138872951269150e-02
1.389639917761087418e-02
1.398492977023124695e-02
1.403018273413181305e-02
1.387093495577573776e-02
1.392168831080198288e-02
1.391568966209888458e-02
1.395788230001926422e-02
1.390167977660894394e-02
1.391442492604255676e-02
1.391691062599420547e-02
1.386703364551067352e-02
1.400429196655750275e-02
1.398676168173551559e-02
1.390599925071001053e-02
1.388825289905071259e-02
1.386436074972152710e-02
1.388089265674352646e-02
1.393730845302343369e-02
1.385666802525520325e-02
1.389177702367305756e-02
1.392087899148464203e-02
1.392266340553760529e-02
1.395183708518743515e-02
1.393994037061929703e-02
1.390213053673505783e-02
