1.322078108787536621e-01
3.383286297321319580e-02
2.978239953517913818e-02
2.911679074168205261e-02
2.890588156878948212e-02
2.935413829982280731e-02
2.862601727247238159e-02
2.992543205618858337e-02
2.941594272851943970e-02
2.985026501119136810e-02
3.066433966159820557e-02
2.893607504665851593e-02
3.000594675540924072e-02
3.012699075043201447e-02
2.932794019579887390e-02
2.981660887598991394e-02
2.980428561568260193e-02
3.028894215822219849e-02
2.961136586964130402e-02
2.948783151805400848e-02
2.865108288824558258e-02
2.879732847213745117e-02
3.083670139312744141e-02
2.976524643599987030e-02
2.968287095427513123e-02
3.035873360931873322e-02
2.930201776325702667e-02
3.017249517142772675e-02
2.946763113141059875e-02
2.981499768793582916e-02
2.917638048529624939e-02
2.972952276468276978e-02
3.006297163665294647e-02
2.929790318012237549e-02
2.945174463093280792e-02
2.961278147995471954e-02
2.944779582321643829e-02
2.909380942583084106e-02
2.942841500043869019e-02
2.965679764747619629e-02
2.886802703142166138e-02
2.933332324028015137e-02
2.975220791995525360e-02
3.117902763187885284e-02
2.870409935712814331e-02
2.957081422209739685e-02
2.856714278459548950e-02
2.891175635159015656e-02
2.908417209982872009e-02
2.950163185596466064e-02
2.927970513701438904e-02
2.888067997992038727e-02
3.042503446340560913e-02
2.987311035394668579e-02
2.956264838576316833e-02
2.900240570306777954e-02
2.886394038796424866e-02
2.965712733566761017e-02
2.988671325147151947e-02
2.882591448724269867e-02
2.949667349457740784e-02
2.904689498245716095e-02
2.841651067137718201e-02
2.903233841061592102e-02
2.887729555368423462e-02
2.921146340668201447e-02
2.900502830743789673e-02
2.976017631590366364e-02
2.898454293608665466e-02
2.934761345386505127e-02
2.893531508743762970e-02
2.908282168209552765e-02
2.854263596236705780e-02
2.983574941754341125e-02
2.930554188787937164e-02
2.859873697161674500e-02
2.932012081146240234e-02
2.873847447335720062e-02
2.903070673346519470e-02
2.875203825533390045e-02
2.911222539842128754e-02
2.898422442376613617e-02
2.917482890188694000e-02
2.877032943069934845e-02
2.889806404709815979e-02
2.930961735546588898e-02
2.880306169390678406e-02
2.857437729835510254e-02
2.863982506096363068e-02
2.972860075533390045e-02
2.890455722808837891e-02
2.889441139996051788e-02
2.938847057521343231e-02
2.854954451322555542e-02
2.912067063152790070e-02
2.861535549163818359e-02
2.939273416996002197e-02
2.935239113867282867e-02
2.844101376831531525e-02
2.855241298675537109e-02
2.850314788520336151e-02
2.825251594185829163e-02
2.846901863813400269e-02
2.933887392282485962e-02
2.890135161578655243e-02
2.862611971795558929e-02
2.838833443820476532e-02
2.863462455570697784e-02
2.864050120115280151e-02
2.865545824170112610e-02
2.833965048193931580e-02
2.891423553228378296e-02
2.853178232908248901e-02
2.857378125190734863e-02
2.855709381401538849e-02
2.869563549757003784e-02
2.886802330613136292e-02
2.871345356106758118e-02
2.895761840045452118e-02
2.881734818220138550e-02
2.919883467257022858e-02
2.909133583307266235e-02
2.844897843897342682e-02
2.862193435430526733e-02
2.840234152972698212e-02
2.838209830224514008e-02
2.849367260932922363e-02
2.851329930126667023e-02
2.852904982864856720e-02
2.814361266791820526e-02
2.887250296771526337e-02
2.896388806402683258e-02
2.825884893536567688e-02
2.974933758378028870e-02
2.929875999689102173e-02
2.831793390214443207e-02
2.881730534136295319e-02
2.879567071795463562e-02
2.843979932367801666e-02
2.821495011448860168e-02
2.833186089992523193e-02
2.876819483935832977e-02
2.935111708939075470e-02
2.848957665264606476e-02
2.858595363795757294e-02
2.862479910254478455e-02
2.858460880815982819e-02
2.861650846898555756e-02
2.860236540436744690e-02
2.849718555808067322e-02
2.867420203983783722e-02
2.855329774320125580e-02
2.825044468045234680e-02
2.855828776955604553e-02
2.841683104634284973e-02
2.879575267434120178e-02
2.903649024665355682e-02
2.872032113373279572e-02
2.852922864258289337e-02
2.824820578098297119e-02
2.860800176858901978e-02
2.845033816993236542e-02
2.855509519577026367e-02
2.863664925098419189e-02
2.829456329345703125e-02
2.853153645992279053e-02
2.867001481354236603e-02
2.810258604586124420e-02
2.881840988993644714e-02
2.827848866581916809e-02
2.865949459373950958e-02
2.821451611816883087e-02
2.865503355860710144e-02
2.812002226710319519e-02
2.892693504691123962e-02
2.805490419268608093e-02
2.860111184418201447e-02
2.829458750784397125e-02
2.834549173712730408e-02
2.820790186524391174e-02
2.828241698443889618e-02
2.837302535772323608e-02
2.851027250289916992e-02
2.863732539117336273e-02
2.888218127191066742e-02
2.869965322315692902e-02
2.846639417111873627e-02
2.860997058451175690e-02
2.824956923723220825e-02
2.833146415650844574e-02
2.843428961932659149e-02
2.810051850974559784e-02
2.840501815080642700e-02
2.834579348564147949e-02
2.873434871435165405e-02
2.846146188676357269e-02
2.843318693339824677e-02
2.860324084758758545e-02
2.840751223266124725e-02
2.822010032832622528e-02
2.819451317191123962e-02
2.838925644755363464e-02
2.842079848051071167e-02
2.865765430033206940e-02
2.836365625262260437e-02
2.842625416815280914e-02
2.886459976434707642e-02
2.832387760281562805e-02
2.835988067090511322e-02
2.819253318011760712e-02
2.856142073869705200e-02
2.829463779926300049e-02
2.810368314385414124e-02
2.838256582617759705e-02
2.835593931376934052e-02
2.867968752980232239e-02
2.845295891165733337e-02
2.835881337523460388e-02
2.817209623754024506e-02
2.822071500122547150e-02
2.858336642384529114e-02
2.852305769920349121e-02
2.811099961400032043e-02
2.822163514792919159e-02
2.859453298151493073e-02
2.826091460883617401e-02
2.824021689593791962e-02
2.855845354497432709e-02
2.842697687447071075e-02
2.834700047969818115e-02
2.822657302021980286e-02
2.847957983613014221e-02
2.821589447557926178e-02
2.824727073311805725e-02
2.853991836309432983e-02
2.826659940183162689e-02
2.843690104782581329e-02
2.846165932714939117e-02
2.821994945406913757e-02
2.824871055781841278e-02
2.822720259428024292e-02
2.850865386426448822e-02
2.849063649773597717e-02
2.837789617478847504e-02
2.824446186423301697e-02
2.813611738383769989e-02
2.812734991312026978e-02
2.826178818941116333e-02
2.808802574872970581e-02
2.840944752097129822e-02
2.826454490423202515e-02
2.828293852508068085e-02
2.826062403619289398e-02
2.831668220460414886e-02
2.873643673956394196e-02
2.803541906177997589e-02
2.834489941596984863e-02
2.817200683057308197e-02
2.885457873344421387e-02
2.844146639108657837e-02
2.821070514619350433e-02
2.826158702373504639e-02
2.825644984841346741e-02
2.804339863359928131e-02
2.836503647267818451e-02
2.816610038280487061e-02
2.824851684272289276e-02
2.860380522906780243e-02
2.808805927634239197e-02
2.813654206693172455e-02
2.828740142285823822e-02
2.828348800539970398e-02
2.801420725882053375e-02
2.810616418719291687e-02
2.807104401290416718e-02
2.838817797601222992e-02
2.814179100096225739e-02
2.825130335986614227e-02
2.816484123468399048e-02
2.803824655711650848e-02
2.794794179499149323e-02
2.851892635226249695e-02
2.786785922944545746e-02
2.826488204300403595e-02
2.800347656011581421e-02
2.812908589839935303e-02
2.829285524785518646e-02
2.812800928950309753e-02
2.826683968305587769e-02
2.822866663336753845e-02
2.804902568459510803e-02
2.806310914456844330e-02
2.833186648786067963e-02
2.837699092924594879e-02
2.838682383298873901e-02
2.831633761525154114e-02
2.813086286187171936e-02
2.818107604980468750e-02
2.796390280127525330e-02
2.802056260406970978e-02
2.802723832428455353e-02
2.839869260787963867e-02
2.808919735252857208e-02
2.800236456096172333e-02
2.796733006834983826e-02
2.808908000588417053e-02
2.819683961570262909e-02
2.809196524322032928e-02
2.813810482621192932e-02
2.827981486916542053e-02
2.796700969338417053e-02
2.806144207715988159e-02
2.793704904615879059e-02
2.817241847515106201e-02
2.808860689401626587e-02
2.830127626657485962e-02
2.805984579026699066e-02
2.807926759123802185e-02
2.808538824319839478e-02
2.789462357759475708e-02
2.809465490281581879e-02
2.810939401388168335e-02
2.808636613190174103e-02
2.820270322263240814e-02
2.806989289820194244e-02
2.810827642679214478e-02
2.813062444329261780e-02
2.826350741088390350e-02
2.848028019070625305e-02
2.850415557622909546e-02
2.798444032669067383e-02
2.799505367875099182e-02
2.812695130705833435e-02
2.809997648000717163e-02
2.797231078147888184e-02
2.810990065336227417e-02
2.794935740530490875e-02
2.816857397556304932e-02
2.846743725240230560e-02
2.820318564772605896e-02
2.828540094196796417e-02
2.812176384031772614e-02
2.809765376150608063e-02
2.801009826362133026e-02
2.831711061298847198e-02
2.811962179839611053e-02
2.823713608086109161e-02
2.811114117503166199e-02
2.809355594217777252e-02
2.815037406980991364e-02
2.811690047383308411e-02
2.814310044050216675e-02
2.813953347504138947e-02
2.811857685446739197e-02
2.826435305178165436e-02
2.810142002999782562e-02
2.803984656929969788e-02
2.826526388525962830e-02
2.824118174612522125e-02
2.820534631609916687e-02
2.817423455417156219e-02
2.805914171040058136e-02
2.804683335125446320e-02
2.836005389690399170e-02
2.814319916069507599e-02
2.815633639693260193e-02
2.798238210380077362e-02
2.810831367969512939e-02
2.800352126359939575e-02
2.807362377643585205e-02
2.817290462553501129e-02
2.809651009738445282e-02
2.805430814623832703e-02
2.831937372684478760e-02
2.820354886353015900e-02
2.820162847638130188e-02
2.851621806621551514e-02
2.812586165964603424e-02
2.798252180218696594e-02
2.820990234613418579e-02
2.804772183299064636e-02
2.810145914554595947e-02
2.806058339774608612e-02
2.803860977292060852e-02
2.804713323712348938e-02
2.817289903759956360e-02
2.811288274824619293e-02
2.804806083440780640e-02
2.814775332808494568e-02
2.815737575292587280e-02
2.791318856179714203e-02
2.842431142926216125e-02
2.811951190233230591e-02
2.795309200882911682e-02
2.791946753859519958e-02
2.802974358201026917e-02
2.834028750658035278e-02
2.809921465814113617e-02
2.793372422456741333e-02
2.802344597876071930e-02
2.816415019333362579e-02
2.791725844144821167e-02
2.798802219331264496e-02
2.796883694827556610e-02
2.797290496528148651e-02
2.814178168773651123e-02
2.800425328314304352e-02
2.814330346882343292e-02
2.795202843844890594e-02
2.806279622018337250e-02
2.788927592337131500e-02
2.802336588501930237e-02
2.804778888821601868e-02
2.809060364961624146e-02
2.818539924919605255e-02
2.802181802690029144e-02
2.811783179640769958e-02
2.802103385329246521e-02
2.819813974201679230e-02
2.837087586522102356e-02
2.793552726507186890e-02
2.797527983784675598e-02
2.787329070270061493e-02
2.791607379913330078e-02
2.805583178997039795e-02
2.807528525590896606e-02
2.779622189700603485e-02
2.801811136305332184e-02
2.808172255754470825e-02
2.802835591137409210e-02
2.803106233477592468e-02
2.810718119144439697e-02
2.803480997681617737e-02
2.817636542022228241e-02
2.833968214690685272e-02
2.809355594217777252e-02
2.805635705590248108e-02
2.817604318261146545e-02
2.818698622286319733e-02
2.841586060822010040e-02
2.809680253267288208e-02
2.795824781060218811e-02
2.791868895292282104e-02
2.806502953171730042e-02
2.796558476984500885e-02
2.807675115764141083e-02
2.814245596528053284e-02
2.799600176513195038e-02
2.797519229352474213e-02
2.816531807184219360e-02
2.812270820140838623e-02
2.806101739406585693e-02
2.796143852174282074e-02
2.821474708616733551e-02
2.812121063470840454e-02
2.806435339152812958e-02
2.810580283403396606e-02
2.805581316351890564e-02
2.814754284918308258e-02
2.818572707474231720e-02
2.812391147017478943e-02
2.802031487226486206e-02
2.793618477880954742e-02
2.806520089507102966e-02
2.816349826753139496e-02
2.807931602001190186e-02
2.815330214798450470e-02
2.795948460698127747e-02
2.803369425237178802e-02
2.808702923357486725e-02
2.817641012370586395e-02
2.794658951461315155e-02
2.802818082273006439e-02
2.847594022750854492e-02
2.787072025239467621e-02
2.814126387238502502e-02
2.786855399608612061e-02
2.823201380670070648e-02
2.810017950832843781e-02
2.805972844362258911e-02
2.823340892791748047e-02
2.797404490411281586e-02
2.792482078075408936e-02
2.789396233856678009e-02
2.799153141677379608e-02
2.798053435981273651e-02
2.794032543897628784e-02
2.799880132079124451e-02
2.842816151678562164e-02
2.813968621194362640e-02
2.807614393532276154e-02
2.802866697311401367e-02
2.796901948750019073e-02
2.789513021707534790e-02
2.805502526462078094e-02
2.814333140850067139e-02
2.824556827545166016e-02
2.810529805719852448e-02
2.801756747066974640e-02
2.801060304045677185e-02
2.816189266741275787e-02
2.794340252876281738e-02
2.810834720730781555e-02
2.802362479269504547e-02
2.794268913567066193e-02
2.807988226413726807e-02
2.805331535637378693e-02
2.805925160646438599e-02
2.796691097319126129e-02
2.803109772503376007e-02
2.792845480144023895e-02
2.825787104666233063e-02
2.819966897368431091e-02
2.807077579200267792e-02
2.808439731597900391e-02
2.801452763378620148e-02
2.802973054349422455e-02
2.806403487920761108e-02
2.790665440261363983e-02
2.793305367231369019e-02
2.807209268212318420e-02
2.796317078173160553e-02
2.818835526704788208e-02
2.801568992435932159e-02
2.797159366309642792e-02
2.826220914721488953e-02
2.837825194001197815e-02
2.801699750125408173e-02
2.803539857268333435e-02
2.805748023092746735e-02
2.794812805950641632e-02
2.809643559157848358e-02
2.790428884327411652e-02
2.800970338284969330e-02
2.794875390827655792e-02
2.822727151215076447e-02
2.803727984428405762e-02
2.829925157129764557e-02
2.812409773468971252e-02
2.807412855327129364e-02
2.795640192925930023e-02
2.819189615547657013e-02
2.822180464863777161e-02
2.805617637932300568e-02
2.817074023187160492e-02
2.793475426733493805e-02
2.792551554739475250e-02
2.814927324652671814e-02
2.811522409319877625e-02
2.797706052660942078e-02
2.795883268117904663e-02
2.792579866945743561e-02
2.806477062404155731e-02
2.796355821192264557e-02
2.792361564934253693e-02
2.799161709845066071e-02
2.788808941841125488e-02
2.835833095014095306e-02
2.813628502190113068e-02
2.822699025273323059e-02
2.796460129320621490e-02
2.799983136355876923e-02
2.790172398090362549e-02
2.813000231981277466e-02
2.796548791229724884e-02
2.812333218753337860e-02
2.801945060491561890e-02
2.800300344824790955e-02
2.801737561821937561e-02
2.809915877878665924e-02
2.805084362626075745e-02
2.814259752631187439e-02
2.796419896185398102e-02
2.816201560199260712e-02
2.810776978731155396e-02
2.816666103899478912e-02
2.805077657103538513e-02
2.801210992038249969e-02
2.795969136059284210e-02
2.817433327436447144e-02
2.809379249811172485e-02
2.804965712130069733e-02
2.787599898874759674e-02
2.794400788843631744e-02
2.791538275778293610e-02
2.802623622119426727e-02
2.806657925248146057e-02
2.803369984030723572e-02
2.811804786324501038e-02
2.813201025128364563e-02
2.794383838772773743e-02
2.810779027640819550e-02
2.797573432326316833e-02
2.797221578657627106e-02
2.807606197893619537e-02
2.791946195065975189e-02
2.778894454240798950e-02
2.802615985274314880e-02
2.800125628709793091e-02
2.817264758050441742e-02
2.815175242722034454e-02
2.807754464447498322e-02
2.795108966529369354e-02
2.813436463475227356e-02
2.803744003176689148e-02
2.803517878055572510e-02
2.799819223582744598e-02
2.799738384783267975e-02
2.797032706439495087e-02
2.793382853269577026e-02
2.799545787274837494e-02
2.817810513079166412e-02
2.802322804927825928e-02
2.811920456588268280e-02
2.796083316206932068e-02
2.786345593631267548e-02
2.811801061034202576e-02
2.801887691020965576e-02
2.816299349069595337e-02
2.775563858449459076e-02
2.798153646290302277e-02
2.800738997757434845e-02
2.800464257597923279e-02
2.820767462253570557e-02
2.793985791504383087e-02
2.802955918014049530e-02
2.788410894572734833e-02
2.797965332865715027e-02
2.793619036674499512e-02
2.808253467082977295e-02
2.796155959367752075e-02
2.795184962451457977e-02
2.792398445308208466e-02
2.800286188721656799e-02
2.805324085056781769e-02
2.843483351171016693e-02
2.797013893723487854e-02
2.808129042387008667e-02
2.799267694354057312e-02
2.808319218456745148e-02
2.807755395770072937e-02
2.800669521093368530e-02
2.809771336615085602e-02
2.786625362932682037e-02
2.809749729931354523e-02
2.796560712158679962e-02
2.793409302830696106e-02
2.809573151171207428e-02
2.792752534151077271e-02
2.801410667598247528e-02
2.801887691020965576e-02
2.796988561749458313e-02
2.812653779983520508e-02
2.798031829297542572e-02
2.795029990375041962e-02
2.789553441107273102e-02
2.814831957221031189e-02
2.841501496732234955e-02
2.801696024835109711e-02
2.809706889092922211e-02
2.804761938750743866e-02
2.805386297404766083e-02
2.820507809519767761e-02
2.809816226363182068e-02
2.801811508834362030e-02
2.788694202899932861e-02
2.815286628901958466e-02
2.791448496282100677e-02
2.796165086328983307e-02
2.804732695221900940e-02
2.802822925150394440e-02
2.796869352459907532e-02
2.791113778948783875e-02
2.798800542950630188e-02
2.804018370807170868e-02
2.819538675248622894e-02
2.800044976174831390e-02
2.786701545119285583e-02
2.792799472808837891e-02
2.789317630231380463e-02
2.785669080913066864e-02
2.802504599094390869e-02
2.802592888474464417e-02
2.836221829056739807e-02
2.789425477385520935e-02
2.818582579493522644e-02
2.802203036844730377e-02
2.811459638178348541e-02
2.795816585421562195e-02
2.801696397364139557e-02
2.802391909062862396e-02
2.799678221344947815e-02
2.792875841259956360e-02
2.789549715816974640e-02
2.790832519531250000e-02
2.797097153961658478e-02
2.791362628340721130e-02
2.806450240314006805e-02
2.804017253220081329e-02
2.835538983345031738e-02
2.811355888843536377e-02
2.800900489091873169e-02
2.800137922167778015e-02
2.790604904294013977e-02
2.795899286866188049e-02
2.804049849510192871e-02
2.793925441801548004e-02
2.786718867719173431e-02
2.791349962353706360e-02
2.819747291505336761e-02
2.793470770120620728e-02
2.795109897851943970e-02
2.801768109202384949e-02
2.796160802245140076e-02
2.795222587883472443e-02
2.799602039158344269e-02
2.803924307227134705e-02
2.808749675750732422e-02
2.797181531786918640e-02
2.825132198631763458e-02
2.802638337016105652e-02
2.783809229731559753e-02
2.813143655657768250e-02
2.802042849361896515e-02
2.793660387396812439e-02
2.806453406810760498e-02
2.797379717230796814e-02
2.808037959039211273e-02
2.801783196628093719e-02
2.788557298481464386e-02
2.802226133644580841e-02
2.811390347778797150e-02
2.819076366722583771e-02
2.793944813311100006e-02
2.806705050170421600e-02
2.795695699751377106e-02
2.797917462885379791e-02
2.801432460546493530e-02
2.793905884027481079e-02
2.787626907229423523e-02
2.795843034982681274e-02
2.806396409869194031e-02
2.802042476832866669e-02
2.811176888644695282e-02
2.801123633980751038e-02
2.809520252048969269e-02
2.800147235393524170e-02
2.806814201176166534e-02
2.789992652833461761e-02
2.794257737696170807e-02
2.796594798564910889e-02
2.784552425146102905e-02
2.791940607130527496e-02
2.815111540257930756e-02
2.793933451175689697e-02
2.812209539115428925e-02
2.796618640422821045e-02
2.799314633011817932e-02
2.801642008125782013e-02
2.788201533257961273e-02
2.810516953468322754e-02
2.803396433591842651e-02
2.818876691162586212e-02
2.810385264456272125e-02
2.799574099481105804e-02
2.795388922095298767e-02
2.795912884175777435e-02
2.794720791280269623e-02
2.801548689603805542e-02
2.808700688183307648e-02
2.807476557791233063e-02
2.802624180912971497e-02
2.798581868410110474e-02
2.805747091770172119e-02
2.790594473481178284e-02
2.802338078618049622e-02
2.780702337622642517e-02
2.793577313423156738e-02
2.805669791996479034e-02
2.801535464823246002e-02
2.807813696563243866e-02
2.814207971096038818e-02
2.795600891113281250e-02
2.789467200636863708e-02
2.798617817461490631e-02
2.815495431423187256e-02
2.795077301561832428e-02
2.796793356537818909e-02
2.802236936986446381e-02
2.796502970159053802e-02
2.800717577338218689e-02
2.813881821930408478e-02
2.791520953178405762e-02
2.781965769827365875e-02
2.803312428295612335e-02
2.817336656153202057e-02
2.796114608645439148e-02
2.814777381718158722e-02
2.793602831661701202e-02
2.799960412085056305e-02
2.797255665063858032e-02
2.791795507073402405e-02
2.786641195416450500e-02
2.792966552078723907e-02
2.796799130737781525e-02
2.802956476807594299e-02
2.795115113258361816e-02
2.800561301410198212e-02
2.793971076607704163e-02
2.826071716845035553e-02
2.818354405462741852e-02
2.796086668968200684e-02
2.793955616652965546e-02
2.797072380781173706e-02
2.798504941165447235e-02
2.810459397733211517e-02
2.788852341473102570e-02
2.806867845356464386e-02
2.801665104925632477e-02
2.799880690872669220e-02
2.810706384479999542e-02
2.787593193352222443e-02
2.801494300365447998e-02
2.799247018992900848e-02
2.797826007008552551e-02
2.784406207501888275e-02
2.804743312299251556e-02
2.801975421607494354e-02
2.799010090529918671e-02
2.801730483770370483e-02
2.796676754951477051e-02
2.786414325237274170e-02
2.807429805397987366e-02
2.787722647190093994e-02
2.800293639302253723e-02
2.802626043558120728e-02
2.807666361331939697e-02
2.795501798391342163e-02
2.792360261082649231e-02
2.811031043529510498e-02
2.791661024093627930e-02
2.807945199310779572e-02
2.792351692914962769e-02
2.800738997757434845e-02
2.799072302877902985e-02
2.805924601852893829e-02
2.801126614212989807e-02
2.791671082377433777e-02
2.792754583060741425e-02
2.810822241008281708e-02
2.799594588577747345e-02
2.817065268754959106e-02
2.817050926387310028e-02
2.790676802396774292e-02
2.793793752789497375e-02
2.790534123778343201e-02
2.800499647855758667e-02
2.803905308246612549e-02
2.796520665287971497e-02
2.793072722852230072e-02
2.808875031769275665e-02
2.810440026223659515e-02
2.801869064569473267e-02
2.795247174799442291e-02
2.792989090085029602e-02
2.792174182832241058e-02
2.794395573437213898e-02
2.787226624786853790e-02
2.804233133792877197e-02
2.793401293456554413e-02
2.808744646608829498e-02
2.789922803640365601e-02
2.815061993896961212e-02
2.791327238082885742e-02
2.812131494283676147e-02
2.791748009622097015e-02
2.795802056789398193e-02
2.794182673096656799e-02
2.796344086527824402e-02
2.796911448240280151e-02
2.823461964726448059e-02
2.798436954617500305e-02
2.799033187329769135e-02
2.776513621211051941e-02
2.796143852174282074e-02
2.779707126319408417e-02
2.808438800275325775e-02
2.793122641742229462e-02
2.791858837008476257e-02
2.797981351613998413e-02
2.809283323585987091e-02
2.807408384978771210e-02
2.792467921972274780e-02
2.805453352630138397e-02
2.783247455954551697e-02
2.800961211323738098e-02
2.791412360966205597e-02
2.798018231987953186e-02
2.800558134913444519e-02
2.784116193652153015e-02
2.799745462834835052e-02
2.802307903766632080e-02
2.799778245389461517e-02
2.801932953298091888e-02
2.810844220221042633e-02
2.799873054027557373e-02
2.791149914264678955e-02
2.801855467259883881e-02
2.796775847673416138e-02
2.801407314836978912e-02
2.790044993162155151e-02
2.800550125539302826e-02
2.813956327736377716e-02
2.801249362528324127e-02
2.785560861229896545e-02
2.782699279487133026e-02
2.810608409345149994e-02
2.787478081881999969e-02
2.790229022502899170e-02
2.791869826614856720e-02
2.796066738665103912e-02
2.790032327175140381e-02
2.796510607004165649e-02
2.802035771310329437e-02
2.792307548224925995e-02
2.786987088620662689e-02
2.797345258295536041e-02
2.799067646265029907e-02
2.801059000194072723e-02
2.792503684759140015e-02
2.795056998729705811e-02
2.791144512593746185e-02
2.802295610308647156e-02
2.799514122307300568e-02
2.794530615210533142e-02
2.807137556374073029e-02
2.809977903962135315e-02
2.802793495357036591e-02
2.813372761011123657e-02
2.792573720216751099e-02
2.791743353009223938e-02
2.804269827902317047e-02
2.799316868185997009e-02
2.795998938381671906e-02
2.794686518609523773e-02
2.805856801569461823e-02
2.793001383543014526e-02
2.794702909886837006e-02
2.791613340377807617e-02
2.801266871392726898e-02
2.800770662724971771e-02
2.803875692188739777e-02
2.802802622318267822e-02
2.799187414348125458e-02
2.807131037116050720e-02
2.793723717331886292e-02
2.786951139569282532e-02
2.793428115546703339e-02
2.802148647606372833e-02
2.786905877292156219e-02
2.813005447387695312e-02
2.791677974164485931e-02
2.802714146673679352e-02
2.796603180468082428e-02
2.792249433696269989e-02
2.792479842901229858e-02
2.800273895263671875e-02
2.810019254684448242e-02
2.791443467140197754e-02
2.802746742963790894e-02
2.796404808759689331e-02
2.797306142747402191e-02
2.817596308887004852e-02
2.802455052733421326e-02
2.800419181585311890e-02
2.787602879106998444e-02
2.795999497175216675e-02
2.801881544291973114e-02
2.789522521197795868e-02
2.795115672051906586e-02
2.797451056540012360e-02
2.796941623091697693e-02
2.798060700297355652e-02
2.789623476564884186e-02
2.790787629783153534e-02
2.797362394630908966e-02
2.791980654001235962e-02
2.790385484695434570e-02
2.799902856349945068e-02
2.800814807415008545e-02
2.793521247804164886e-02
2.797976136207580566e-02
2.797152847051620483e-02
2.813192829489707947e-02
2.808778733015060425e-02
2.790818922221660614e-02
2.795457467436790466e-02
2.803491242229938507e-02
2.800191193819046021e-02
2.797866985201835632e-02
