3.749636709690093994e-01
1.750461757183074951e-01
9.130762517452239990e-02
6.013010069727897644e-02
4.681836441159248352e-02
4.249319434165954590e-02
4.164908081293106079e-02
4.039736092090606689e-02
4.123798012733459473e-02
3.974934294819831848e-02
4.021779447793960571e-02
3.778567910194396973e-02
3.772952035069465637e-02
3.987149894237518311e-02
3.824766352772712708e-02
3.848977759480476379e-02
3.913768008351325989e-02
3.756953030824661255e-02
3.770731762051582336e-02
3.734333440661430359e-02
3.719243034720420837e-02
3.578729927539825439e-02
3.643994405865669250e-02
3.659238666296005249e-02
3.620962798595428467e-02
3.751649335026741028e-02
3.694330528378486633e-02
3.504515066742897034e-02
3.696799650788307190e-02
3.531926497817039490e-02
3.608150780200958252e-02
3.541887924075126648e-02
3.503403067588806152e-02
3.499528020620346069e-02
3.453514352440834045e-02
3.508455306291580200e-02
3.448967635631561279e-02
3.381372988224029541e-02
3.526213765144348145e-02
3.419397398829460144e-02
3.358586132526397705e-02
3.542249277234077454e-02
3.424389287829399109e-02
3.357430174946784973e-02
3.312024846673011780e-02
3.423765301704406738e-02
3.285608068108558655e-02
3.344026207923889160e-02
3.339218720793724060e-02
3.251017257571220398e-02
3.319702297449111938e-02
3.218779340386390686e-02
3.371990099549293518e-02
3.177721053361892700e-02
3.131676465272903442e-02
3.250160068273544312e-02
3.301176428794860840e-02
3.279061242938041687e-02
3.323604911565780640e-02
3.240419924259185791e-02
3.130706027150154114e-02
3.285023942589759827e-02
3.195977210998535156e-02
3.105498850345611572e-02
3.047137707471847534e-02
3.123290091753005981e-02
3.133204206824302673e-02
3.147939220070838928e-02
3.110451623797416687e-02
3.096172586083412170e-02
3.119523823261260986e-02
3.067866526544094086e-02
3.078676015138626099e-02
2.946740388870239258e-02
3.034672886133193970e-02
2.941534668207168579e-02
3.016330674290657043e-02
3.096747770905494690e-02
3.022795729339122772e-02
2.940978296101093292e-02
2.899388410151004791e-02
2.914147451519966125e-02
2.971610985696315765e-02
2.931505627930164337e-02
2.929698862135410309e-02
2.927923761308193207e-02
2.869394421577453613e-02
2.919194661080837250e-02
3.005816601216793060e-02
2.904763445258140564e-02
2.939661778509616852e-02
2.909589000046253204e-02
2.859519794583320618e-02
2.904199250042438507e-02
2.897913753986358643e-02
2.817135863006114960e-02
2.857873961329460144e-02
2.883212827146053314e-02
2.843899652361869812e-02
2.892747148871421814e-02
2.847610227763652802e-02
2.861020527780056000e-02
2.861171215772628784e-02
2.828627638518810272e-02
2.864883095026016235e-02
2.752966806292533875e-02
2.798974141478538513e-02
2.832623198628425598e-02
2.746951766312122345e-02
2.759021893143653870e-02
2.784680388867855072e-02
2.771550230681896210e-02
2.761050127446651459e-02
2.728264406323432922e-02
2.813803404569625854e-02
2.784845232963562012e-02
2.747215703129768372e-02
2.757796645164489746e-02
2.769604884088039398e-02
2.734444290399551392e-02
2.723928540945053101e-02
2.720757201313972473e-02
2.663395181298255920e-02
2.623876743018627167e-02
2.687209285795688629e-02
2.747511491179466248e-02
2.688105404376983643e-02
2.730548009276390076e-02
2.685889974236488342e-02
2.661123499274253845e-02
2.690958790481090546e-02
2.655140124261379242e-02
2.674579620361328125e-02
2.673809975385665894e-02
2.580007165670394897e-02
2.637038007378578186e-02
2.668395452201366425e-02
2.636072412133216858e-02
2.641308680176734924e-02
2.621466480195522308e-02
2.665257640182971954e-02
2.668341435492038727e-02
2.590186893939971924e-02
2.565702237188816071e-02
2.647210657596588135e-02
2.618149109184741974e-02
2.637356519699096680e-02
2.631349861621856689e-02
2.605923451483249664e-02
2.568012289702892303e-02
2.575598470866680145e-02
2.515037357807159424e-02
2.543481625616550446e-02
2.490677312016487122e-02
2.580466493964195251e-02
2.544940821826457977e-02
2.529088035225868225e-02
2.595629170536994934e-02
2.504198066890239716e-02
2.565140649676322937e-02
2.519664540886878967e-02
2.554054372012615204e-02
2.491199411451816559e-02
2.514490857720375061e-02
2.535158954560756683e-02
2.509448491036891937e-02
2.549920603632926941e-02
2.523568272590637207e-02
2.510572224855422974e-02
2.539931051433086395e-02
2.501445636153221130e-02
2.511760964989662170e-02
2.485783211886882782e-02
2.477485686540603638e-02
2.481538057327270508e-02
2.440937981009483337e-02
2.448922395706176758e-02
2.411323599517345428e-02
2.484685182571411133e-02
2.495040372014045715e-02
2.456198632717132568e-02
2.439844608306884766e-02
2.445091120898723602e-02
2.410884760320186615e-02
2.409230731427669525e-02
2.454936504364013672e-02
2.419625967741012573e-02
2.409414015710353851e-02
2.444570697844028473e-02
2.435865253210067749e-02
2.425477467477321625e-02
2.477498725056648254e-02
2.406096085906028748e-02
2.406180649995803833e-02
2.347645536065101624e-02
2.417856268584728241e-02
2.431697212159633636e-02
2.349433302879333496e-02
2.379269152879714966e-02
2.354704402387142181e-02
2.392203547060489655e-02
2.424518950283527374e-02
2.419234812259674072e-02
2.348393946886062622e-02
2.383427694439888000e-02
2.313316427171230316e-02
2.356184646487236023e-02
2.349321916699409485e-02
2.312719635665416718e-02
2.311804145574569702e-02
2.352557331323623657e-02
2.326763793826103210e-02
2.354556322097778320e-02
2.370718494057655334e-02
2.350172959268093109e-02
2.360737696290016174e-02
2.344293519854545593e-02
2.323509939014911652e-02
2.389748208224773407e-02
2.343581989407539368e-02
2.320791408419609070e-02
2.294439077377319336e-02
2.282390557229518890e-02
2.352700755000114441e-02
2.376593276858329773e-02
2.322738617658615112e-02
2.360564284026622772e-02
2.318416908383369446e-02
2.261610142886638641e-02
2.307911217212677002e-02
2.271432057023048401e-02
2.265850268304347992e-02
2.278434671461582184e-02
2.290514297783374786e-02
2.326099574565887451e-02
2.293783240020275116e-02
2.347129955887794495e-02
2.247916162014007568e-02
2.293688431382179260e-02
2.264750003814697266e-02
2.261357381939888000e-02
2.337182499468326569e-02
2.239190600812435150e-02
2.254257537424564362e-02
2.245161309838294983e-02
2.299789525568485260e-02
2.261341549456119537e-02
2.250665985047817230e-02
2.224771864712238312e-02
2.233807928860187531e-02
2.261212468147277832e-02
2.268424443900585175e-02
2.272556908428668976e-02
2.273179404437541962e-02
2.183953486382961273e-02
2.226913534104824066e-02
2.200285345315933228e-02
2.217868715524673462e-02
2.267370559275150299e-02
2.227644436061382294e-02
2.265150099992752075e-02
2.213413454592227936e-02
2.181299589574337006e-02
2.182685397565364838e-02
2.208240516483783722e-02
2.169048413634300232e-02
2.235483936965465546e-02
2.252146229147911072e-02
2.239612862467765808e-02
2.233697101473808289e-02
2.210106141865253448e-02
2.186002582311630249e-02
2.151731587946414948e-02
2.256991714239120483e-02
2.214821614325046539e-02
2.209243550896644592e-02
2.213625982403755188e-02
2.204882726073265076e-02
2.172371558845043182e-02
2.217689715325832367e-02
2.186786197125911713e-02
2.199397608637809753e-02
2.180199697613716125e-02
2.213858254253864288e-02
2.130035497248172760e-02
2.187596075236797333e-02
2.192492410540580750e-02
2.196182683110237122e-02
2.198219485580921173e-02
2.160546928644180298e-02
2.192615531384944916e-02
2.169492840766906738e-02
2.178595215082168579e-02
2.159175835549831390e-02
2.160234376788139343e-02
2.160629816353321075e-02
2.146880328655242920e-02
2.163986302912235260e-02
2.154982648789882660e-02
2.182269468903541565e-02
2.157775871455669403e-02
2.163828536868095398e-02
2.137569896876811981e-02
2.155615016818046570e-02
2.143704891204833984e-02
2.169213443994522095e-02
2.125723659992218018e-02
2.150844223797321320e-02
2.120671793818473816e-02
2.145329676568508148e-02
2.143783494830131531e-02
2.134285680949687958e-02
2.143236249685287476e-02
2.161211892962455750e-02
2.135819382965564728e-02
2.128591760993003845e-02
2.122711017727851868e-02
2.111328765749931335e-02
2.103311009705066681e-02
2.124778926372528076e-02
2.084823884069919586e-02
2.132447995245456696e-02
2.160471677780151367e-02
2.148209325969219208e-02
2.091979049146175385e-02
2.135778032243251801e-02
2.087238989770412445e-02
2.088828571140766144e-02
2.141164615750312805e-02
2.124733477830886841e-02
2.104760892689228058e-02
2.090578339993953705e-02
2.046052366495132446e-02
2.060956321656703949e-02
2.108076214790344238e-02
2.095468528568744659e-02
2.043190039694309235e-02
2.059862762689590454e-02
2.104703150689601898e-02
2.048914134502410889e-02
2.104000374674797058e-02
2.131362445652484894e-02
2.055821567773818970e-02
2.059627883136272430e-02
2.049583010375499725e-02
2.112006768584251404e-02
2.075806632637977600e-02
2.062009833753108978e-02
2.078398130834102631e-02
2.093560248613357544e-02
2.069496363401412964e-02
2.066686004400253296e-02
2.079458534717559814e-02
2.077118121087551117e-02
2.085403725504875183e-02
2.079771459102630615e-02
2.055360749363899231e-02
2.074399590492248535e-02
2.057832293212413788e-02
2.084711380302906036e-02
2.069341763854026794e-02
2.063675224781036377e-02
2.066909708082675934e-02
2.045970968902111053e-02
2.055769599974155426e-02
2.056865021586418152e-02
2.065728791058063507e-02
2.063880115747451782e-02
2.021533064544200897e-02
2.045525796711444855e-02
2.103548124432563782e-02
2.038018591701984406e-02
2.064077556133270264e-02
2.056597173213958740e-02
2.022761106491088867e-02
2.077167667448520660e-02
2.075276151299476624e-02
2.063056454062461853e-02
2.019088715314865112e-02
1.997476071119308472e-02
2.019940316677093506e-02
2.047053910791873932e-02
2.045175433158874512e-02
1.977545581758022308e-02
2.050643786787986755e-02
2.029808424413204193e-02
2.050114050507545471e-02
2.026081643998622894e-02
1.997339911758899689e-02
2.060212753713130951e-02
2.034378051757812500e-02
2.018730714917182922e-02
2.015046216547489166e-02
2.033959887921810150e-02
2.029650285840034485e-02
2.018209174275398254e-02
2.006168477237224579e-02
2.026074565947055817e-02
2.045781165361404419e-02
2.050180919468402863e-02
2.019530907273292542e-02
2.015388011932373047e-02
2.011062763631343842e-02
2.045052126049995422e-02
2.017175406217575073e-02
2.008365839719772339e-02
2.010572887957096100e-02
2.027499862015247345e-02
2.010935731232166290e-02
2.008696831762790680e-02
1.961417123675346375e-02
1.986148580908775330e-02
2.031615749001502991e-02
1.981006748974323273e-02
1.998476497828960419e-02
1.996055431663990021e-02
1.991896517574787140e-02
2.001042850315570831e-02
1.988514699041843414e-02
2.025153487920761108e-02
1.995097659528255463e-02
1.992045715451240540e-02
1.991623826324939728e-02
1.990562304854393005e-02
1.976135000586509705e-02
1.966583169996738434e-02
2.001689560711383820e-02
2.041859738528728485e-02
1.945019699633121490e-02
1.989543810486793518e-02
2.001132257282733917e-02
2.031501755118370056e-02
1.983822509646415710e-02
1.978948898613452911e-02
1.967073790729045868e-02
1.951717957854270935e-02
1.953147165477275848e-02
1.965800486505031586e-02
1.981105841696262360e-02
2.015667967498302460e-02
1.992468535900115967e-02
1.949100941419601440e-02
1.953557319939136505e-02
1.979131624102592468e-02
1.923809945583343506e-02
1.972599327564239502e-02
1.965120062232017517e-02
1.933049783110618591e-02
1.934950798749923706e-02
1.973683945834636688e-02
1.957904733717441559e-02
1.936616562306880951e-02
1.945924200117588043e-02
1.969997026026248932e-02
1.989224366843700409e-02
1.945497095584869385e-02
1.970913074910640717e-02
1.962739042937755585e-02
1.956690847873687744e-02
1.956347748637199402e-02
1.970600895583629608e-02
1.979567296802997589e-02
1.938095688819885254e-02
1.936729438602924347e-02
1.996494643390178680e-02
1.961334422230720520e-02
1.946317590773105621e-02
1.970424875617027283e-02
1.962409168481826782e-02
1.951608061790466309e-02
1.921723224222660065e-02
1.915590465068817139e-02
1.937206834554672241e-02
1.963982731103897095e-02
1.930284500122070312e-02
1.968270167708396912e-02
1.931679621338844299e-02
1.937041804194450378e-02
1.940967515110969543e-02
1.931616663932800293e-02
1.960333250463008881e-02
1.942898891866207123e-02
1.932056806981563568e-02
1.948589831590652466e-02
1.944433711469173431e-02
1.943532563745975494e-02
1.955321617424488068e-02
1.977559924125671387e-02
1.945658214390277863e-02
1.938293874263763428e-02
1.938810944557189941e-02
1.937297359108924866e-02
1.944195292890071869e-02
1.930874399840831757e-02
1.970358751714229584e-02
1.973058842122554779e-02
1.892646402120590210e-02
1.946562528610229492e-02
1.925287768244743347e-02
1.932034082710742950e-02
1.908342353999614716e-02
1.900718361139297485e-02
1.932504959404468536e-02
1.909562945365905762e-02
1.928406208753585815e-02
1.923837698996067047e-02
1.908267475664615631e-02
1.934508047997951508e-02
1.951377093791961670e-02
1.951212994754314423e-02
1.925231702625751495e-02
1.935827173292636871e-02
1.937877386808395386e-02
1.940212026238441467e-02
1.913289166986942291e-02
1.919491402804851532e-02
1.912363059818744659e-02
1.907161995768547058e-02
1.901845633983612061e-02
1.931718364357948303e-02
1.930771209299564362e-02
1.919486001133918762e-02
1.887527666985988617e-02
1.942099258303642273e-02
1.874119788408279419e-02
1.896406151354312897e-02
1.899402029812335968e-02
1.880314759910106659e-02
1.910576969385147095e-02
1.911109872162342072e-02
1.914836652576923370e-02
1.923897117376327515e-02
1.919273287057876587e-02
1.923798210918903351e-02
1.921148225665092468e-02
1.875371299684047699e-02
1.933576166629791260e-02
1.901822909712791443e-02
1.920667849481105804e-02
1.886154152452945709e-02
1.895660348236560822e-02
1.918406039476394653e-02
1.896282657980918884e-02
1.892558112740516663e-02
1.869599707424640656e-02
1.889798976480960846e-02
1.898166351020336151e-02
1.892746053636074066e-02
1.883985847234725952e-02
1.895040273666381836e-02
1.882837899029254913e-02
1.879238896071910858e-02
1.917196065187454224e-02
1.876938715577125549e-02
1.901184581220149994e-02
1.924610324203968048e-02
1.857894472777843475e-02
1.898710429668426514e-02
1.880527660250663757e-02
1.886496692895889282e-02
1.885444857180118561e-02
1.892619021236896515e-02
1.892702281475067139e-02
1.891320198774337769e-02
1.878885738551616669e-02
1.900948211550712585e-02
1.876588910818099976e-02
1.856505870819091797e-02
1.910151541233062744e-02
1.905024051666259766e-02
1.891382038593292236e-02
1.862794347107410431e-02
1.870100945234298706e-02
1.919775642454624176e-02
1.863802783191204071e-02
1.870152913033962250e-02
1.884217746555805206e-02
1.903486624360084534e-02
1.864847540855407715e-02
1.882316730916500092e-02
1.880035735666751862e-02
1.869380474090576172e-02
1.885244622826576233e-02
1.867570914328098297e-02
1.859667710959911346e-02
1.854015700519084930e-02
1.890193484723567963e-02
1.876975968480110168e-02
1.841215416789054871e-02
1.890471950173377991e-02
1.880700141191482544e-02
1.885079033672809601e-02
1.873778365552425385e-02
1.883839070796966553e-02
1.887695491313934326e-02
1.889723725616931915e-02
1.876471191644668579e-02
1.850260794162750244e-02
1.857116818428039551e-02
1.860260590910911560e-02
1.854554750025272369e-02
1.873744465410709381e-02
1.859607733786106110e-02
1.849718950688838959e-02
1.871565170586109161e-02
1.878224872052669525e-02
1.839093491435050964e-02
1.851480267941951752e-02
1.877005957067012787e-02
1.863860525190830231e-02
1.874064467847347260e-02
1.859700307250022888e-02
1.865451782941818237e-02
1.846532896161079407e-02
1.862226985394954681e-02
1.865717023611068726e-02
1.852230727672576904e-02
1.879123598337173462e-02
1.868115551769733429e-02
1.858101785182952881e-02
1.874218881130218506e-02
1.881823688745498657e-02
1.860977336764335632e-02
1.860227249562740326e-02
1.838473044335842133e-02
1.877672597765922546e-02
1.840398274362087250e-02
1.849162206053733826e-02
1.867752149701118469e-02
1.848215237259864807e-02
1.853559166193008423e-02
1.834685355424880981e-02
1.823732256889343262e-02
1.843125559389591217e-02
1.873936876654624939e-02
1.854744926095008850e-02
1.848792098462581635e-02
1.835206151008605957e-02
1.858628541231155396e-02
1.840146817266941071e-02
1.877739652991294861e-02
1.876020058989524841e-02
1.864716969430446625e-02
1.863183267414569855e-02
1.875878870487213135e-02
1.832878589630126953e-02
1.834096014499664307e-02
1.857949234545230865e-02
1.858874410390853882e-02
1.869344711303710938e-02
1.860829256474971771e-02
1.842859201133251190e-02
1.826728321611881256e-02
1.844830624759197235e-02
1.861848309636116028e-02
1.849681511521339417e-02
1.809740625321865082e-02
1.827173866331577301e-02
1.843331009149551392e-02
1.858196221292018890e-02
1.840692386031150818e-02
1.826192252337932587e-02
1.843856088817119598e-02
1.821321435272693634e-02
1.829509437084197998e-02
1.848989538848400116e-02
1.814295724034309387e-02
1.840828545391559601e-02
1.827566139400005341e-02
1.823201775550842285e-02
1.826112717390060425e-02
1.854654960334300995e-02
1.840482465922832489e-02
1.825099810957908630e-02
1.868062466382980347e-02
1.830010861158370972e-02
1.825281232595443726e-02
1.818300969898700714e-02
1.806862652301788330e-02
1.836452260613441467e-02
1.806602440774440765e-02
1.817988790571689606e-02
1.861795224249362946e-02
1.840471848845481873e-02
1.853838562965393066e-02
1.824095286428928375e-02
1.827804371714591980e-02
1.791957952082157135e-02
1.836397498846054077e-02
1.816925778985023499e-02
1.826105080544948578e-02
1.813592202961444855e-02
1.800192333757877350e-02
1.816491410136222839e-02
1.821962743997573853e-02
1.814508065581321716e-02
1.824184134602546692e-02
1.821209304034709930e-02
1.788541115820407867e-02
1.818303205072879791e-02
1.794735155999660492e-02
1.839705742895603180e-02
1.841548457741737366e-02
1.849179156124591827e-02
1.863804832100868225e-02
1.807995140552520752e-02
1.854341663420200348e-02
1.802748627960681915e-02
1.833705045282840729e-02
1.825433596968650818e-02
1.825047284364700317e-02
1.836569607257843018e-02
1.803625561296939850e-02
1.808969676494598389e-02
1.824041828513145447e-02
1.813763007521629333e-02
1.810138300061225891e-02
1.813064515590667725e-02
1.814489997923374176e-02
1.814537309110164642e-02
1.808088086545467377e-02
1.817266456782817841e-02
1.838561333715915680e-02
1.830118149518966675e-02
1.823329180479049683e-02
1.783895120024681091e-02
1.811011880636215210e-02
1.818764954805374146e-02
1.813783682882785797e-02
1.844797842204570770e-02
1.817898266017436981e-02
1.832959242165088654e-02
1.814051344990730286e-02
1.811751350760459900e-02
1.831421442329883575e-02
1.817546971142292023e-02
1.803928986191749573e-02
1.803010515868663788e-02
1.804058440029621124e-02
1.784154772758483887e-02
1.804012246429920197e-02
1.822575926780700684e-02
1.811883784830570221e-02
1.781397499144077301e-02
1.831914857029914856e-02
1.811438612639904022e-02
1.800775155425071716e-02
1.832058280706405640e-02
1.800066418945789337e-02
1.826180703938007355e-02
1.810063049197196960e-02
1.787635497748851776e-02
1.802675798535346985e-02
1.798966154456138611e-02
1.787835732102394104e-02
1.804983988404273987e-02
1.793080382049083710e-02
1.776293478906154633e-02
1.784284040331840515e-02
1.801489293575286865e-02
1.809146068990230560e-02
1.801387965679168701e-02
1.804213598370552063e-02
1.785656623542308807e-02
1.812617480754852295e-02
1.824707910418510437e-02
1.802782900631427765e-02
1.813889108598232269e-02
1.780963875353336334e-02
1.796677336096763611e-02
1.809205301105976105e-02
1.817349344491958618e-02
1.790967583656311035e-02
1.785008236765861511e-02
1.806656271219253540e-02
1.811134628951549530e-02
1.772459782660007477e-02
1.802097819745540619e-02
1.787372492253780365e-02
1.756963133811950684e-02
1.785312406718730927e-02
1.779011823236942291e-02
1.799358800053596497e-02
1.790846511721611023e-02
1.797096803784370422e-02
1.811571791768074036e-02
1.794538274407386780e-02
1.815661229193210602e-02
1.789748482406139374e-02
1.798032410442829132e-02
1.820776797831058502e-02
1.803123392164707184e-02
1.799477823078632355e-02
1.795767620205879211e-02
1.791749149560928345e-02
1.784297637641429901e-02
1.813371852040290833e-02
1.760359108448028564e-02
1.795598678290843964e-02
1.789597421884536743e-02
1.767093874514102936e-02
1.796961389482021332e-02
1.801046170294284821e-02
1.794167421758174896e-02
1.756311208009719849e-02
1.767391711473464966e-02
1.779090799391269684e-02
1.808451116085052490e-02
1.798786595463752747e-02
1.779689081013202667e-02
1.790360175073146820e-02
1.779772900044918060e-02
1.798355579376220703e-02
1.777479052543640137e-02
1.801800355315208435e-02
1.776047423481941223e-02
1.786099933087825775e-02
1.770698837935924530e-02
1.783950626850128174e-02
1.784832775592803955e-02
1.792320981621742249e-02
1.774308644235134125e-02
1.793499849736690521e-02
1.784199662506580353e-02
1.799343898892402649e-02
1.778900623321533203e-02
1.791143044829368591e-02
1.757979020476341248e-02
1.784393563866615295e-02
1.778829097747802734e-02
1.789831370115280151e-02
1.749862730503082275e-02
1.770604401826858521e-02
1.773517392575740814e-02
1.773810572922229767e-02
1.775834150612354279e-02
1.781881786882877350e-02
1.779596321284770966e-02
1.785488426685333252e-02
1.782846823334693909e-02
1.776753365993499756e-02
1.772548072040081024e-02
1.771597005426883698e-02
1.793270185589790344e-02
1.786193251609802246e-02
1.768201775848865509e-02
1.779253222048282623e-02
1.795071549713611603e-02
1.765020377933979034e-02
1.790554076433181763e-02
1.777222007513046265e-02
1.791114732623100281e-02
1.782256364822387695e-02
1.768672466278076172e-02
1.783953234553337097e-02
1.770359091460704803e-02
1.782157458364963531e-02
1.784224435687065125e-02
1.798357628285884857e-02
1.770627684891223907e-02
1.780210435390472412e-02
1.775892078876495361e-02
1.775050535798072815e-02
1.779759675264358521e-02
1.778538711369037628e-02
1.788447983562946320e-02
1.773697882890701294e-02
1.775426790118217468e-02
1.758594252169132233e-02
1.780905015766620636e-02
1.738888770341873169e-02
1.778738759458065033e-02
1.787484437227249146e-02
1.782246492803096771e-02
1.777969859540462494e-02
1.782476715743541718e-02
1.745710149407386780e-02
1.771506108343601227e-02
1.765193045139312744e-02
1.775773800909519196e-02
1.758806034922599792e-02
1.740544289350509644e-02
1.771359331905841827e-02
1.751204952597618103e-02
1.777673885226249695e-02
1.772548072040081024e-02
1.771196350455284119e-02
1.771841011941432953e-02
1.766621321439743042e-02
1.752386428415775299e-02
1.769667677581310272e-02
1.756295561790466309e-02
1.768888533115386963e-02
1.739033311605453491e-02
1.784123666584491730e-02
1.782155036926269531e-02
1.762161962687969208e-02
1.761629991233348846e-02
1.785133779048919678e-02
1.770178042352199554e-02
1.768419519066810608e-02
1.736270263791084290e-02
1.748349890112876892e-02
1.763353869318962097e-02
1.734312810003757477e-02
1.750356331467628479e-02
1.767352037131786346e-02
1.750142127275466919e-02
1.745043881237506866e-02
1.747616566717624664e-02
1.751235872507095337e-02
1.747128181159496307e-02
1.774772815406322479e-02
1.736885122954845428e-02
1.757929474115371704e-02
1.782605238258838654e-02
1.765683479607105255e-02
1.764447614550590515e-02
1.752991415560245514e-02
1.739884912967681885e-02
1.743907853960990906e-02
1.749272458255290985e-02
1.739716902375221252e-02
1.755093410611152649e-02
1.749469339847564697e-02
1.782281510531902313e-02
1.740679331123828888e-02
1.761727407574653625e-02
1.754617318511009216e-02
1.749533601105213165e-02
1.737018674612045288e-02
1.745185628533363342e-02
1.762153208255767822e-02
1.762903295457363129e-02
1.765520684421062469e-02
1.763763464987277985e-02
1.759286783635616302e-02
1.759273186326026917e-02
1.748313196003437042e-02
1.738833077251911163e-02
1.776410639286041260e-02
1.754229515790939331e-02
1.771979779005050659e-02
1.749259792268276215e-02
1.742789149284362793e-02
1.729596592485904694e-02
1.746981777250766754e-02
1.738788932561874390e-02
1.754167862236499786e-02
1.747757755219936371e-02
1.748393848538398743e-02
1.753710396587848663e-02
1.757127791643142700e-02
1.764998957514762878e-02
1.727435365319252014e-02
1.747997663915157318e-02
1.757228374481201172e-02
1.729415170848369598e-02
1.754597388207912445e-02
1.743807084858417511e-02
1.796239800751209259e-02
1.738263294100761414e-02
1.729732379317283630e-02
1.753514260053634644e-02
1.753104664385318756e-02
1.767008751630783081e-02
1.756897196173667908e-02
1.757120899856090546e-02
1.748640090227127075e-02
1.716583594679832458e-02
1.754791289567947388e-02
1.762884855270385742e-02
1.738499104976654053e-02
1.747822016477584839e-02
1.763601042330265045e-02
1.747499965131282806e-02
1.748781464993953705e-02
1.722932048141956329e-02
1.719701290130615234e-02
1.752460934221744537e-02
1.760537549853324890e-02
1.741696894168853760e-02
1.744596101343631744e-02
1.740974001586437225e-02
1.765113696455955505e-02
1.744283549487590790e-02
1.743217557668685913e-02
1.742181181907653809e-02
1.742566563189029694e-02
1.745991222560405731e-02
1.719227060675621033e-02
1.756040751934051514e-02
1.756463758647441864e-02
1.766462251543998718e-02
1.750970631837844849e-02
1.747828163206577301e-02
1.744787767529487610e-02
1.753843948245048523e-02
1.751160994172096252e-02
1.713909395039081573e-02
