5.378759279847145081e-02
3.133606165647506714e-02
2.880672365427017212e-02
2.630981244146823883e-02
2.458625659346580505e-02
2.317983284592628479e-02
2.150557748973369598e-02
2.088810317218303680e-02
2.026204206049442291e-02
1.953191496431827545e-02
1.926715672016143799e-02
1.872589066624641418e-02
1.849746145308017731e-02
1.810924708843231201e-02
1.784200593829154968e-02
1.772214658558368683e-02
1.779917068779468536e-02
1.772054843604564667e-02
1.768949441611766815e-02
1.723282970488071442e-02
1.741391234099864960e-02
1.719480194151401520e-02
1.725014299154281616e-02
1.723216846585273743e-02
1.700445078313350677e-02
1.708606071770191193e-02
1.703486405313014984e-02
1.695678569376468658e-02
1.691788993775844574e-02
1.710678078234195709e-02
1.687385514378547668e-02
1.690368726849555969e-02
1.706096529960632324e-02
1.678268052637577057e-02
1.703884452581405640e-02
1.688812859356403351e-02
1.667029410600662231e-02
1.673301868140697479e-02
1.668552868068218231e-02
1.673156954348087311e-02
1.658364012837409973e-02
1.657174341380596161e-02
1.669740676879882812e-02
1.677503436803817749e-02
1.664052717387676239e-02
1.667925342917442322e-02
1.659016497433185577e-02
1.635492406785488129e-02
1.659466885030269623e-02
1.668449304997920990e-02
1.667062006890773773e-02
1.662364229559898376e-02
1.655735261738300323e-02
1.632881723344326019e-02
1.673592813313007355e-02
1.660184003412723541e-02
1.653261482715606689e-02
1.664888858795166016e-02
1.648396439850330353e-02
1.663264259696006775e-02
1.656024344265460968e-02
1.647268049418926239e-02
1.668328233063220978e-02
1.633736677467823029e-02
1.638089679181575775e-02
1.658715493977069855e-02
1.643704809248447418e-02
1.651027053594589233e-02
1.641733758151531219e-02
1.646845974028110504e-02
1.634203456342220306e-02
1.630674488842487335e-02
1.658471301198005676e-02
1.645869202911853790e-02
1.636001840233802795e-02
1.618467085063457489e-02
1.652085781097412109e-02
1.635101065039634705e-02
1.624524220824241638e-02
1.648825593292713165e-02
1.636802777647972107e-02
1.644913852214813232e-02
1.637587323784828186e-02
1.635099574923515320e-02
1.629914157092571259e-02
1.639443822205066681e-02
1.633275300264358521e-02
1.635993272066116333e-02
1.647732593119144440e-02
1.645004749298095703e-02
1.654715836048126221e-02
1.647247001528739929e-02
1.622498035430908203e-02
1.633641123771667480e-02
1.627505198121070862e-02
1.630485057830810547e-02
1.633293367922306061e-02
1.637607999145984650e-02
1.635501906275749207e-02
1.632601767778396606e-02
1.625387370586395264e-02
1.631994172930717468e-02
1.642836257815361023e-02
1.625372469425201416e-02
1.640589535236358643e-02
1.629050076007843018e-02
1.618718914687633514e-02
1.615762338042259216e-02
1.633718237280845642e-02
1.632934994995594025e-02
1.619247347116470337e-02
1.645186357200145721e-02
1.632451452314853668e-02
1.642552018165588379e-02
1.635549776256084442e-02
1.645259186625480652e-02
1.651358231902122498e-02
1.631205156445503235e-02
1.632545143365859985e-02
1.633095555007457733e-02
1.642522215843200684e-02
1.636809110641479492e-02
1.635959930717945099e-02
1.611061021685600281e-02
1.644962653517723083e-02
1.609237678349018097e-02
1.624345779418945312e-02
1.631969027221202850e-02
1.628194376826286316e-02
1.621709950268268585e-02
1.638938859105110168e-02
1.616660133004188538e-02
1.628699526190757751e-02
1.616817712783813477e-02
1.632061041891574860e-02
1.637696288526058197e-02
1.635389029979705811e-02
1.624673418700695038e-02
1.631946489214897156e-02
1.623873226344585419e-02
1.620323210954666138e-02
1.620506867766380310e-02
1.621926762163639069e-02
1.619306392967700958e-02
1.600595563650131226e-02
1.604669541120529175e-02
1.623849943280220032e-02
1.606380753219127655e-02
1.632824540138244629e-02
1.614953763782978058e-02
1.613658107817173004e-02
1.622320152819156647e-02
1.625387929379940033e-02
1.618791371583938599e-02
1.621917821466922760e-02
1.623192429542541504e-02
1.621052436530590057e-02
1.617619022727012634e-02
1.614080183207988739e-02
1.620623096823692322e-02
1.633879169821739197e-02
1.619576290249824524e-02
1.622093655169010162e-02
1.616044528782367706e-02
1.622831635177135468e-02
1.617051661014556885e-02
1.614081673324108124e-02
1.620784960687160492e-02
1.613916642963886261e-02
1.618707180023193359e-02
1.626320742070674896e-02
1.619845628738403320e-02
1.619069650769233704e-02
1.635444164276123047e-02
1.623081415891647339e-02
1.622317545115947723e-02
1.634694449603557587e-02
1.629441976547241211e-02
1.620904542505741119e-02
1.611780934035778046e-02
1.623790711164474487e-02
1.617442630231380463e-02
1.618342474102973938e-02
1.620229333639144897e-02
1.593526639044284821e-02
1.617149077355861664e-02
1.608374156057834625e-02
1.621788553893566132e-02
1.593422144651412964e-02
1.601635664701461792e-02
1.620095409452915192e-02
1.624865643680095673e-02
1.627834141254425049e-02
1.606523059308528900e-02
1.630747690796852112e-02
1.603535749018192291e-02
1.622674055397510529e-02
1.612984202802181244e-02
1.633664779365062714e-02
1.613532006740570068e-02
1.614980772137641907e-02
1.603230834007263184e-02
1.624698564410209656e-02
1.620401628315448761e-02
1.625699922442436218e-02
1.612483523786067963e-02
1.606898382306098938e-02
1.611469872295856476e-02
1.624146662652492523e-02
1.623126491904258728e-02
1.624455302953720093e-02
1.638357713818550110e-02
1.611534878611564636e-02
1.624752953648567200e-02
1.611349731683731079e-02
1.619392633438110352e-02
1.616827957332134247e-02
1.616085506975650787e-02
1.604280248284339905e-02
1.620249822735786438e-02
1.624674163758754730e-02
1.623988337814807892e-02
1.614945568144321442e-02
1.602360419929027557e-02
1.620820350944995880e-02
1.624469831585884094e-02
1.614176481962203979e-02
1.607808098196983337e-02
1.617434807121753693e-02
1.613426767289638519e-02
1.617540232837200165e-02
1.595495641231536865e-02
1.604609005153179169e-02
1.613156683743000031e-02
1.613803766667842865e-02
1.599118858575820923e-02
1.609955541789531708e-02
1.612702012062072754e-02
1.603696867823600769e-02
1.615319773554801941e-02
1.610543951392173767e-02
1.621763966977596283e-02
1.606140099465847015e-02
1.624770648777484894e-02
1.623510569334030151e-02
1.624394953250885010e-02
1.615280099213123322e-02
1.627863571047782898e-02
1.624054275453090668e-02
1.612946577370166779e-02
1.623352989554405212e-02
1.611317321658134460e-02
1.604339666664600372e-02
1.618823967874050140e-02
1.630494184792041779e-02
1.591048762202262878e-02
1.603823341429233551e-02
1.621053740382194519e-02
1.603410392999649048e-02
1.616409979760646820e-02
1.597965694963932037e-02
1.588856242597103119e-02
1.625531725585460663e-02
1.618175581097602844e-02
1.627107150852680206e-02
1.616814360022544861e-02
1.629055105149745941e-02
1.614240556955337524e-02
1.605446450412273407e-02
1.616220735013484955e-02
1.613446138799190521e-02
1.614762842655181885e-02
1.613746210932731628e-02
1.605874300003051758e-02
1.614846475422382355e-02
1.599866896867752075e-02
1.605461537837982178e-02
1.622934266924858093e-02
1.613908819854259491e-02
1.607700437307357788e-02
1.609952934086322784e-02
1.609659753739833832e-02
1.606546528637409210e-02
1.614160463213920593e-02
1.615789346396923065e-02
1.623840257525444031e-02
1.605087332427501678e-02
1.611741259694099426e-02
1.611546799540519714e-02
1.603426225483417511e-02
1.626035012304782867e-02
1.617879234254360199e-02
1.594416052103042603e-02
1.609208434820175171e-02
1.621088758111000061e-02
1.591310836374759674e-02
1.612534001469612122e-02
1.619620248675346375e-02
1.611435413360595703e-02
1.611193828284740448e-02
1.601770520210266113e-02
1.610738970339298248e-02
1.605433784425258636e-02
1.633104495704174042e-02
1.602395810186862946e-02
1.605723239481449127e-02
1.615190505981445312e-02
1.610587164759635925e-02
1.601836830377578735e-02
1.609222963452339172e-02
1.619779132306575775e-02
1.621026918292045593e-02
1.603623293340206146e-02
1.611913554370403290e-02
1.614253781735897064e-02
1.596295274794101715e-02
1.609412208199501038e-02
1.588787697255611420e-02
1.592339016497135162e-02
1.597931236028671265e-02
1.609731279313564301e-02
1.604160107672214508e-02
1.609257981181144714e-02
1.613170467317104340e-02
1.604391448199748993e-02
1.620352268218994141e-02
1.612427458167076111e-02
1.610156707465648651e-02
1.613463461399078369e-02
1.610648259520530701e-02
1.598251052200794220e-02
1.617223396897315979e-02
1.620734110474586487e-02
1.607090607285499573e-02
1.615666411817073822e-02
1.614614576101303101e-02
1.592313684523105621e-02
1.618058048188686371e-02
1.608159393072128296e-02
1.624235324561595917e-02
1.629393175244331360e-02
1.611531153321266174e-02
1.610447280108928680e-02
1.601310260593891144e-02
1.615410111844539642e-02
1.613015122711658478e-02
1.614273712038993835e-02
1.609358377754688263e-02
1.597259566187858582e-02
1.609406247735023499e-02
1.599154062569141388e-02
1.596241444349288940e-02
1.618776656687259674e-02
1.610730960965156555e-02
1.624048687517642975e-02
1.604020223021507263e-02
1.594628021121025085e-02
1.614483632147312164e-02
1.608167402446269989e-02
1.589863933622837067e-02
1.612104661762714386e-02
1.616246439516544342e-02
1.618151180446147919e-02
1.621041446924209595e-02
1.595964841544628143e-02
1.609337329864501953e-02
1.612339355051517487e-02
1.614497974514961243e-02
1.602094992995262146e-02
1.609029993414878845e-02
1.598233357071876526e-02
1.608878560364246368e-02
1.604774780571460724e-02
1.607008650898933411e-02
1.602178998291492462e-02
1.603317447006702423e-02
1.591124571859836578e-02
1.607450284063816071e-02
1.612834632396697998e-02
1.621828041970729828e-02
1.604048721492290497e-02
1.606380008161067963e-02
1.593046262860298157e-02
1.587175019085407257e-02
1.603856496512889862e-02
1.621732302010059357e-02
1.588146388530731201e-02
1.607478410005569458e-02
1.584625430405139923e-02
1.588725484907627106e-02
1.599560491740703583e-02
1.593876443803310394e-02
1.593974977731704712e-02
1.597526855766773224e-02
1.592344418168067932e-02
1.616714894771575928e-02
1.613816246390342712e-02
1.585252396762371063e-02
1.603035442531108856e-02
1.613174565136432648e-02
1.606235280632972717e-02
1.586681790649890900e-02
1.612315885722637177e-02
1.598736830055713654e-02
1.599432341754436493e-02
1.590678654611110687e-02
1.597398892045021057e-02
1.607589609920978546e-02
1.600045152008533478e-02
1.590723358094692230e-02
1.611563190817832947e-02
1.607491262257099152e-02
1.607667468488216400e-02
1.585868187248706818e-02
1.595026440918445587e-02
1.590317673981189728e-02
1.595935039222240448e-02
1.601455733180046082e-02
1.589604094624519348e-02
1.594968512654304504e-02
1.598657853901386261e-02
1.598306931555271149e-02
1.603720895946025848e-02
1.591153629124164581e-02
1.596164889633655548e-02
1.604980975389480591e-02
1.607302762567996979e-02
1.603752560913562775e-02
1.608134619891643524e-02
1.610186323523521423e-02
1.594757474958896637e-02
1.594612747430801392e-02
1.590357720851898193e-02
1.583106443285942078e-02
1.599324494600296021e-02
1.595107652246952057e-02
1.600323803722858429e-02
1.605971530079841614e-02
1.612982526421546936e-02
1.607410982251167297e-02
1.601436361670494080e-02
1.597376167774200439e-02
1.605482026934623718e-02
1.594718545675277710e-02
1.595876738429069519e-02
1.615516841411590576e-02
1.603217795491218567e-02
1.590894907712936401e-02
1.594547741115093231e-02
1.586611010134220123e-02
1.609777659177780151e-02
1.602939330041408539e-02
1.601247489452362061e-02
1.605787873268127441e-02
1.612018793821334839e-02
1.605481468141078949e-02
1.604115031659603119e-02
1.599441282451152802e-02
1.616745255887508392e-02
1.599516347050666809e-02
1.610451750457286835e-02
1.592074707150459290e-02
1.594691537320613861e-02
1.596616394817829132e-02
1.585752703249454498e-02
1.616814546287059784e-02
1.604481972754001617e-02
1.589434593915939331e-02
1.608259417116641998e-02
1.594598218798637390e-02
1.607777923345565796e-02
1.604697108268737793e-02
1.595885120332241058e-02
1.584489643573760986e-02
1.597253419458866119e-02
1.580509729683399200e-02
1.596666127443313599e-02
1.612330228090286255e-02
1.593316718935966492e-02
1.607599295675754547e-02
1.585473679006099701e-02
1.598146185278892517e-02
1.605731062591075897e-02
1.607125625014305115e-02
1.590268127620220184e-02
1.605165004730224609e-02
1.611031591892242432e-02
1.592203229665756226e-02
1.598031073808670044e-02
1.581104099750518799e-02
1.599616184830665588e-02
1.589872688055038452e-02
1.598853245377540588e-02
1.593832112848758698e-02
1.591838151216506958e-02
1.602734811604022980e-02
1.607285812497138977e-02
1.604308374226093292e-02
1.595874689519405365e-02
1.582912541925907135e-02
1.597213000059127808e-02
1.606562919914722443e-02
1.577467098832130432e-02
1.600549556314945221e-02
1.597970910370349884e-02
1.619482412934303284e-02
1.584362983703613281e-02
1.587567105889320374e-02
1.599143259227275848e-02
1.593505032360553741e-02
1.601060852408409119e-02
1.580608822405338287e-02
1.598522439599037170e-02
1.588946394622325897e-02
1.603655703365802765e-02
1.589409075677394867e-02
1.606766134500503540e-02
1.605029590427875519e-02
1.593407988548278809e-02
1.600471325218677521e-02
1.594205759465694427e-02
1.594374328851699829e-02
1.615420915186405182e-02
1.592838950455188751e-02
1.595182344317436218e-02
1.595383137464523315e-02
1.596492901444435120e-02
1.574552059173583984e-02
1.593302562832832336e-02
1.593212224543094635e-02
1.600097864866256714e-02
1.599444821476936340e-02
1.601350307464599609e-02
1.597490534186363220e-02
1.594655588269233704e-02
1.599623635411262512e-02
1.601426862180233002e-02
1.597148925065994263e-02
1.607747003436088562e-02
1.586117967963218689e-02
1.589299179613590240e-02
1.589129678905010223e-02
1.591568067669868469e-02
1.583725214004516602e-02
1.589966379106044769e-02
1.597981527447700500e-02
1.590771786868572235e-02
1.599391549825668335e-02
1.588840782642364502e-02
1.592355221509933472e-02
1.604625396430492401e-02
1.601098850369453430e-02
1.588771305978298187e-02
1.595752127468585968e-02
1.574193872511386871e-02
1.598716713488101959e-02
1.602707430720329285e-02
1.585425436496734619e-02
1.566809415817260742e-02
1.595123298466205597e-02
1.594560407102108002e-02
1.591865718364715576e-02
1.580826751887798309e-02
1.593725197017192841e-02
1.586198806762695312e-02
1.601807773113250732e-02
1.603436842560768127e-02
1.597286574542522430e-02
1.606016419827938080e-02
1.589177362620830536e-02
1.589203812181949615e-02
1.596538536250591278e-02
1.600098982453346252e-02
1.599730551242828369e-02
1.595536433160305023e-02
1.611275225877761841e-02
1.585447601974010468e-02
1.585055701434612274e-02
1.593455113470554352e-02
1.610291004180908203e-02
1.579987630248069763e-02
1.604801602661609650e-02
1.595907472074031830e-02
1.592415571212768555e-02
1.594201661646366119e-02
1.593075133860111237e-02
1.600162312388420105e-02
1.586410775780677795e-02
1.599458605051040649e-02
1.584062539041042328e-02
1.595263555645942688e-02
1.590938866138458252e-02
1.586077362298965454e-02
1.587881892919540405e-02
1.586545445024967194e-02
1.591134071350097656e-02
1.589265093207359314e-02
1.584264449775218964e-02
1.596596091985702515e-02
1.573109254240989685e-02
1.585050858557224274e-02
1.601589657366275787e-02
1.591046899557113647e-02
1.592458598315715790e-02
1.605795510113239288e-02
1.588380895555019379e-02
1.587210036814212799e-02
1.580508984625339508e-02
1.578827761113643646e-02
1.601168699562549591e-02
1.607744395732879639e-02
1.591495610773563385e-02
1.599464751780033112e-02
1.601571775972843170e-02
1.585733890533447266e-02
1.586703956127166748e-02
1.574672944843769073e-02
1.591826789081096649e-02
1.589848287403583527e-02
1.589500717818737030e-02
1.594212651252746582e-02
1.583216525614261627e-02
1.581384986639022827e-02
1.592026650905609131e-02
1.592266373336315155e-02
1.597945392131805420e-02
1.588399149477481842e-02
1.590859889984130859e-02
1.585357077419757843e-02
1.606396958231925964e-02
1.588344201445579529e-02
1.609458960592746735e-02
1.595244184136390686e-02
1.607134565711021423e-02
1.591388694941997528e-02
1.591985486447811127e-02
1.594441570341587067e-02
1.603393629193305969e-02
1.590332202613353729e-02
1.595986261963844299e-02
1.595286466181278229e-02
1.601264625787734985e-02
1.593837700784206390e-02
1.604662835597991943e-02
1.580798625946044922e-02
1.599853485822677612e-02
1.579774729907512665e-02
1.585628092288970947e-02
1.592893339693546295e-02
1.584101654589176178e-02
1.586526446044445038e-02
1.593883894383907318e-02
1.595042087137699127e-02
1.585409045219421387e-02
1.588119007647037506e-02
1.578763872385025024e-02
1.581171341240406036e-02
1.578179374337196350e-02
1.590178534388542175e-02
1.598713546991348267e-02
1.583390124142169952e-02
1.582843065261840820e-02
1.592910289764404297e-02
1.591349206864833832e-02
1.602280512452125549e-02
1.594226062297821045e-02
1.581617817282676697e-02
1.595300808548927307e-02
1.581122353672981262e-02
1.580693572759628296e-02
1.581006497144699097e-02
1.587391272187232971e-02
1.604611799120903015e-02
1.594302617013454437e-02
1.580698229372501373e-02
1.614561304450035095e-02
1.581821218132972717e-02
1.587137021124362946e-02
1.583861932158470154e-02
1.588155888020992279e-02
1.579413004219532013e-02
1.571643538773059845e-02
1.571893319487571716e-02
1.597173511981964111e-02
1.578901894390583038e-02
1.583511009812355042e-02
1.587015949189662933e-02
1.582396402955055237e-02
1.588392816483974457e-02
1.589941605925559998e-02
1.599933579564094543e-02
1.598516665399074554e-02
1.590024307370185852e-02
1.585650257766246796e-02
1.585801877081394196e-02
1.589375734329223633e-02
1.586271822452545166e-02
1.581688784062862396e-02
1.593099720776081085e-02
1.577690802514553070e-02
1.589749567210674286e-02
1.583978906273841858e-02
1.589182205498218536e-02
1.590333506464958191e-02
1.587548106908798218e-02
1.573919877409934998e-02
1.588238775730133057e-02
1.581604033708572388e-02
1.593964733183383942e-02
1.590751856565475464e-02
1.583614572882652283e-02
1.581717282533645630e-02
1.594066992402076721e-02
1.571951620280742645e-02
1.587149873375892639e-02
1.581780984997749329e-02
1.576674357056617737e-02
1.572127267718315125e-02
1.579122245311737061e-02
1.572368294000625610e-02
1.593677699565887451e-02
1.592637039721012115e-02
1.587607152760028839e-02
1.590290106832981110e-02
1.597122102975845337e-02
1.576613076031208038e-02
1.580084487795829773e-02
1.579883880913257599e-02
1.580043882131576538e-02
1.582266204059123993e-02
1.585017517209053040e-02
1.580891758203506470e-02
1.599743962287902832e-02
1.586099714040756226e-02
1.596208475530147552e-02
1.594373397529125214e-02
1.576138660311698914e-02
1.584629900753498077e-02
1.575817540287971497e-02
1.580718718469142914e-02
1.589900813996791840e-02
1.576340198516845703e-02
1.593634113669395447e-02
1.584050245583057404e-02
1.579710096120834351e-02
1.582690142095088959e-02
1.576386392116546631e-02
1.582318916916847229e-02
1.579943299293518066e-02
1.592051982879638672e-02
1.588847301900386810e-02
1.572106033563613892e-02
1.587351597845554352e-02
1.581088267266750336e-02
1.582472398877143860e-02
1.595271565020084381e-02
1.557787600904703140e-02
1.573970913887023926e-02
1.585270650684833527e-02
1.587036252021789551e-02
1.595609076321125031e-02
1.596617884933948517e-02
1.579489931464195251e-02
1.577809639275074005e-02
1.578578352928161621e-02
1.594669930636882782e-02
1.590863801538944244e-02
1.589552313089370728e-02
1.583426631987094879e-02
1.583728380501270294e-02
1.583730801939964294e-02
1.583830267190933228e-02
1.587943919003009796e-02
1.573629304766654968e-02
1.590255089104175568e-02
1.583250798285007477e-02
1.581227779388427734e-02
1.581491343677043915e-02
1.595215313136577606e-02
1.584949530661106110e-02
1.580736227333545685e-02
1.573933288455009460e-02
1.595408655703067780e-02
1.597351580858230591e-02
1.597857102751731873e-02
1.573185250163078308e-02
1.577745936810970306e-02
1.578706316649913788e-02
1.571630686521530151e-02
1.589496619999408722e-02
1.575363613665103912e-02
1.579863391816616058e-02
1.577853597700595856e-02
1.582610607147216797e-02
1.588338054716587067e-02
1.573441177606582642e-02
1.582981832325458527e-02
1.574496366083621979e-02
1.580486632883548737e-02
1.589360088109970093e-02
1.597412861883640289e-02
1.574832759797573090e-02
1.581753417849540710e-02
1.580342464148998260e-02
1.578947156667709351e-02
1.576102524995803833e-02
1.584886759519577026e-02
1.572476886212825775e-02
1.556912995874881744e-02
1.586125604808330536e-02
1.589078828692436218e-02
1.580055058002471924e-02
1.577672362327575684e-02
1.577255129814147949e-02
1.573976129293441772e-02
1.585952937602996826e-02
1.590138673782348633e-02
1.573189534246921539e-02
1.578803919255733490e-02
1.581808552145957947e-02
1.567717455327510834e-02
1.584105566143989563e-02
1.576494053006172180e-02
1.592612080276012421e-02
1.592064276337623596e-02
1.580893620848655701e-02
1.585381478071212769e-02
1.588125154376029968e-02
1.585747301578521729e-02
1.583437062799930573e-02
1.580013148486614227e-02
1.582184992730617523e-02
1.577562279999256134e-02
1.577395200729370117e-02
1.568380184471607208e-02
1.581064425408840179e-02
1.581384055316448212e-02
1.579000614583492279e-02
1.577967591583728790e-02
1.577209681272506714e-02
1.586200296878814697e-02
1.578244939446449280e-02
1.569039188325405121e-02
1.589875482022762299e-02
1.583586074411869049e-02
1.593942381441593170e-02
1.579193957149982452e-02
1.580902002751827240e-02
1.585626974701881409e-02
1.593815907835960388e-02
1.582568325102329254e-02
1.573472097516059875e-02
1.584851369261741638e-02
1.569673232734203339e-02
1.573749445378780365e-02
1.574986986815929413e-02
1.582922227680683136e-02
1.580498367547988892e-02
1.578999124467372894e-02
1.577535085380077362e-02
1.580595970153808594e-02
1.575885899364948273e-02
1.579905860126018524e-02
1.574403978884220123e-02
1.587581261992454529e-02
1.589775644242763519e-02
1.582899317145347595e-02
1.581733115017414093e-02
1.569840125739574432e-02
1.588304340839385986e-02
1.584565825760364532e-02
1.577850058674812317e-02
1.575431600213050842e-02
1.574451662600040436e-02
1.571675390005111694e-02
1.598177291452884674e-02
1.585452817380428314e-02
1.577714458107948303e-02
1.575948297977447510e-02
1.563136279582977295e-02
1.581813767552375793e-02
1.575206592679023743e-02
1.580566912889480591e-02
1.574332825839519501e-02
1.576284877955913544e-02
1.581439934670925140e-02
1.576839946210384369e-02
1.580744795501232147e-02
1.575637049973011017e-02
1.577228680253028870e-02
1.575109735131263733e-02
1.571637205779552460e-02
1.570863090455532074e-02
1.582093350589275360e-02
1.571507193148136139e-02
1.584131456911563873e-02
1.578854583203792572e-02
1.574487611651420593e-02
1.587295904755592346e-02
1.569928415119647980e-02
1.577387005090713501e-02
1.588116958737373352e-02
1.571465097367763519e-02
1.575828902423381805e-02
1.576076261699199677e-02
1.574479043483734131e-02
1.575784943997859955e-02
1.574830897152423859e-02
1.582347229123115540e-02
1.575267873704433441e-02
1.577143743634223938e-02
1.579062081873416901e-02
1.587310433387756348e-02
1.565272733569145203e-02
1.584780588746070862e-02
1.577624119818210602e-02
1.580058969557285309e-02
1.559180766344070435e-02
1.575645245611667633e-02
1.576209813356399536e-02
1.592279784381389618e-02
1.575243286788463593e-02
1.589241251349449158e-02
1.572856865823268890e-02
1.576310209929943085e-02
1.577579416334629059e-02
1.582893542945384979e-02
1.555652637034654617e-02
1.583536528050899506e-02
1.565459184348583221e-02
1.579713076353073120e-02
1.574653387069702148e-02
1.584454439580440521e-02
1.573707163333892822e-02
1.560168433934450150e-02
1.572714187204837799e-02
1.567295007407665253e-02
1.587777957320213318e-02
1.578016579151153564e-02
1.574645563960075378e-02
1.572665572166442871e-02
1.581124216318130493e-02
1.581751555204391479e-02
1.582206971943378448e-02
1.565359346568584442e-02
1.566507667303085327e-02
1.576540619134902954e-02
1.566047593951225281e-02
1.572421565651893616e-02
1.577739045023918152e-02
1.572794467210769653e-02
1.568933017551898956e-02
1.583178713917732239e-02
1.586525142192840576e-02
1.567225344479084015e-02
1.562408357858657837e-02
1.576675288379192352e-02
1.580791175365447998e-02
1.566512882709503174e-02
1.576636731624603271e-02
1.584378816187381744e-02
1.556126028299331665e-02
1.567495800554752350e-02
1.568415202200412750e-02
1.570743136107921600e-02
1.573063619434833527e-02
1.576471887528896332e-02
1.581827923655509949e-02
1.577945984899997711e-02
1.576952077448368073e-02
1.576588116586208344e-02
1.576477102935314178e-02
1.576915197074413300e-02
1.580742001533508301e-02
1.571760140359401703e-02
1.568497903645038605e-02
1.570794917643070221e-02
1.575752906501293182e-02
1.574700139462947845e-02
1.568426750600337982e-02
1.568919047713279724e-02
1.579302549362182617e-02
1.566929928958415985e-02
1.574433594942092896e-02
1.580379903316497803e-02
1.578188501298427582e-02
1.574935019016265869e-02
1.574472896754741669e-02
1.566687785089015961e-02
1.585438288748264313e-02
1.566589996218681335e-02
1.581004075706005096e-02
1.575865782797336578e-02
1.576234959065914154e-02
1.584049314260482788e-02
1.573101431131362915e-02
1.560643222182989120e-02
1.562510244548320770e-02
1.568905077874660492e-02
1.572514511644840240e-02
