1.005467996001243591e-01
1.814134232699871063e-02
1.473333314061164856e-02
1.482916809618473053e-02
1.432281266897916794e-02
1.474835444241762161e-02
1.439279783517122269e-02
1.518506836146116257e-02
1.459700986742973328e-02
1.448627002537250519e-02
1.435654889792203903e-02
1.460226718336343765e-02
1.419749762862920761e-02
1.535748969763517380e-02
1.496988441795110703e-02
1.456888765096664429e-02
1.471924036741256714e-02
1.548334211111068726e-02
1.457012537866830826e-02
1.498555392026901245e-02
1.503590028733015060e-02
1.536096632480621338e-02
1.465797424316406250e-02
1.421764772385358810e-02
1.462174113839864731e-02
1.526816096156835556e-02
1.497727353125810623e-02
1.461765076965093613e-02
1.452130638062953949e-02
1.452222000807523727e-02
1.450313162058591843e-02
1.437178626656532288e-02
1.504787895828485489e-02
1.499181240797042847e-02
1.447565667331218719e-02
1.492285542190074921e-02
1.519712619483470917e-02
1.514991652220487595e-02
1.469738874584436417e-02
1.462485082447528839e-02
1.474439259618520737e-02
1.469490304589271545e-02
1.491559576243162155e-02
1.444810442626476288e-02
1.448091119527816772e-02
1.468066871166229248e-02
1.466125715523958206e-02
1.466423738747835159e-02
1.485997159034013748e-02
1.469731796532869339e-02
1.461405586451292038e-02
1.440883148461580276e-02
1.514161285012960434e-02
1.495803892612457275e-02
1.432272046804428101e-02
1.423647440969944000e-02
1.469187624752521515e-02
1.482905074954032898e-02
1.443103980273008347e-02
1.538164354860782623e-02
1.487826090306043625e-02
1.466050930321216583e-02
1.417272910475730896e-02
1.451422460377216339e-02
1.495044305920600891e-02
1.463201269507408142e-02
1.460450701415538788e-02
1.443388871848583221e-02
1.437931787222623825e-02
1.436932757496833801e-02
1.455394644290208817e-02
1.420640293508768082e-02
1.439695991575717926e-02
1.458443049341440201e-02
1.451650261878967285e-02
1.444955356419086456e-02
1.461968291550874710e-02
1.464899722486734390e-02
1.419612206518650055e-02
1.455191336572170258e-02
1.446417812258005142e-02
1.426235307008028030e-02
1.450077816843986511e-02
1.446037925779819489e-02
1.479640044271945953e-02
1.443084329366683960e-02
1.432007551193237305e-02
1.427310798317193985e-02
1.452155597507953644e-02
1.479276828467845917e-02
1.452200766652822495e-02
1.416701357811689377e-02
1.446710061281919479e-02
1.451061945408582687e-02
1.434926968067884445e-02
1.425027567893266678e-02
1.467765681445598602e-02
1.424396876245737076e-02
1.459998916834592819e-02
1.451954245567321777e-02
1.443861983716487885e-02
1.431942451745271683e-02
1.440088544040918350e-02
1.425511296838521957e-02
1.425274834036827087e-02
1.426113303750753403e-02
1.411809027194976807e-02
1.435383688658475876e-02
1.477422099560499191e-02
1.439846586436033249e-02
1.431912742555141449e-02
1.489753089845180511e-02
1.425147335976362228e-02
1.444197166711091995e-02
1.431016903370618820e-02
1.426693052053451538e-02
1.410660240799188614e-02
1.427200995385646820e-02
1.477596536278724670e-02
1.439733523875474930e-02
1.435102336108684540e-02
1.431120559573173523e-02
1.430908311158418655e-02
1.411547977477312088e-02
1.423638872802257538e-02
1.444158423691987991e-02
1.435910537838935852e-02
1.407515816390514374e-02
1.404804829508066177e-02
1.431721448898315430e-02
1.420485414564609528e-02
1.424787286669015884e-02
1.436831895262002945e-02
1.420921646058559418e-02
1.413203217089176178e-02
1.439197640866041183e-02
1.438231300562620163e-02
1.434168685227632523e-02
1.440585311502218246e-02
1.428169850260019302e-02
1.430184952914714813e-02
1.436079107224941254e-02
1.419700775295495987e-02
1.440725941210985184e-02
1.421931013464927673e-02
1.415618136525154114e-02
1.420120708644390106e-02
1.420400105416774750e-02
1.430714502930641174e-02
1.422281563282012939e-02
1.452402770519256592e-02
1.422444637864828110e-02
1.414718478918075562e-02
1.438756287097930908e-02
1.419419143348932266e-02
1.424008980393409729e-02
1.441794075071811676e-02
1.431574951857328415e-02
1.448546536266803741e-02
1.438562758266925812e-02
1.424684841185808182e-02
1.412976812571287155e-02
1.414539013057947159e-02
1.442706771194934845e-02
1.421263907104730606e-02
1.416356209665536880e-02
1.428340747952461243e-02
1.415710151195526123e-02
1.402671262621879578e-02
1.417244318872690201e-02
1.418021228164434433e-02
1.416302192956209183e-02
1.411726418882608414e-02
1.407815609127283096e-02
1.409951318055391312e-02
1.423248182982206345e-02
1.415905449539422989e-02
1.412092335522174835e-02
1.415175758302211761e-02
1.463415659964084625e-02
1.412978023290634155e-02
1.418009120970964432e-02
1.408309582620859146e-02
1.422071736305952072e-02
1.409745216369628906e-02
1.447213720530271530e-02
1.408047508448362350e-02
1.417061127722263336e-02
1.413556654006242752e-02
1.417493540793657303e-02
1.433396805077791214e-02
1.412868034094572067e-02
1.421613059937953949e-02
1.411278173327445984e-02
1.429770048707723618e-02
1.419654395431280136e-02
1.412583515048027039e-02
1.411170978099107742e-02
1.400684565305709839e-02
1.425113063305616379e-02
1.414302363991737366e-02
1.413321960717439651e-02
1.402211654931306839e-02
1.399169117212295532e-02
1.421831361949443817e-02
1.411320641636848450e-02
1.416514441370964050e-02
1.436506677418947220e-02
1.404744759202003479e-02
1.409910898655653000e-02
1.404653675854206085e-02
1.424782071262598038e-02
1.424224022775888443e-02
1.421947777271270752e-02
1.397321000695228577e-02
1.404782850295305252e-02
1.418026164174079895e-02
1.405633613467216492e-02
1.403262093663215637e-02
1.408750191330909729e-02
1.404181774705648422e-02
1.416410319507122040e-02
1.410019490867853165e-02
1.414825115352869034e-02
1.408205460757017136e-02
1.407767087221145630e-02
1.406659279018640518e-02
1.410593558102846146e-02
1.407323032617568970e-02
1.410860847681760788e-02
1.408411748707294464e-02
1.414152234792709351e-02
1.406066678464412689e-02
1.411218661814928055e-02
1.412686705589294434e-02
1.398806460201740265e-02
1.405541040003299713e-02
1.416481845080852509e-02
1.416310667991638184e-02
1.396625302731990814e-02
1.413545012474060059e-02
1.402895525097846985e-02
1.410614140331745148e-02
1.406655274331569672e-02
1.408885233104228973e-02
1.410566456615924835e-02
1.421163324266672134e-02
1.407583802938461304e-02
1.408387161791324615e-02
1.405944209545850754e-02
1.405033748596906662e-02
1.404706109315156937e-02
1.416845805943012238e-02
1.404410321265459061e-02
1.416732743382453918e-02
1.409300789237022400e-02
1.412336900830268860e-02
1.396478246897459030e-02
1.410741452127695084e-02
1.412552222609519958e-02
1.417875010520219803e-02
1.415337435901165009e-02
1.417207531630992889e-02
1.400345191359519958e-02
1.406253222376108170e-02
1.419628225266933441e-02
1.411044038832187653e-02
1.409334689378738403e-02
1.404939778149127960e-02
1.413879822939634323e-02
1.398302800953388214e-02
1.411844044923782349e-02
1.404336839914321899e-02
1.410713978111743927e-02
1.398973818868398666e-02
1.406579371541738510e-02
1.407044008374214172e-02
1.399162691086530685e-02
1.420701108872890472e-02
1.400757115334272385e-02
1.411690283566713333e-02
1.408925652503967285e-02
1.400523819029331207e-02
1.412491500377655029e-02
1.409866288304328918e-02
1.397943776100873947e-02
1.434340607374906540e-02
1.416034810245037079e-02
1.399226486682891846e-02
1.404846832156181335e-02
1.413120143115520477e-02
1.405649166554212570e-02
1.407021284103393555e-02
1.401492580771446228e-02
1.400961540639400482e-02
1.396236103028059006e-02
1.425356697291135788e-02
1.407770346850156784e-02
1.406939234584569931e-02
1.401238888502120972e-02
1.401385664939880371e-02
1.414211466908454895e-02
1.398100890219211578e-02
1.418417505919933319e-02
1.404455862939357758e-02
1.408660039305686951e-02
1.393835898488759995e-02
1.410424057394266129e-02
1.408097986131906509e-02
1.412296481430530548e-02
1.417757663875818253e-02
1.404603384435176849e-02
1.405294798314571381e-02
1.406517531722784042e-02
1.400896534323692322e-02
1.412451826035976410e-02
1.397815532982349396e-02
1.394843775779008865e-02
1.405104249715805054e-02
1.407483033835887909e-02
1.407922338694334030e-02
1.401434838771820068e-02
1.425267197191715240e-02
1.411813590675592422e-02
1.398847904056310654e-02
1.425742637366056442e-02
1.400028821080923080e-02
1.405859272927045822e-02
1.401921547949314117e-02
1.409019995480775833e-02
1.402252074331045151e-02
1.397722586989402771e-02
1.410316303372383118e-02
1.405718736350536346e-02
1.411761157214641571e-02
1.409087982028722763e-02
1.409507263451814651e-02
1.401418074965476990e-02
1.405870076268911362e-02
1.409769058227539062e-02
1.400689780712127686e-02
1.406498905271291733e-02
1.407725457102060318e-02
1.418207678943872452e-02
1.408758666366338730e-02
1.399793941527605057e-02
1.399836409837007523e-02
1.393946073949337006e-02
1.405568234622478485e-02
1.396957784891128540e-02
1.407269202172756195e-02
1.419974304735660553e-02
1.411429792642593384e-02
1.406884659081697464e-02
1.399325579404830933e-02
1.411189418286085129e-02
1.392419263720512390e-02
1.413998100906610489e-02
1.414461433887481689e-02
1.400327682495117188e-02
1.396274287253618240e-02
1.407946646213531494e-02
1.413922663778066635e-02
1.398480031639337540e-02
1.407663896679878235e-02
1.404485385864973068e-02
1.402900647372007370e-02
1.403174828737974167e-02
1.404557377099990845e-02
1.413908135145902634e-02
1.409059017896652222e-02
1.403542142361402512e-02
1.407205220311880112e-02
1.401090342551469803e-02
1.397791504859924316e-02
1.398622337728738785e-02
1.401736307889223099e-02
1.415012404322624207e-02
1.406854670494794846e-02
1.405657175928354263e-02
1.400789711624383926e-02
1.404819451272487640e-02
1.400432270020246506e-02
1.397028937935829163e-02
1.400564983487129211e-02
1.414111815392971039e-02
1.402116566896438599e-02
1.404666434973478317e-02
1.395398750901222229e-02
1.405379083007574081e-02
1.395303010940551758e-02
1.395436748862266541e-02
1.410754583775997162e-02
1.411832403391599655e-02
1.402701064944267273e-02
1.397757977247238159e-02
1.407886017113924026e-02
1.391145028173923492e-02
1.397786568850278854e-02
1.397869829088449478e-02
1.405943278223276138e-02
1.405113562941551208e-02
1.399395894259214401e-02
1.410159561783075333e-02
1.395485177636146545e-02
1.405014190822839737e-02
1.400374434888362885e-02
1.394514460116624832e-02
1.398291159421205521e-02
1.404750440269708633e-02
1.397225819528102875e-02
1.407430414110422134e-02
1.412412896752357483e-02
1.404006406664848328e-02
1.410672161728143692e-02
1.400279719382524490e-02
1.408328860998153687e-02
1.400387845933437347e-02
1.402753405272960663e-02
1.403178274631500244e-02
1.403350848704576492e-02
1.412727870047092438e-02
1.403445843607187271e-02
1.398525573313236237e-02
1.402139663696289062e-02
1.399130187928676605e-02
1.402922254055738449e-02
1.404386479407548904e-02
1.418371312320232391e-02
1.401167549192905426e-02
1.397118996828794479e-02
1.394616439938545227e-02
1.394908316433429718e-02
1.413307152688503265e-02
1.405059639364480972e-02
1.408071536570787430e-02
1.409560162574052811e-02
1.410685665905475616e-02
1.409885380417108536e-02
1.410373859107494354e-02
1.395961083471775055e-02
1.399940811097621918e-02
1.398589555174112320e-02
1.404015347361564636e-02
1.392833050340414047e-02
1.413597725331783295e-02
1.410952210426330566e-02
1.413690019398927689e-02
1.406681351363658905e-02
1.400653738528490067e-02
1.401476096361875534e-02
1.399938389658927917e-02
1.395887229591608047e-02
1.401260774582624435e-02
1.403825636953115463e-02
1.407253555953502655e-02
1.406843587756156921e-02
1.401413977146148682e-02
1.404728088527917862e-02
1.401392091065645218e-02
1.421680487692356110e-02
1.409481558948755264e-02
1.400208659470081329e-02
1.396129373461008072e-02
1.403304096311330795e-02
1.393536012619733810e-02
1.405597850680351257e-02
1.402107812464237213e-02
1.415373291820287704e-02
1.393565163016319275e-02
1.397145166993141174e-02
1.393347140401601791e-02
1.400681957602500916e-02
1.395924203097820282e-02
1.403610501438379288e-02
1.403030008077621460e-02
1.400106772780418396e-02
1.400463003665208817e-02
1.400496903806924820e-02
1.408689562231302261e-02
1.400693133473396301e-02
1.400843635201454163e-02
1.399254333227872849e-02
1.398399099707603455e-02
1.399367861449718475e-02
1.411153841763734818e-02
1.402235031127929688e-02
1.395017374306917191e-02
1.392954587936401367e-02
1.403483841568231583e-02
1.408781576901674271e-02
1.398127432912588120e-02
1.397095620632171631e-02
1.401066966354846954e-02
1.412217691540718079e-02
1.398905459791421890e-02
1.392591092735528946e-02
1.396688167005777359e-02
1.404010225087404251e-02
1.399863790720701218e-02
1.394620444625616074e-02
1.391310524195432663e-02
1.400711014866828918e-02
1.398770697414875031e-02
1.394744869321584702e-02
1.397455856204032898e-02
1.398201938718557358e-02
1.399135310202836990e-02
1.403267960995435715e-02
1.403097622096538544e-02
1.414317172020673752e-02
1.400643587112426758e-02
1.396052446216344833e-02
1.408695988357067108e-02
1.398908533155918121e-02
1.398140098899602890e-02
1.406296622008085251e-02
1.394943427294492722e-02
1.399781275540590286e-02
1.398793794214725494e-02
1.397462002933025360e-02
1.399210002273321152e-02
1.398330181837081909e-02
1.398711185902357101e-02
1.411628723144531250e-02
1.404547505080699921e-02
1.398904528468847275e-02
1.394776720553636551e-02
1.398782152682542801e-02
1.398610137403011322e-02
1.406644098460674286e-02
1.399083435535430908e-02
1.397596299648284912e-02
1.401655469089746475e-02
1.401042193174362183e-02
1.407694630324840546e-02
1.398237608373165131e-02
1.401262730360031128e-02
1.396546699106693268e-02
1.400837861001491547e-02
1.411247532814741135e-02
1.407360285520553589e-02
1.403475459665060043e-02
1.402798295021057129e-02
1.404515281319618225e-02
1.399203855544328690e-02
1.392992865294218063e-02
1.401213649660348892e-02
1.400788687169551849e-02
1.397575438022613525e-02
1.409256085753440857e-02
1.398620009422302246e-02
1.398368366062641144e-02
1.397714298218488693e-02
1.402971055358648300e-02
1.400254759937524796e-02
1.398228388279676437e-02
1.407169178128242493e-02
1.397465262562036514e-02
1.396742183715105057e-02
1.406397856771945953e-02
1.394093874841928482e-02
1.393012981861829758e-02
1.398049946874380112e-02
1.403063349425792694e-02
1.395773142576217651e-02
1.400963868945837021e-02
1.394741609692573547e-02
1.403654646128416061e-02
1.392028760164976120e-02
1.403147447854280472e-02
1.396062877029180527e-02
1.394077762961387634e-02
1.401647459715604782e-02
1.401261705905199051e-02
1.408283971250057220e-02
1.408189348876476288e-02
1.405262760818004608e-02
1.387841813266277313e-02
1.403687708079814911e-02
1.402177847921848297e-02
1.402510330080986023e-02
1.399681344628334045e-02
1.400787290185689926e-02
1.397137530148029327e-02
1.411481853574514389e-02
1.403902843594551086e-02
1.401761919260025024e-02
1.400479953736066818e-02
1.398264337331056595e-02
1.404521707445383072e-02
1.395309064537286758e-02
1.394160836935043335e-02
1.405872870236635208e-02
1.413666550070047379e-02
1.396646536886692047e-02
1.398624014109373093e-02
1.408354565501213074e-02
1.399313099682331085e-02
1.401250623166561127e-02
1.395298633724451065e-02
1.400037296116352081e-02
1.399034354835748672e-02
1.398915331810712814e-02
1.391041465103626251e-02
1.398954726755619049e-02
1.392622757703065872e-02
1.407406106591224670e-02
1.400646381080150604e-02
1.392726413905620575e-02
1.399232167750597000e-02
1.399379223585128784e-02
1.393307745456695557e-02
1.418441999703645706e-02
1.399625372141599655e-02
1.399536151438951492e-02
1.398493815213441849e-02
1.399763766676187515e-02
1.405677665024995804e-02
1.396639738231897354e-02
1.402152236551046371e-02
1.396564021706581116e-02
1.395656261593103409e-02
1.400197669863700867e-02
1.395789440721273422e-02
1.391627546399831772e-02
1.394347380846738815e-02
1.403665076941251755e-02
1.402634941041469574e-02
1.394045725464820862e-02
1.391605846583843231e-02
1.419358886778354645e-02
1.401673443615436554e-02
1.408118847757577896e-02
1.402790285646915436e-02
1.399168465286493301e-02
1.396166905760765076e-02
1.403125002980232239e-02
1.398569066077470779e-02
1.405068859457969666e-02
1.408277358859777451e-02
1.395492255687713623e-02
1.398292649537324905e-02
1.401226315647363663e-02
1.408910751342773438e-02
1.404351554811000824e-02
1.397950388491153717e-02
1.402118150144815445e-02
1.402033213526010513e-02
1.390809286385774612e-02
1.413005683571100235e-02
1.394804101437330246e-02
1.403133291751146317e-02
1.395291090011596680e-02
1.405112538486719131e-02
1.396894641220569611e-02
1.394892670214176178e-02
1.398964226245880127e-02
1.400972157716751099e-02
1.398521102964878082e-02
1.393455266952514648e-02
1.399788726121187210e-02
1.396388560533523560e-02
1.394735276699066162e-02
1.393023785203695297e-02
1.399313285946846008e-02
1.404470298439264297e-02
1.404384523630142212e-02
1.402497570961713791e-02
1.396793965250253677e-02
1.403683703392744064e-02
1.395404245704412460e-02
1.397137623280286789e-02
1.394879724830389023e-02
1.407371927052736282e-02
1.400855742394924164e-02
1.391326356679201126e-02
1.403365749865770340e-02
1.405365392565727234e-02
1.397430710494518280e-02
1.409054081887006760e-02
1.402397453784942627e-02
1.400330476462841034e-02
1.401631161570549011e-02
1.399515848606824875e-02
1.392883062362670898e-02
1.391800586134195328e-02
1.395127363502979279e-02
1.401995401829481125e-02
1.403967663645744324e-02
1.398677937686443329e-02
1.393776107579469681e-02
1.394686847925186157e-02
1.406581047922372818e-02
1.392113137990236282e-02
1.406720187515020370e-02
1.397423911839723587e-02
1.398288365453481674e-02
1.399479713290929794e-02
1.420283131301403046e-02
1.390241459012031555e-02
1.397644169628620148e-02
1.400380581617355347e-02
1.401174906641244888e-02
1.400756649672985077e-02
1.397790294140577316e-02
1.393225230276584625e-02
1.393342018127441406e-02
1.395966298878192902e-02
1.398790907114744186e-02
1.388437207788228989e-02
1.405001338571310043e-02
1.395561732351779938e-02
1.396676059812307358e-02
1.392754539847373962e-02
1.397448778152465820e-02
1.396104414016008377e-02
1.398714445531368256e-02
1.396889984607696533e-02
1.402381155639886856e-02
1.395045220851898193e-02
1.396648027002811432e-02
1.399259082973003387e-02
1.393220387399196625e-02
1.392102707177400589e-02
1.394513342529535294e-02
1.401472091674804688e-02
1.394247822463512421e-02
1.400815322995185852e-02
1.397941634058952332e-02
1.404282171279191971e-02
1.393272075802087784e-02
1.399552449584007263e-02
1.398799940943717957e-02
1.401634514331817627e-02
1.395259052515029907e-02
1.406484004110097885e-02
1.410370599478483200e-02
1.400560885667800903e-02
1.392938848584890366e-02
1.396139990538358688e-02
1.401615794748067856e-02
1.397276204079389572e-02
1.398549694567918777e-02
1.394615508615970612e-02
1.392088830471038818e-02
1.392950676381587982e-02
1.393497362732887268e-02
1.407509204000234604e-02
1.406095270067453384e-02
1.393447257578372955e-02
1.398094557225704193e-02
1.392119470983743668e-02
1.394203212112188339e-02
1.416091620922088623e-02
1.423633936792612076e-02
1.396928913891315460e-02
1.393380761146545410e-02
1.394719164818525314e-02
1.400187052786350250e-02
1.398302335292100906e-02
1.393944676965475082e-02
1.394486706703901291e-02
1.403225306421518326e-02
1.396819856017827988e-02
1.392812747508287430e-02
1.397324074059724808e-02
1.394811458885669708e-02
1.392250973731279373e-02
1.392071787267923355e-02
1.395381987094879150e-02
1.402561273425817490e-02
1.403777021914720535e-02
1.396155357360839844e-02
1.401643734425306320e-02
1.398606132715940475e-02
1.393597945570945740e-02
1.409486774355173111e-02
1.395120751112699509e-02
1.395428553223609924e-02
1.402458641678094864e-02
1.398467086255550385e-02
1.399683672934770584e-02
1.391079649329185486e-02
1.403972879052162170e-02
1.393698062747716904e-02
1.397416647523641586e-02
1.414888165891170502e-02
1.396548375487327576e-02
1.402945164591073990e-02
1.399833895266056061e-02
1.394372433423995972e-02
1.396091841161251068e-02
1.401558984071016312e-02
1.398847345262765884e-02
1.400172151625156403e-02
1.406749617308378220e-02
1.393582858145236969e-02
1.394734997302293777e-02
1.397932693362236023e-02
1.398944575339555740e-02
1.414777431637048721e-02
1.395809836685657501e-02
1.404935121536254883e-02
1.406457182019948959e-02
1.392137911170721054e-02
1.393088232725858688e-02
1.390884164720773697e-02
1.394886802881956100e-02
1.395365782082080841e-02
1.389133743941783905e-02
1.395784039050340652e-02
1.391429547220468521e-02
1.397617440670728683e-02
1.410273555666208267e-02
1.392308529466390610e-02
1.393416896462440491e-02
1.394130755215883255e-02
1.404965296387672424e-02
1.402992755174636841e-02
1.408488675951957703e-02
1.388403400778770447e-02
1.395128574222326279e-02
1.397847943007946014e-02
1.401429623365402222e-02
1.396754290908575058e-02
1.392691209912300110e-02
1.392321754246950150e-02
1.403082069009542465e-02
1.400413177907466888e-02
1.404463592916727066e-02
1.395453140139579773e-02
1.392494980245828629e-02
1.400591898709535599e-02
1.392937637865543365e-02
1.398429274559020996e-02
1.394008845090866089e-02
1.402135007083415985e-02
1.398502942174673080e-02
1.399430260062217712e-02
1.399589329957962036e-02
1.392521988600492477e-02
1.399665046483278275e-02
1.396990288048982620e-02
1.394320745021104813e-02
1.398517563939094543e-02
1.399564743041992188e-02
1.391999982297420502e-02
1.400861423462629318e-02
1.409164536744356155e-02
1.397491432726383209e-02
1.399132236838340759e-02
1.394587941467761993e-02
1.394179370254278183e-02
1.393140014261007309e-02
1.394019741564989090e-02
1.404063589870929718e-02
1.402545161545276642e-02
1.401237957179546356e-02
1.398587878793478012e-02
1.400712039321660995e-02
1.399610470980405807e-02
1.395931560546159744e-02
1.408201921731233597e-02
1.400647312402725220e-02
1.404998824000358582e-02
1.403625216335058212e-02
1.393755152821540833e-02
1.392350625246763229e-02
1.397731993347406387e-02
1.401352230459451675e-02
1.408809237182140350e-02
1.397863402962684631e-02
1.400506682693958282e-02
1.395836472511291504e-02
1.402979250997304916e-02
1.394633296877145767e-02
1.392162963747978210e-02
1.408163923770189285e-02
1.396737713366746902e-02
1.394900027662515640e-02
1.390400528907775879e-02
1.393336150795221329e-02
1.396572031080722809e-02
1.405791938304901123e-02
1.395126897841691971e-02
1.402829680591821671e-02
1.394824218004941940e-02
1.389891747385263443e-02
1.396283134818077087e-02
1.395800802856683731e-02
1.398357283324003220e-02
1.403472013771533966e-02
1.397527102380990982e-02
1.391700189560651779e-02
1.393314171582460403e-02
1.392241939902305603e-02
1.399790588766336441e-02
1.392028294503688812e-02
1.397693995386362076e-02
1.399309094995260239e-02
1.391276065260171890e-02
1.395951583981513977e-02
1.400899700820446014e-02
1.394337974488735199e-02
1.395574398338794708e-02
1.400824543088674545e-02
1.388024073094129562e-02
1.396192703396081924e-02
1.396644301712512970e-02
1.403099484741687775e-02
1.395981665700674057e-02
1.395943574607372284e-02
1.400780957192182541e-02
1.390278153121471405e-02
1.393854431807994843e-02
1.392809674143791199e-02
1.398785319179296494e-02
1.397296227514743805e-02
1.392844691872596741e-02
1.392364781349897385e-02
1.399718131870031357e-02
1.392907742410898209e-02
1.391966082155704498e-02
1.406483352184295654e-02
1.388745196163654327e-02
1.393177080899477005e-02
1.400379836559295654e-02
1.398851908743381500e-02
1.396582834422588348e-02
1.394951436668634415e-02
1.396602205932140350e-02
1.415987312793731689e-02
1.393086835741996765e-02
1.391191594302654266e-02
1.398924551904201508e-02
1.395285222679376602e-02
1.397824753075838089e-02
1.395422685891389847e-02
1.392292790114879608e-02
1.397221907973289490e-02
1.401805598288774490e-02
1.400927267968654633e-02
1.408493332564830780e-02
1.395911816507577896e-02
1.404383592307567596e-02
1.400191057473421097e-02
1.395695749670267105e-02
1.391262840479612350e-02
1.404964085668325424e-02
1.400305051356554031e-02
1.396988611668348312e-02
1.391497440636157990e-02
1.400934997946023941e-02
1.396301295608282089e-02
1.402020268142223358e-02
1.396795082837343216e-02
1.409819815307855606e-02
1.400648523122072220e-02
1.401602197438478470e-02
1.398611254990100861e-02
1.394231244921684265e-02
1.400641445070505142e-02
1.400696206837892532e-02
1.386803667992353439e-02
1.392710860818624496e-02
1.393315102905035019e-02
1.395989116281270981e-02
1.395774073898792267e-02
1.395363174378871918e-02
1.401824317872524261e-02
1.402963977307081223e-02
1.400284934788942337e-02
1.394956652075052261e-02
1.401124335825443268e-02
1.397188846021890640e-02
1.401935424655675888e-02
1.396492403000593185e-02
1.406833156943321228e-02
1.401242613792419434e-02
1.385558489710092545e-02
1.390156429260969162e-02
1.396489143371582031e-02
1.395645737648010254e-02
1.398473232984542847e-02
1.399553194642066956e-02
1.397312711924314499e-02
1.403770130127668381e-02
1.391818094998598099e-02
1.398994214832782745e-02
1.397340558469295502e-02
1.392106711864471436e-02
1.401160471141338348e-02
1.396925561130046844e-02
1.396347489207983017e-02
1.393121294677257538e-02
1.392759848386049271e-02
1.393959019333124161e-02
1.389776356518268585e-02
1.397761981934309006e-02
