6.222925782203674316e-01
3.061951100826263428e-01
1.415055394172668457e-01
7.079033553600311279e-02
4.086327552795410156e-02
2.798367105424404144e-02
2.293149940669536591e-02
2.052296698093414307e-02
1.966847851872444153e-02
1.912733726203441620e-02
1.875718683004379272e-02
1.877421140670776367e-02
1.855820603668689728e-02
1.829605735838413239e-02
1.832910254597663879e-02
1.833140105009078979e-02
1.812925375998020172e-02
1.776003092527389526e-02
1.785721257328987122e-02
1.791769079864025116e-02
1.755599305033683777e-02
1.763485372066497803e-02
1.739408820867538452e-02
1.735522598028182983e-02
1.719503663480281830e-02
1.713969558477401733e-02
1.708515547215938568e-02
1.707880944013595581e-02
1.706200838088989258e-02
1.685034111142158508e-02
1.708597689867019653e-02
1.679664663970470428e-02
1.678512431681156158e-02
1.668759621679782867e-02
1.669685170054435730e-02
1.662493124604225159e-02
1.660325936973094940e-02
1.628446206450462341e-02
1.642532646656036377e-02
1.637173071503639221e-02
1.624238677322864532e-02
1.641997136175632477e-02
1.618535444140434265e-02
1.610305160284042358e-02
1.608232222497463226e-02
1.604887843132019043e-02
1.600589044392108917e-02
1.602794229984283447e-02
1.597085036337375641e-02
1.605866104364395142e-02
1.593301258981227875e-02
1.597562991082668304e-02
1.575275324285030365e-02
1.572216674685478210e-02
1.562092732638120651e-02
1.569131202995777130e-02
1.572990976274013519e-02
1.566542871296405792e-02
1.546376105397939682e-02
1.562372781336307526e-02
1.539666857570409775e-02
1.545852515846490860e-02
1.542410068213939667e-02
1.537738926708698273e-02
1.547976490110158920e-02
1.544016227126121521e-02
1.539429556578397751e-02
1.537052541971206665e-02
1.519220881164073944e-02
1.529011409729719162e-02
1.520477421581745148e-02
1.530946604907512665e-02
1.506813243031501770e-02
1.517908927053213120e-02
1.513008959591388702e-02
1.502343919128179550e-02
1.508036721497774124e-02
1.499496586620807648e-02
1.504540909081697464e-02
1.513611618429422379e-02
1.496331579983234406e-02
1.492312364280223846e-02
1.494634058326482773e-02
1.495199836790561676e-02
1.503775920718908310e-02
1.506047416478395462e-02
1.495339814573526382e-02
1.487612538039684296e-02
1.498477999120950699e-02
1.485644280910491943e-02
1.491104904562234879e-02
1.487902365624904633e-02
1.468041911721229553e-02
1.481672376394271851e-02
1.476270332932472229e-02
1.484121847897768021e-02
1.475695613771677017e-02
1.469241455197334290e-02
1.467062719166278839e-02
1.462965644896030426e-02
1.477389782667160034e-02
1.464143767952919006e-02
1.465363614261150360e-02
1.472392398864030838e-02
1.465319190174341202e-02
1.464822702109813690e-02
1.473248656839132309e-02
1.456202194094657898e-02
1.461281906813383102e-02
1.467311475425958633e-02
1.456495095044374466e-02
1.458412595093250275e-02
1.444375701248645782e-02
1.455733366310596466e-02
1.457165274769067764e-02
1.456735935062170029e-02
1.458568219095468521e-02
1.450388785451650620e-02
1.454665604978799820e-02
1.450796704739332199e-02
1.440147869288921356e-02
1.457033120095729828e-02
1.447192765772342682e-02
1.450614351779222488e-02
1.440344471484422684e-02
1.436379365622997284e-02
1.440641656517982483e-02
1.440198812633752823e-02
1.435687113553285599e-02
1.442357990890741348e-02
1.449366845190525055e-02
1.446493715047836304e-02
1.436816062778234482e-02
1.436186581850051880e-02
1.436757575720548630e-02
1.436665002256631851e-02
1.435406412929296494e-02
1.436740811914205551e-02
1.434648595750331879e-02
1.436842791736125946e-02
1.435144525021314621e-02
1.435782853513956070e-02
1.431070175021886826e-02
1.428404822945594788e-02
1.429423689842224121e-02
1.416744850575923920e-02
1.425439119338989258e-02
1.431176625192165375e-02
1.432654634118080139e-02
1.430878136307001114e-02
1.429274119436740875e-02
1.422063168138265610e-02
1.423743460327386856e-02
1.429284177720546722e-02
1.423717755824327469e-02
1.422408968210220337e-02
1.431073807179927826e-02
1.422109920531511307e-02
1.416677050292491913e-02
1.419322285801172256e-02
1.424347981810569763e-02
1.416685618460178375e-02
1.418104767799377441e-02
1.419585291296243668e-02
1.421961002051830292e-02
1.421221159398555756e-02
1.417310629040002823e-02
1.416736096143722534e-02
1.422212552279233932e-02
1.423021405935287476e-02
1.419029198586940765e-02
1.418331172317266464e-02
1.420804299414157867e-02
1.419162750244140625e-02
1.412163581699132919e-02
1.414105016738176346e-02
1.414309348911046982e-02
1.417056657373905182e-02
1.411706581711769104e-02
1.409978512674570084e-02
1.414295472204685211e-02
1.412814855575561523e-02
1.411397382616996765e-02
1.413927227258682251e-02
1.414229441434144974e-02
1.409272663295269012e-02
1.415539067238569260e-02
1.409723516553640366e-02
1.419754605740308762e-02
1.409990247339010239e-02
1.404723338782787323e-02
1.410227734595537186e-02
1.409569755196571350e-02
1.416331995278596878e-02
1.413863059133291245e-02
1.413737889379262924e-02
1.407178863883018494e-02
1.406691782176494598e-02
1.402299012988805771e-02
1.411429420113563538e-02
1.401760801672935486e-02
1.406758837401866913e-02
1.408388372510671616e-02
1.398290507495403290e-02
1.404257770627737045e-02
1.405137591063976288e-02
1.406479626893997192e-02
1.406747475266456604e-02
1.403796859085559845e-02
1.403168402612209320e-02
1.404939964413642883e-02
1.408151630312204361e-02
1.402263995260000229e-02
1.407381985336542130e-02
1.396796945482492447e-02
1.408449467271566391e-02
1.404345128685235977e-02
1.403650734573602676e-02
1.403482165187597275e-02
1.399616431444883347e-02
1.408981624990701675e-02
1.405197288841009140e-02
1.401782687753438950e-02
1.402144320309162140e-02
1.397977303713560104e-02
1.397854462265968323e-02
1.401383150368928909e-02
1.399475242942571640e-02
1.397301629185676575e-02
1.401215232908725739e-02
1.402150467038154602e-02
1.400147750973701477e-02
1.399241387844085693e-02
1.401867531239986420e-02
1.394260488450527191e-02
1.403583120554685593e-02
1.400745566934347153e-02
1.399920042604207993e-02
1.400779932737350464e-02
1.400886848568916321e-02
1.402177475392818451e-02
1.401545200496912003e-02
1.397163793444633484e-02
1.394991762936115265e-02
1.401648670434951782e-02
1.400077715516090393e-02
1.397919468581676483e-02
1.398045662790536880e-02
1.400333177298307419e-02
1.398871745914220810e-02
1.398966554552316666e-02
1.399181596934795380e-02
1.393738761544227600e-02
1.397591829299926758e-02
1.395006012171506882e-02
1.396962720900774002e-02
1.400538720190525055e-02
1.400536298751831055e-02
1.396112143993377686e-02
1.393725629895925522e-02
1.398339122533798218e-02
1.397207193076610565e-02
1.399256475269794464e-02
1.392437983304262161e-02
1.396204717457294464e-02
1.397253200411796570e-02
1.397208217531442642e-02
1.393027417361736298e-02
1.395922899246215820e-02
1.389643922448158264e-02
1.390827726572751999e-02
1.395725086331367493e-02
1.394817791879177094e-02
1.396498363465070724e-02
1.391785871237516403e-02
1.395669765770435333e-02
1.394155528396368027e-02
1.397663820534944534e-02
1.392664015293121338e-02
1.395933236926794052e-02
1.391158532351255417e-02
1.392908394336700439e-02
1.397651527076959610e-02
1.394565030932426453e-02
1.391244120895862579e-02
1.394061092287302017e-02
1.395674049854278564e-02
1.393992826342582703e-02
1.387031003832817078e-02
1.393025275319814682e-02
1.389413047581911087e-02
1.395521126687526703e-02
1.391894463449716568e-02
1.392745319753885269e-02
1.391887664794921875e-02
1.390111353248357773e-02
1.392423454672098160e-02
1.391399744898080826e-02
1.389923691749572754e-02
1.396302599459886551e-02
1.387489214539527893e-02
1.392199564725160599e-02
1.395491044968366623e-02
1.393063459545373917e-02
1.394626125693321228e-02
1.390930637717247009e-02
1.389393303543329239e-02
1.392609346657991409e-02
1.394269708544015884e-02
1.389682106673717499e-02
1.395138632506132126e-02
1.390556246042251587e-02
1.389494538307189941e-02
1.390459574759006500e-02
1.391373947262763977e-02
1.388137601315975189e-02
1.390960160642862320e-02
1.390277780592441559e-02
1.389681920409202576e-02
1.392521988600492477e-02
1.393790263682603836e-02
1.390308607369661331e-02
1.392434909939765930e-02
1.387360505759716034e-02
1.392439752817153931e-02
1.391608919948339462e-02
1.392984110862016678e-02
1.389318425208330154e-02
1.391324214637279510e-02
1.391239278018474579e-02
1.390848029404878616e-02
1.392846554517745972e-02
1.391177158802747726e-02
1.388902962207794189e-02
1.389463525265455246e-02
1.390795409679412842e-02
1.389546226710081100e-02
1.390357315540313721e-02
1.393061596900224686e-02
1.389655750244855881e-02
1.390977669507265091e-02
1.389225106686353683e-02
1.387023180723190308e-02
1.391202863305807114e-02
1.386430766433477402e-02
1.389986742287874222e-02
1.392672769725322723e-02
1.389812491834163666e-02
1.391711365431547165e-02
1.389284152537584305e-02
1.391494181007146835e-02
1.391789503395557404e-02
1.389665249735116959e-02
1.388006843626499176e-02
1.388943009078502655e-02
1.388389244675636292e-02
1.391359604895114899e-02
1.389824971556663513e-02
1.389191579073667526e-02
1.390038803219795227e-02
1.391921192407608032e-02
1.387006230652332306e-02
1.387219317257404327e-02
1.390796899795532227e-02
1.386454608291387558e-02
1.389948185533285141e-02
1.390162575989961624e-02
1.389747392386198044e-02
1.388143282383680344e-02
1.386663969606161118e-02
1.390176545828580856e-02
1.384926773607730865e-02
1.386633887887001038e-02
1.390810590237379074e-02
1.388612296432256699e-02
1.386874914169311523e-02
1.390837039798498154e-02
1.388190314173698425e-02
1.386215910315513611e-02
1.388940773904323578e-02
1.384245045483112335e-02
1.389842759817838669e-02
1.384828332811594009e-02
1.385730598121881485e-02
1.389330253005027771e-02
1.389982737600803375e-02
1.387610752135515213e-02
1.385233458131551743e-02
1.388582400977611542e-02
1.389200147241353989e-02
1.388841774314641953e-02
1.387845911085605621e-02
1.385960448533296585e-02
1.385349780321121216e-02
1.387703791260719299e-02
1.387529075145721436e-02
1.386668905615806580e-02
1.385983452200889587e-02
1.387101411819458008e-02
1.386714167892932892e-02
1.388947851955890656e-02
1.389835402369499207e-02
1.388450246304273605e-02
1.388763636350631714e-02
1.386270672082901001e-02
1.386993657797574997e-02
1.388201862573623657e-02
1.389028970152139664e-02
1.388188637793064117e-02
1.384937111288309097e-02
1.384974177926778793e-02
1.388181373476982117e-02
1.387820672243833542e-02
1.388099696487188339e-02
1.386255584657192230e-02
1.389412395656108856e-02
1.389025431126356125e-02
1.385749690234661102e-02
1.387864816933870316e-02
1.387940254062414169e-02
1.386978197842836380e-02
1.387108024209737778e-02
1.389802061021327972e-02
1.390564534813165665e-02
1.386528927832841873e-02
1.387895736843347549e-02
1.388147380203008652e-02
1.387908402830362320e-02
1.385127194225788116e-02
1.387892384082078934e-02
1.386200077831745148e-02
1.383469160646200180e-02
1.387647539377212524e-02
1.389591116458177567e-02
1.385356392711400986e-02
1.385444868355989456e-02
1.389821153134107590e-02
1.388048380613327026e-02
1.388733275234699249e-02
1.387099642306566238e-02
1.386740431189537048e-02
1.387587841600179672e-02
1.387082971632480621e-02
1.386614795774221420e-02
1.386880595237016678e-02
1.384828612208366394e-02
1.388993859291076660e-02
1.389161869883537292e-02
1.390060875564813614e-02
1.386348996311426163e-02
1.387318968772888184e-02
1.391368824988603592e-02
1.386147458106279373e-02
1.385886874049901962e-02
1.389241963624954224e-02
1.385836023837327957e-02
1.385896280407905579e-02
1.385533157736063004e-02
1.384612638503313065e-02
1.384296733886003494e-02
1.388631481677293777e-02
1.387479249387979507e-02
1.389074511826038361e-02
1.386445295065641403e-02
1.385887246578931808e-02
1.388507615774869919e-02
1.387053728103637695e-02
1.387899741530418396e-02
1.386584155261516571e-02
1.385553088039159775e-02
1.388629619032144547e-02
1.388075109571218491e-02
1.387318037450313568e-02
1.385016553103923798e-02
1.387950405478477478e-02
1.385902427136898041e-02
1.389863900840282440e-02
1.385370083153247833e-02
1.388378441333770752e-02
1.384996902197599411e-02
1.385955512523651123e-02
1.385725662112236023e-02
1.387596130371093750e-02
1.388156507164239883e-02
1.387372612953186035e-02
1.383776962757110596e-02
1.387379877269268036e-02
1.384490262717008591e-02
1.390589307993650436e-02
1.390841696411371231e-02
1.388841122388839722e-02
1.387801300734281540e-02
1.386429276317358017e-02
1.387949474155902863e-02
1.388487685471773148e-02
1.388043444603681564e-02
1.386469230055809021e-02
1.386445574462413788e-02
1.386563666164875031e-02
1.386977918446063995e-02
1.386601850390434265e-02
1.381197944283485413e-02
1.390241179615259171e-02
1.386485248804092407e-02
1.386437285691499710e-02
1.384778600186109543e-02
1.384308561682701111e-02
1.386970374733209610e-02
1.389120426028966904e-02
1.386355701833963394e-02
1.385969016700983047e-02
1.385770179331302643e-02
1.384858321398496628e-02
1.384046301245689392e-02
1.386302802711725235e-02
1.387575827538967133e-02
1.385652367025613785e-02
1.387229934334754944e-02
1.386365573853254318e-02
1.389318890869617462e-02
1.390635315328836441e-02
1.385702472180128098e-02
1.385855488479137421e-02
1.387030724436044693e-02
1.385660655796527863e-02
1.387668773531913757e-02
1.386624574661254883e-02
1.389448065310716629e-02
1.388113852590322495e-02
1.386031787842512131e-02
1.385962869971990585e-02
1.386709231883287430e-02
1.385403890162706375e-02
1.387035287916660309e-02
1.387923490256071091e-02
1.387537084519863129e-02
1.386149134486913681e-02
1.386418659240007401e-02
1.389022637158632278e-02
1.387371867895126343e-02
1.386975124478340149e-02
1.387561950832605362e-02
1.387249398976564407e-02
1.388396881520748138e-02
1.389697566628456116e-02
1.388025563210248947e-02
1.386203616857528687e-02
1.386578753590583801e-02
1.388738397508859634e-02
1.388610992580652237e-02
1.389524899423122406e-02
1.386486180126667023e-02
1.383688859641551971e-02
1.389070972800254822e-02
1.387792732566595078e-02
1.388656068593263626e-02
1.382965594530105591e-02
1.387753151357173920e-02
1.390480063855648041e-02
1.384909544140100479e-02
1.387458015233278275e-02
1.387967914342880249e-02
1.389978174120187759e-02
1.388595066964626312e-02
1.385490037500858307e-02
1.385163050144910812e-02
1.386914867907762527e-02
1.385966315865516663e-02
1.389022450894117355e-02
1.386880874633789062e-02
1.385907176882028580e-02
1.388838328421115875e-02
1.387685351073741913e-02
1.387882232666015625e-02
1.388160604983568192e-02
1.387847121804952621e-02
1.385507918894290924e-02
1.387387234717607498e-02
1.387749612331390381e-02
1.389469299465417862e-02
1.385641843080520630e-02
1.387120876461267471e-02
1.387490425258874893e-02
1.386255491524934769e-02
1.386284083127975464e-02
1.388365868479013443e-02
1.386750862002372742e-02
1.387613639235496521e-02
1.386458147317171097e-02
1.385529432445764542e-02
1.385324262082576752e-02
1.386739965528249741e-02
1.384811382740736008e-02
1.388132199645042419e-02
1.384322531521320343e-02
1.385169941931962967e-02
1.383816171437501907e-02
1.388291548937559128e-02
1.385642029345035553e-02
1.385582983493804932e-02
1.391030009835958481e-02
1.388429384678602219e-02
1.389337517321109772e-02
1.386900059878826141e-02
1.385937537997961044e-02
1.384774595499038696e-02
1.384402438998222351e-02
1.388037577271461487e-02
1.385876722633838654e-02
1.387552451342344284e-02
1.386338192969560623e-02
1.386296935379505157e-02
1.388486102223396301e-02
1.386289577931165695e-02
1.389387808740139008e-02
1.385608687996864319e-02
1.387970242649316788e-02
1.388105563819408417e-02
1.387436781078577042e-02
1.389769557863473892e-02
1.386726088821887970e-02
1.387670543044805527e-02
1.385773997753858566e-02
1.384782791137695312e-02
1.385129988193511963e-02
1.389111392199993134e-02
1.386580616235733032e-02
1.385666616261005402e-02
1.388423331081867218e-02
1.384911220520734787e-02
1.386365760117769241e-02
1.389278750866651535e-02
1.382364425808191299e-02
1.384089421480894089e-02
1.387493032962083817e-02
1.385698281228542328e-02
1.385899819433689117e-02
1.391534972935914993e-02
1.384972315281629562e-02
1.385158393532037735e-02
1.385269779711961746e-02
1.386793795973062515e-02
1.387374009937047958e-02
1.386534795165061951e-02
1.387330610305070877e-02
1.386282406747341156e-02
1.385516673326492310e-02
1.385416556149721146e-02
1.385097950696945190e-02
1.387544628232717514e-02
1.388276182115077972e-02
1.385405100882053375e-02
1.388103235512971878e-02
1.385272201150655746e-02
1.387458015233278275e-02
1.384758204221725464e-02
1.385719887912273407e-02
1.384249050170183182e-02
1.388156041502952576e-02
1.387147605419158936e-02
1.387518271803855896e-02
1.386075466871261597e-02
1.385470852255821228e-02
1.384345907717943192e-02
1.385869085788726807e-02
1.386484131217002869e-02
1.385056786239147186e-02
1.385142002254724503e-02
1.389146130532026291e-02
1.387404464185237885e-02
1.384732685983181000e-02
1.386762782931327820e-02
1.384920626878738403e-02
1.389105711132287979e-02
1.386644411832094193e-02
1.389650721102952957e-02
1.386646460741758347e-02
1.384929195046424866e-02
1.387498900294303894e-02
1.383323036134243011e-02
1.387276314198970795e-02
1.387768425047397614e-02
1.387073192745447159e-02
1.389540079981088638e-02
1.385821867734193802e-02
1.384712941944599152e-02
1.387973874807357788e-02
1.386077050119638443e-02
1.389440428465604782e-02
1.385185495018959045e-02
1.387114077806472778e-02
1.385960262268781662e-02
1.385255344212055206e-02
1.386553887277841568e-02
1.383889745920896530e-02
1.385934557765722275e-02
1.385894883424043655e-02
1.386947277933359146e-02
1.387248840183019638e-02
1.385242398828268051e-02
1.388030219823122025e-02
1.384855434298515320e-02
1.387126091867685318e-02
1.385677885264158249e-02
1.384655106812715530e-02
1.387135405093431473e-02
1.386441756039857864e-02
1.384383812546730042e-02
1.385757047683000565e-02
1.388789433985948563e-02
1.387078035622835159e-02
1.388087309896945953e-02
1.386033371090888977e-02
1.385214366018772125e-02
1.386154349893331528e-02
1.383999269455671310e-02
1.385540515184402466e-02
1.385225169360637665e-02
1.388213131576776505e-02
1.387981884181499481e-02
1.386323571205139160e-02
1.389315817505121231e-02
1.388369500637054443e-02
1.386452000588178635e-02
1.387011632323265076e-02
1.386378239840269089e-02
1.386657264083623886e-02
1.385840401053428650e-02
1.387236081063747406e-02
1.387681346386671066e-02
1.385296508669853210e-02
1.387226954102516174e-02
1.386728137731552124e-02
1.387123949825763702e-02
1.389439497143030167e-02
1.389469020068645477e-02
1.386436913162469864e-02
1.382525358349084854e-02
1.385561842471361160e-02
1.384203787893056870e-02
1.385684125125408173e-02
1.385875232517719269e-02
1.390866283327341080e-02
1.386524364352226257e-02
1.386894099414348602e-02
1.387194637209177017e-02
1.383952982723712921e-02
1.385122444480657578e-02
1.386814285069704056e-02
1.387145463377237320e-02
1.384675689041614532e-02
1.384838949888944626e-02
1.387155614793300629e-02
1.386221311986446381e-02
1.386986114084720612e-02
1.384604535996913910e-02
1.386317703872919083e-02
1.387558598071336746e-02
1.387083623558282852e-02
1.387154683470726013e-02
1.385548152029514313e-02
1.388819329440593719e-02
1.385988853871822357e-02
1.388776954263448715e-02
1.387147884815931320e-02
1.387710124254226685e-02
1.387529354542493820e-02
1.386519987136125565e-02
1.388983242213726044e-02
1.388257555663585663e-02
1.386165339499711990e-02
1.385629363358020782e-02
1.388132385909557343e-02
1.384970732033252716e-02
1.386657543480396271e-02
1.386247761547565460e-02
1.384786982089281082e-02
1.385251432657241821e-02
1.387780718505382538e-02
1.387392915785312653e-02
1.384561322629451752e-02
1.385775674134492874e-02
1.388219092041254044e-02
1.389107201248407364e-02
1.386791840195655823e-02
1.387158967554569244e-02
1.384462229907512665e-02
1.387955900281667709e-02
1.386366505175828934e-02
1.388818956911563873e-02
1.385832019150257111e-02
1.386240031570196152e-02
1.385881379246711731e-02
1.386466063559055328e-02
1.387304533272981644e-02
1.387709192931652069e-02
1.388692203909158707e-02
1.386979594826698303e-02
1.384622789919376373e-02
1.385246682912111282e-02
1.386142894625663757e-02
1.387177594006061554e-02
1.385891623795032501e-02
1.385348197072744370e-02
1.389187574386596680e-02
1.385798025876283646e-02
1.387998554855585098e-02
1.385896094143390656e-02
1.384930126368999481e-02
1.387317385524511337e-02
1.384325046092271805e-02
1.390278711915016174e-02
1.386562734842300415e-02
1.384806819260120392e-02
1.387217082083225250e-02
1.386123802512884140e-02
1.386184059083461761e-02
1.388826966285705566e-02
1.386296935379505157e-02
1.389033440500497818e-02
1.387302298098802567e-02
1.385937351733446121e-02
1.387466304004192352e-02
1.386252976953983307e-02
1.385444216430187225e-02
1.385697536170482635e-02
1.385538652539253235e-02
1.384590845555067062e-02
1.388055738061666489e-02
1.386631838977336884e-02
1.385695207864046097e-02
1.386639382690191269e-02
1.384431775659322739e-02
1.384620089083909988e-02
1.384234614670276642e-02
1.386652607470750809e-02
1.385548617690801620e-02
1.386527437716722488e-02
1.386766787618398666e-02
1.385741680860519409e-02
1.384565420448780060e-02
1.385919190943241119e-02
1.384964305907487869e-02
1.387744396924972534e-02
1.388338021934032440e-02
1.384763605892658234e-02
1.387512311339378357e-02
1.386942435055971146e-02
1.388307660818099976e-02
1.387490890920162201e-02
1.385874580591917038e-02
1.386735402047634125e-02
1.385372411459684372e-02
1.387050561606884003e-02
1.385126914829015732e-02
1.388611365109682083e-02
1.387855503708124161e-02
1.386603526771068573e-02
1.388293970376253128e-02
1.389174349606037140e-02
1.384076103568077087e-02
1.386003382503986359e-02
1.384330913424491882e-02
1.383737102150917053e-02
1.385578606277704239e-02
1.386158820241689682e-02
1.385012175887823105e-02
1.384954620152711868e-02
1.388153899461030960e-02
1.384802907705307007e-02
1.387091912329196930e-02
1.385353133082389832e-02
1.386390812695026398e-02
1.386505085974931717e-02
1.386637799441814423e-02
1.386919338256120682e-02
1.384661905467510223e-02
1.387886237353086472e-02
1.387783139944076538e-02
1.383937057107686996e-02
1.388410478830337524e-02
1.386371441185474396e-02
1.384973805397748947e-02
1.385920587927103043e-02
1.387783978134393692e-02
1.386305131018161774e-02
1.384336128830909729e-02
1.387780252844095230e-02
1.385104563087224960e-02
1.385070756077766418e-02
1.386180426925420761e-02
1.386151462793350220e-02
1.388763450086116791e-02
1.387191284447908401e-02
1.385968457907438278e-02
1.385407801717519760e-02
1.385275926440954208e-02
1.389022637158632278e-02
1.386875007301568985e-02
1.387149468064308167e-02
1.388053596019744873e-02
1.385044585913419724e-02
1.385724730789661407e-02
1.388125121593475342e-02
1.388090196996927261e-02
1.387584861367940903e-02
1.386264059692621231e-02
1.385816745460033417e-02
1.385213155299425125e-02
1.386255025863647461e-02
1.384966727346181870e-02
1.387298665940761566e-02
1.386074535548686981e-02
1.384111680090427399e-02
1.388532295823097229e-02
1.386206690222024918e-02
1.387430354952812195e-02
1.386746112257242203e-02
1.385686639696359634e-02
1.385329943150281906e-02
1.386236399412155151e-02
1.383469346910715103e-02
1.386271603405475616e-02
1.386881805956363678e-02
1.388928201049566269e-02
1.387948542833328247e-02
1.385560631752014160e-02
1.385822333395481110e-02
1.383532676845788956e-02
1.386192720383405685e-02
1.386743970215320587e-02
1.385092455893754959e-02
1.388543844223022461e-02
1.384160760790109634e-02
1.385228522121906281e-02
1.387652382254600525e-02
1.388919167220592499e-02
1.384303811937570572e-02
1.383490860462188721e-02
1.384330540895462036e-02
1.384694222360849380e-02
1.384769286960363388e-02
1.385851483792066574e-02
1.386943366378545761e-02
1.387826725840568542e-02
1.386671792715787888e-02
1.387323252856731415e-02
1.385676674544811249e-02
1.386545691639184952e-02
1.384886913001537323e-02
1.385837979614734650e-02
1.384447328746318817e-02
1.385260093957185745e-02
1.388511341065168381e-02
1.387782394886016846e-02
1.386835612356662750e-02
1.387589983642101288e-02
1.387573964893817902e-02
1.388943288475275040e-02
1.383932773023843765e-02
1.387520413845777512e-02
1.386024430394172668e-02
1.388529315590858459e-02
1.383980736136436462e-02
1.385227777063846588e-02
1.386762782931327820e-02
1.387431565672159195e-02
1.386862993240356445e-02
1.388368289917707443e-02
1.386735029518604279e-02
1.388195063918828964e-02
1.386845204979181290e-02
1.387252192944288254e-02
1.387910265475511551e-02
1.383838336914777756e-02
1.386744901537895203e-02
1.385795883834362030e-02
1.385808922350406647e-02
1.388450898230075836e-02
1.387249585241079330e-02
1.387261413037776947e-02
1.387427095323801041e-02
1.387151144444942474e-02
1.384398899972438812e-02
1.385603286325931549e-02
1.386291719973087311e-02
1.387050375342369080e-02
1.385403331369161606e-02
1.385812740772962570e-02
1.385062467306852341e-02
1.387496944516897202e-02
1.386603061109781265e-02
1.387286651879549026e-02
1.386354211717844009e-02
1.388254202902317047e-02
1.385387033224105835e-02
1.384690962731838226e-02
1.387933641672134399e-02
1.386241801083087921e-02
1.386841479688882828e-02
