1.171003803610801697e-01
1.846109889447689056e-02
1.490999851375818253e-02
1.436731591820716858e-02
1.451018545776605606e-02
1.451321225613355637e-02
1.430721860378980637e-02
1.442877203226089478e-02
1.484459731727838516e-02
1.432073302567005157e-02
1.456305570900440216e-02
1.472524646669626236e-02
1.457071956247091293e-02
1.506580226123332977e-02
1.503065787255764008e-02
1.480580493807792664e-02
1.445372495800256729e-02
1.538170967251062393e-02
1.498132478445768356e-02
1.486948505043983459e-02
1.496116258203983307e-02
1.482152193784713745e-02
1.463131420314311981e-02
1.506095379590988159e-02
1.481293048709630966e-02
1.462836377322673798e-02
1.455499604344367981e-02
1.511526107788085938e-02
1.457595545798540115e-02
1.462835818529129028e-02
1.467471010982990265e-02
1.453378610312938690e-02
1.440212782472372055e-02
1.496599242091178894e-02
1.458141300827264786e-02
1.477964781224727631e-02
1.511815004050731659e-02
1.473469100892543793e-02
1.467026118189096451e-02
1.434288639575242996e-02
1.443346124142408371e-02
1.452701631933450699e-02
1.504908502101898193e-02
1.464750804007053375e-02
1.456971652805805206e-02
1.431974302977323532e-02
1.443260535597801208e-02
1.463435404002666473e-02
1.495383586734533310e-02
1.440948341041803360e-02
1.457470655441284180e-02
1.477786619216203690e-02
1.482652872800827026e-02
1.504343841224908829e-02
1.440777629613876343e-02
1.466701831668615341e-02
1.461087167263031006e-02
1.456616912037134171e-02
1.431319024413824081e-02
1.413834653794765472e-02
1.443562656641006470e-02
1.490908861160278320e-02
1.448371447622776031e-02
1.420842576771974564e-02
1.500981859862804413e-02
1.480115484446287155e-02
1.458312943577766418e-02
1.449555158615112305e-02
1.483265962451696396e-02
1.436492521315813065e-02
1.433593686670064926e-02
1.435192022472620010e-02
1.429809723049402237e-02
1.439006254076957703e-02
1.422833744436502457e-02
1.438129786401987076e-02
1.442230865359306335e-02
1.422610599547624588e-02
1.442743744701147079e-02
1.504183094948530197e-02
1.433051656931638718e-02
1.453248318284749985e-02
1.456460170447826385e-02
1.452456880360841751e-02
1.448763534426689148e-02
1.407109200954437256e-02
1.437563728541135788e-02
1.423617918044328690e-02
1.461466960608959198e-02
1.424106303602457047e-02
1.474487595260143280e-02
1.427402347326278687e-02
1.412373501807451248e-02
1.456644944846630096e-02
1.426326669752597809e-02
1.418422535061836243e-02
1.437223982065916061e-02
1.460019405931234360e-02
1.436709240078926086e-02
1.422951463609933853e-02
1.447155512869358063e-02
1.431667897850275040e-02
1.445595175027847290e-02
1.409575715661048889e-02
1.448224298655986786e-02
1.412934903055429459e-02
1.435153558850288391e-02
1.419308874756097794e-02
1.431203354150056839e-02
1.405235379934310913e-02
1.414538361132144928e-02
1.442263368517160416e-02
1.412682887166738510e-02
1.447245385497808456e-02
1.427345629781484604e-02
1.443998701870441437e-02
1.427984703332185745e-02
1.425701752305030823e-02
1.453976146876811981e-02
1.411338336765766144e-02
1.426578033715486526e-02
1.429208461195230484e-02
1.404587831348180771e-02
1.425192318856716156e-02
1.411125250160694122e-02
1.437808759510517120e-02
1.409677416086196899e-02
1.413629762828350067e-02
1.407949347048997879e-02
1.419373136013746262e-02
1.424860302358865738e-02
1.423193141818046570e-02
1.422918681055307388e-02
1.423085760325193405e-02
1.419083960354328156e-02
1.422826200723648071e-02
1.425188779830932617e-02
1.446535158902406693e-02
1.402687374502420425e-02
1.464562583714723587e-02
1.430807448923587799e-02
1.408495288342237473e-02
1.400860492140054703e-02
1.436238922178745270e-02
1.416774839162826538e-02
1.483756303787231445e-02
1.411733310669660568e-02
1.421903818845748901e-02
1.408585440367460251e-02
1.458733808249235153e-02
1.407216582447290421e-02
1.396360527724027634e-02
1.411614753305912018e-02
1.421906240284442902e-02
1.409956999123096466e-02
1.419073715806007385e-02
1.418447494506835938e-02
1.441442128270864487e-02
1.402032282203435898e-02
1.405138801783323288e-02
1.399458572268486023e-02
1.417796406894922256e-02
1.416003331542015076e-02
1.419036928564310074e-02
1.420687418431043625e-02
1.427632290869951248e-02
1.427454967051744461e-02
1.415799092501401901e-02
1.414061803370714188e-02
1.408826466649770737e-02
1.426312513649463654e-02
1.424492523074150085e-02
1.404711697250604630e-02
1.412340253591537476e-02
1.406826823949813843e-02
1.431271526962518692e-02
1.404794864356517792e-02
1.416292227804660797e-02
1.419824175536632538e-02
1.395243965089321136e-02
1.407430972903966904e-02
1.414715871214866638e-02
1.439376920461654663e-02
1.443434692919254303e-02
1.405155565589666367e-02
1.408292725682258606e-02
1.414536498486995697e-02
1.408759411424398422e-02
1.397121977061033249e-02
1.417007949203252792e-02
1.409003045409917831e-02
1.398584339767694473e-02
1.402446348220109940e-02
1.407422125339508057e-02
1.405322179198265076e-02
1.406009402126073837e-02
1.407339144498109818e-02
1.404257304966449738e-02
1.400520000606775284e-02
1.399721018970012665e-02
1.420343294739723206e-02
1.399429421871900558e-02
1.406810246407985687e-02
1.413999870419502258e-02
1.398258563131093979e-02
1.410367526113986969e-02
1.394958142191171646e-02
1.398990210145711899e-02
1.431086286902427673e-02
1.400303654372692108e-02
1.404294837266206741e-02
1.409919001162052155e-02
1.404919195920228958e-02
1.397575717419385910e-02
1.403789874166250229e-02
1.408373471349477768e-02
1.402807887643575668e-02
1.409239415079355240e-02
1.399926841259002686e-02
1.410257630050182343e-02
1.396307907998561859e-02
1.398266479372978210e-02
1.398599706590175629e-02
1.424777694046497345e-02
1.404366176575422287e-02
1.405676454305648804e-02
1.405296288430690765e-02
1.401519123464822769e-02
1.397890690714120865e-02
1.393104717135429382e-02
1.397925056517124176e-02
1.398344989866018295e-02
1.409159041941165924e-02
1.417319849133491516e-02
1.411200780421495438e-02
1.409418508410453796e-02
1.391146238893270493e-02
1.403073966503143311e-02
1.398570742458105087e-02
1.400270778685808182e-02
1.413231808692216873e-02
1.398201286792755127e-02
1.408106274902820587e-02
1.403444353491067886e-02
1.413359679281711578e-02
1.405553240329027176e-02
1.407153066247701645e-02
1.401477586477994919e-02
1.414727885276079178e-02
1.413436979055404663e-02
1.406097412109375000e-02
1.406894531100988388e-02
1.393404603004455566e-02
1.407707296311855316e-02
1.390354428440332413e-02
1.396206580102443695e-02
1.405256334692239761e-02
1.401597261428833008e-02
1.394557300955057144e-02
1.402955502271652222e-02
1.405376475304365158e-02
1.400595158338546753e-02
1.405538152903318405e-02
1.396307814866304398e-02
1.400763168931007385e-02
1.408210862427949905e-02
1.412886381149291992e-02
1.399020850658416748e-02
1.415334828197956085e-02
1.410932186990976334e-02
1.404625643044710159e-02
1.396832894533872604e-02
1.398183871060609818e-02
1.395150180906057358e-02
1.400834042578935623e-02
1.401212438941001892e-02
1.401681266725063324e-02
1.398703362792730331e-02
1.394669897854328156e-02
1.404709089547395706e-02
1.400691736489534378e-02
1.396552938967943192e-02
1.394293084740638733e-02
1.390068419277667999e-02
1.407219935208559036e-02
1.399549376219511032e-02
1.392284967005252838e-02
1.397843193262815475e-02
1.410475745797157288e-02
1.404383219778537750e-02
1.405568234622478485e-02
1.399138662964105606e-02
1.408775057643651962e-02
1.399104483425617218e-02
1.396745443344116211e-02
1.402821112424135208e-02
1.397796254605054855e-02
1.400591060519218445e-02
1.410692557692527771e-02
1.390620321035385132e-02
1.397005654871463776e-02
1.410265266895294189e-02
1.391845196485519409e-02
1.398587413132190704e-02
1.397104561328887939e-02
1.391611993312835693e-02
1.398270856589078903e-02
1.407894119620323181e-02
1.393582113087177277e-02
1.406469196081161499e-02
1.393818389624357224e-02
1.409866567701101303e-02
1.402802951633930206e-02
1.404412835836410522e-02
1.398976240307092667e-02
1.403790619224309921e-02
1.400340255349874496e-02
1.412653177976608276e-02
1.387304812669754028e-02
1.392243895679712296e-02
1.410167012363672256e-02
1.403106562793254852e-02
1.390887890011072159e-02
1.396190095692873001e-02
1.402015984058380127e-02
1.386112067848443985e-02
1.401005126535892487e-02
1.396882906556129456e-02
1.394206937402486801e-02
1.399098057299852371e-02
1.396989542990922928e-02
1.387173775583505630e-02
1.397231779992580414e-02
1.396671682596206665e-02
1.389063894748687744e-02
1.391450501978397369e-02
1.408433448523283005e-02
1.399123296141624451e-02
1.400024071335792542e-02
1.393619552254676819e-02
1.393684092909097672e-02
1.388203538954257965e-02
1.399121154099702835e-02
1.403343118727207184e-02
1.395128574222326279e-02
1.386505831032991409e-02
1.404029969125986099e-02
1.423145271837711334e-02
1.387638598680496216e-02
1.391897071152925491e-02
1.392868440598249435e-02
1.395030971616506577e-02
1.401993539184331894e-02
1.392384525388479233e-02
1.388610713183879852e-02
1.393889449536800385e-02
1.394175831228494644e-02
1.393117569386959076e-02
1.385416556149721146e-02
1.404032669961452484e-02
1.396482810378074646e-02
1.399416755884885788e-02
1.403803471475839615e-02
1.395588554441928864e-02
1.401535794138908386e-02
1.388519071042537689e-02
1.402339804917573929e-02
1.401975657790899277e-02
1.395205967128276825e-02
1.404845155775547028e-02
1.412700209766626358e-02
1.388043630868196487e-02
1.391507592052221298e-02
1.403516996651887894e-02
1.394847128540277481e-02
1.394778024405241013e-02
1.399786118417978287e-02
1.392480824142694473e-02
1.399972010403871536e-02
1.393233891576528549e-02
1.391270663589239120e-02
1.409459393471479416e-02
1.403053011745214462e-02
1.412194967269897461e-02
1.405018568038940430e-02
1.393089909106492996e-02
1.397891622036695480e-02
1.398474443703889847e-02
1.398972515016794205e-02
1.403914578258991241e-02
1.403540465980768204e-02
1.395968161523342133e-02
1.388334110379219055e-02
1.396580319851636887e-02
1.401616539806127548e-02
1.391037087887525558e-02
1.387895736843347549e-02
1.389974821358919144e-02
1.395025569945573807e-02
1.393697503954172134e-02
1.387799438089132309e-02
1.392864529043436050e-02
1.392219867557287216e-02
1.406714227050542831e-02
1.401388086378574371e-02
1.398860849440097809e-02
1.397437416017055511e-02
1.391532365232706070e-02
1.397519279271364212e-02
1.394637674093246460e-02
1.391699071973562241e-02
1.392606645822525024e-02
1.392345409840345383e-02
1.394758559763431549e-02
1.399355847388505936e-02
1.399382576346397400e-02
1.404240634292364120e-02
1.402927562594413757e-02
1.389391161501407623e-02
1.393357571214437485e-02
1.392619218677282333e-02
1.405782718211412430e-02
1.387207861989736557e-02
1.391198579221963882e-02
1.396153029054403305e-02
1.391905825585126877e-02
1.405087485909461975e-02
1.386320963501930237e-02
1.387719530612230301e-02
1.397157926112413406e-02
1.397545728832483292e-02
1.394848991185426712e-02
1.394755300134420395e-02
1.408266089856624603e-02
1.408997923135757446e-02
1.389453001320362091e-02
1.381751056760549545e-02
1.395146641880273819e-02
1.398517843335866928e-02
1.392372976988554001e-02
1.386594772338867188e-02
1.397138740867376328e-02
1.388650387525558472e-02
1.389610208570957184e-02
1.394981611520051956e-02
1.398174837231636047e-02
1.397079974412918091e-02
1.400114502757787704e-02
1.400407496839761734e-02
1.393838971853256226e-02
1.398368366062641144e-02
1.395683921873569489e-02
1.391449011862277985e-02
1.387764979153871536e-02
1.393161900341510773e-02
1.398531533777713776e-02
1.392638031393289566e-02
1.389325316995382309e-02
1.390510052442550659e-02
1.391764264553785324e-02
1.388709433376789093e-02
1.401720661669969559e-02
1.389127224683761597e-02
1.383854821324348450e-02
1.388045307248830795e-02
1.391567103564739227e-02
1.394696068018674850e-02
1.400415692478418350e-02
1.395939569920301437e-02
1.394376717507839203e-02
1.398081053048372269e-02
1.388380583375692368e-02
1.398239005357027054e-02
1.412759628146886826e-02
1.391488313674926758e-02
1.387506630271673203e-02
1.392928976565599442e-02
1.387011632323265076e-02
1.398091204464435577e-02
1.402277220040559769e-02
1.387376617640256882e-02
1.399568747729063034e-02
1.388180907815694809e-02
1.393767911940813065e-02
1.401507947593927383e-02
1.397426333278417587e-02
1.389183197170495987e-02
1.388156600296497345e-02
1.400083117187023163e-02
1.390026416629552841e-02
1.396130304783582687e-02
1.392465364187955856e-02
1.390321180224418640e-02
1.394236460328102112e-02
1.388225704431533813e-02
1.390225347131490707e-02
1.391132269054651260e-02
1.389903295785188675e-02
1.401972956955432892e-02
1.398921664804220200e-02
1.393692567944526672e-02
1.396944560110569000e-02
1.403475739061832428e-02
1.406789012253284454e-02
1.390697713941335678e-02
1.399734430015087128e-02
1.390135195106267929e-02
1.394787430763244629e-02
1.395906601101160049e-02
1.389033719897270203e-02
1.400065608322620392e-02
1.391515601426362991e-02
1.391723100095987320e-02
1.396293938159942627e-02
1.395425200462341309e-02
1.395693793892860413e-02
1.391181442886590958e-02
1.393009629100561142e-02
1.386019960045814514e-02
1.392880454659461975e-02
1.398474816232919693e-02
1.399079337716102600e-02
1.392456144094467163e-02
1.392723806202411652e-02
1.391120720654726028e-02
1.389937382191419601e-02
1.398135442286729813e-02
1.381440740078687668e-02
1.399402972310781479e-02
1.389077212661504745e-02
1.393181923776865005e-02
1.390488725155591965e-02
1.393176708370447159e-02
1.390485651791095734e-02
1.391904707998037338e-02
1.391391921788454056e-02
1.394478138536214828e-02
1.395610254257917404e-02
1.391290687024593353e-02
1.391636766493320465e-02
1.393143087625503540e-02
1.395038142800331116e-02
1.389554236084222794e-02
1.394900027662515640e-02
1.391275506466627121e-02
1.396400667726993561e-02
1.391635090112686157e-02
1.394932623952627182e-02
1.411210931837558746e-02
1.391608826816082001e-02
1.396548375487327576e-02
1.385724637657403946e-02
1.388658117502927780e-02
1.391729805618524551e-02
1.387751661241054535e-02
1.391801796853542328e-02
1.394555065780878067e-02
1.396791078150272369e-02
1.385714765638113022e-02
1.385132130235433578e-02
1.401172485202550888e-02
1.391264051198959351e-02
1.386593095958232880e-02
1.390238292515277863e-02
1.403863821178674698e-02
1.403257437050342560e-02
1.392618007957935333e-02
1.386845670640468597e-02
1.387541368603706360e-02
1.402015984058380127e-02
1.401914749294519424e-02
1.395563967525959015e-02
1.394481956958770752e-02
1.388547010719776154e-02
1.392804738134145737e-02
1.392477564513683319e-02
1.399989612400531769e-02
1.395422127097845078e-02
1.392770558595657349e-02
1.398859824985265732e-02
1.392679195851087570e-02
1.393330283463001251e-02
1.391361933201551437e-02
1.396320667117834091e-02
1.383498404175043106e-02
1.396960113197565079e-02
1.383645460009574890e-02
1.393871288746595383e-02
1.394957583397626877e-02
1.399807911366224289e-02
1.395344547927379608e-02
1.393332611769437790e-02
1.398419681936502457e-02
1.389190647751092911e-02
1.395474839955568314e-02
1.394210662692785263e-02
1.383561361581087112e-02
1.401824317872524261e-02
1.386012230068445206e-02
1.388069428503513336e-02
1.389541011303663254e-02
1.390930730849504471e-02
1.390778925269842148e-02
1.385851856321096420e-02
1.395992469042539597e-02
1.389151811599731445e-02
1.397976372390985489e-02
1.391942705959081650e-02
1.392811164259910583e-02
1.397612132132053375e-02
1.399074681103229523e-02
1.384536083787679672e-02
1.392075791954994202e-02
1.394663285464048386e-02
1.395388226956129074e-02
1.387171912938356400e-02
1.390676852315664291e-02
1.383349951356649399e-02
1.391695998609066010e-02
1.391698140650987625e-02
1.387923024594783783e-02
1.402144320309162140e-02
1.392215956002473831e-02
1.397835835814476013e-02
1.402150467038154602e-02
1.399369724094867706e-02
1.397661864757537842e-02
1.390056032687425613e-02
1.386400964111089706e-02
1.396325603127479553e-02
1.388509385287761688e-02
1.396243367344141006e-02
1.397155597805976868e-02
1.400013267993927002e-02
1.397869084030389786e-02
1.387448422610759735e-02
1.391464471817016602e-02
1.389795728027820587e-02
1.396547164767980576e-02
1.390710938721895218e-02
1.393562462180852890e-02
1.401141658425331116e-02
1.388945244252681732e-02
1.390576828271150589e-02
1.401359215378761292e-02
1.391675043851137161e-02
1.389512699097394943e-02
1.399277057498693466e-02
1.389481034129858017e-02
1.397873554378747940e-02
1.393656898289918900e-02
1.385902427136898041e-02
1.396622322499752045e-02
1.399431191384792328e-02
1.390286441892385483e-02
1.393414195626974106e-02
1.388780493289232254e-02
1.403337251394987106e-02
1.398231461644172668e-02
1.395253185182809830e-02
1.387389097362756729e-02
1.385911926627159119e-02
1.394389942288398743e-02
1.391960401087999344e-02
1.395638380199670792e-02
1.389914285391569138e-02
1.394057087600231171e-02
1.384214404970407486e-02
1.384214777499437332e-02
1.388894673436880112e-02
1.392399147152900696e-02
1.393663045018911362e-02
1.392607204616069794e-02
1.392225641757249832e-02
1.394689641892910004e-02
1.384990010410547256e-02
1.386390998959541321e-02
1.389953866600990295e-02
1.393414288759231567e-02
1.391867827624082565e-02
1.389419194310903549e-02
1.408075354993343353e-02
1.393583975732326508e-02
1.390710007399320602e-02
1.389359496533870697e-02
1.397370640188455582e-02
1.398647949099540710e-02
1.387559529393911362e-02
1.386869791895151138e-02
1.401306595653295517e-02
1.392728742212057114e-02
1.394119579344987869e-02
1.393927633762359619e-02
1.388762984424829483e-02
1.389241684228181839e-02
1.393278222531080246e-02
1.388151105493307114e-02
1.394487079232931137e-02
1.386052742600440979e-02
1.388562098145484924e-02
1.390566676855087280e-02
1.394901890307664871e-02
1.392412465065717697e-02
1.388847641646862030e-02
1.387609634548425674e-02
1.397496182471513748e-02
1.396165229380130768e-02
1.389487180858850479e-02
1.389781758189201355e-02
1.394513808190822601e-02
1.388979889452457428e-02
1.394332945346832275e-02
1.388811785727739334e-02
1.387610565871000290e-02
1.387640088796615601e-02
1.394626591354608536e-02
1.403773855417966843e-02
1.401134021580219269e-02
1.397627592086791992e-02
1.389848347753286362e-02
1.389740034937858582e-02
1.388106495141983032e-02
1.389363780617713928e-02
1.385769527405500412e-02
1.388082839548587799e-02
1.393711660057306290e-02
1.385787036269903183e-02
1.397645380347967148e-02
1.396540366113185883e-02
1.387424580752849579e-02
1.398242544382810593e-02
1.385725382715463638e-02
1.394830085337162018e-02
1.390616036951541901e-02
1.389510277658700943e-02
1.393385231494903564e-02
1.387961581349372864e-02
1.392867136746644974e-02
1.391563378274440765e-02
1.384260598570108414e-02
1.384417619556188583e-02
1.388105750083923340e-02
1.388755161315202713e-02
1.391302235424518585e-02
1.391736045479774475e-02
1.388216670602560043e-02
1.390470098704099655e-02
1.386734098196029663e-02
1.390463579446077347e-02
1.384880952537059784e-02
1.389269996434450150e-02
1.386390812695026398e-02
1.387236360460519791e-02
1.388617046177387238e-02
1.387404929846525192e-02
1.390931569039821625e-02
1.390871871262788773e-02
1.395216491073369980e-02
1.389390137046575546e-02
1.390721742063760757e-02
1.394674833863973618e-02
1.387014705687761307e-02
1.397499721497297287e-02
1.395301986485719681e-02
1.391247194260358810e-02
1.385759655386209488e-02
1.385776884853839874e-02
1.389479637145996094e-02
1.389219239354133606e-02
1.399954687803983688e-02
1.392858102917671204e-02
1.394337415695190430e-02
1.386469136923551559e-02
1.387060340493917465e-02
1.389103103429079056e-02
1.391142606735229492e-02
1.393705140799283981e-02
1.391195971518754959e-02
1.391009707003831863e-02
1.388964988291263580e-02
1.396160013973712921e-02
1.395428739488124847e-02
1.393479388207197189e-02
1.388626080006361008e-02
1.386421918869018555e-02
1.389052346348762512e-02
1.391381025314331055e-02
1.389651652425527573e-02
1.387964375317096710e-02
1.386273466050624847e-02
1.390949822962284088e-02
1.393224671483039856e-02
1.391148380935192108e-02
1.393379829823970795e-02
1.387056242674589157e-02
1.389706041663885117e-02
1.390693150460720062e-02
1.390082109719514847e-02
1.388371642678976059e-02
1.384148746728897095e-02
1.390779577195644379e-02
1.392634585499763489e-02
1.384947355836629868e-02
1.392645109444856644e-02
1.394669339060783386e-02
1.389564573764801025e-02
1.387526560574769974e-02
1.386085059493780136e-02
1.401867717504501343e-02
1.390203926712274551e-02
1.386031042784452438e-02
1.395816449075937271e-02
1.387161761522293091e-02
1.386923901736736298e-02
1.385996770113706589e-02
1.389701012521982193e-02
1.386207155883312225e-02
1.387804374098777771e-02
1.393010560423135757e-02
1.387847587466239929e-02
1.388810668140649796e-02
1.383663434535264969e-02
1.392286084592342377e-02
1.392795518040657043e-02
1.391703356057405472e-02
1.386815030127763748e-02
1.389421615749597549e-02
1.387892104685306549e-02
1.396511122584342957e-02
1.390918623656034470e-02
1.393579039722681046e-02
1.383279543370008469e-02
1.393553521484136581e-02
1.388215087354183197e-02
1.389413978904485703e-02
1.390506513416767120e-02
1.395477633923292160e-02
1.388802658766508102e-02
1.391195505857467651e-02
1.394615136086940765e-02
1.393789518624544144e-02
1.389254257082939148e-02
1.387125160545110703e-02
1.395220775157213211e-02
1.392066292464733124e-02
1.383472420275211334e-02
1.389316748827695847e-02
1.383992470800876617e-02
1.393391657620668411e-02
1.387622579932212830e-02
1.390938647091388702e-02
1.390663906931877136e-02
1.385886874049901962e-02
1.391540188342332840e-02
1.387973409146070480e-02
1.385831646621227264e-02
1.389747764915227890e-02
1.387942861765623093e-02
1.389839872717857361e-02
1.391887664794921875e-02
1.390435267239809036e-02
1.395571045577526093e-02
1.386115513741970062e-02
1.398401148617267609e-02
1.389062032103538513e-02
1.388066820800304413e-02
1.390426699072122574e-02
1.388060394674539566e-02
1.388091314584016800e-02
1.390975248068571091e-02
1.392801012843847275e-02
1.386070530861616135e-02
1.388246472924947739e-02
1.391378790140151978e-02
1.386481523513793945e-02
1.397711876779794693e-02
1.392164546996355057e-02
1.389150973409414291e-02
1.389828324317932129e-02
1.390475872904062271e-02
1.392610464245080948e-02
1.387234032154083252e-02
1.393513847142457962e-02
1.391650829464197159e-02
1.387003622949123383e-02
1.391231175512075424e-02
1.384767424315214157e-02
1.386065036058425903e-02
1.389879081398248672e-02
1.388368010520935059e-02
1.387237105518579483e-02
1.397402491420507431e-02
1.394222769886255264e-02
1.390810310840606689e-02
1.388199068605899811e-02
1.389179565012454987e-02
1.388120651245117188e-02
1.389066036790609360e-02
1.389073673635721207e-02
1.386965159326791763e-02
1.394758373498916626e-02
1.392087433487176895e-02
1.387035287916660309e-02
1.383154280483722687e-02
1.389887370169162750e-02
1.384278386831283569e-02
1.404642593115568161e-02
1.384592987596988678e-02
1.381466817110776901e-02
1.387663371860980988e-02
1.396879646927118301e-02
1.392133161425590515e-02
1.388137880712747574e-02
1.390206720679998398e-02
1.391923334449529648e-02
1.386454794555902481e-02
1.388762984424829483e-02
1.389731094241142273e-02
1.391278579831123352e-02
1.388659048825502396e-02
1.388555672019720078e-02
1.398568786680698395e-02
1.393485814332962036e-02
1.386915985494852066e-02
1.390299294143915176e-02
1.384509913623332977e-02
1.387073565274477005e-02
1.392088551074266434e-02
1.390748750418424606e-02
1.390947028994560242e-02
1.388411689549684525e-02
1.384832058101892471e-02
1.388330105692148209e-02
1.392037048935890198e-02
1.395972818136215210e-02
1.388767641037702560e-02
1.387815829366445541e-02
1.394528895616531372e-02
1.394649967551231384e-02
1.378445141017436981e-02
1.387479249387979507e-02
1.386715378612279892e-02
1.392657682299613953e-02
1.384806446731090546e-02
1.380991283804178238e-02
1.394587196409702301e-02
1.385421399027109146e-02
1.394331268966197968e-02
1.385016273707151413e-02
1.389458402991294861e-02
1.392018701881170273e-02
1.384241320192813873e-02
1.384508702903985977e-02
1.393063459545373917e-02
1.393439806997776031e-02
1.392823457717895508e-02
1.390828285366296768e-02
1.387700531631708145e-02
1.387197151780128479e-02
1.392252370715141296e-02
1.390249934047460556e-02
1.386735402047634125e-02
1.387265231460332870e-02
1.388551015406847000e-02
1.387439854443073273e-02
1.387003343552350998e-02
1.387805026024580002e-02
1.393411960452795029e-02
1.389856357127428055e-02
1.392857637256383896e-02
1.390578038990497589e-02
1.395472884178161621e-02
1.388642843812704086e-02
1.391210593283176422e-02
1.386218518018722534e-02
1.387852057814598083e-02
1.390537898987531662e-02
1.390647608786821365e-02
1.388958934694528580e-02
1.385561749339103699e-02
1.388549152761697769e-02
1.391455158591270447e-02
1.390237174928188324e-02
1.387762743979692459e-02
1.385041233152151108e-02
1.391209661960601807e-02
1.395055092871189117e-02
1.388693507760763168e-02
1.390016637742519379e-02
1.388447545468807220e-02
1.385231595486402512e-02
1.388709805905818939e-02
1.385743822902441025e-02
1.388177275657653809e-02
1.396743115037679672e-02
1.390879694372415543e-02
1.390493568032979965e-02
1.390152331441640854e-02
1.388334948569536209e-02
1.404902711510658264e-02
