3.091688454151153564e-01
2.127184420824050903e-01
1.641439795494079590e-01
1.316812634468078613e-01
1.081370189785957336e-01
9.023986756801605225e-02
7.635003328323364258e-02
6.527300179004669189e-02
5.639107152819633484e-02
4.918320104479789734e-02
4.327495768666267395e-02
3.837322443723678589e-02
3.441904112696647644e-02
3.105987422168254852e-02
2.824462205171585083e-02
2.594396471977233887e-02
2.399870008230209351e-02
2.247643657028675079e-02
2.109454199671745300e-02
1.999881118535995483e-02
1.900288276374340057e-02
1.823062263429164886e-02
1.751878298819065094e-02
1.702081970870494843e-02
1.648413203656673431e-02
1.610878109931945801e-02
1.579146645963191986e-02
1.545374467968940735e-02
1.527357380837202072e-02
1.508314348757266998e-02
1.489719282835721970e-02
1.479645259678363800e-02
1.461448334157466888e-02
1.455341745167970657e-02
1.441257819533348083e-02
1.434041280299425125e-02
1.433684397488832474e-02
1.428701635450124741e-02
1.421559229493141174e-02
1.418294012546539307e-02
1.415045652538537979e-02
1.414193492382764816e-02
1.409981679171323776e-02
1.407154742628335953e-02
1.406847406178712845e-02
1.403972227126359940e-02
1.408347114920616150e-02
1.399629656225442886e-02
1.403639744967222214e-02
1.401248760521411896e-02
1.399323251098394394e-02
1.400563307106494904e-02
1.401115860790014267e-02
1.396229024976491928e-02
1.396175846457481384e-02
1.395886205136775970e-02
1.394502259790897369e-02
1.394952647387981415e-02
1.398888137191534042e-02
1.391829364001750946e-02
1.399740669876337051e-02
1.392227597534656525e-02
1.393494289368391037e-02
1.393224950879812241e-02
1.397374644875526428e-02
1.392653863877058029e-02
1.395878009498119354e-02
1.395113114267587662e-02
1.397418230772018433e-02
1.395134814083576202e-02
1.395859755575656891e-02
1.396575476974248886e-02
1.397640816867351532e-02
1.392884552478790283e-02
1.394061464816331863e-02
1.393990404903888702e-02
1.392211299389600754e-02
1.396559737622737885e-02
1.393895316869020462e-02
1.391410082578659058e-02
1.395517494529485703e-02
1.397123467177152634e-02
1.393424812704324722e-02
1.392107922583818436e-02
1.391945220530033112e-02
1.395401824265718460e-02
1.397721376270055771e-02
1.391016878187656403e-02
1.393099129199981689e-02
1.392823457717895508e-02
1.391720306128263474e-02
1.395038049668073654e-02
1.386977173388004303e-02
1.394452713429927826e-02
1.394044701009988785e-02
1.395483314990997314e-02
1.393543649464845657e-02
1.391215808689594269e-02
1.392773538827896118e-02
1.392437703907489777e-02
1.393423508852720261e-02
1.391468942165374756e-02
1.394556742161512375e-02
1.386816240847110748e-02
1.391616184264421463e-02
1.394577324390411377e-02
1.391735114157199860e-02
1.393282506614923477e-02
1.394795440137386322e-02
1.394796092063188553e-02
1.390495616942644119e-02
1.389057748019695282e-02
1.389228738844394684e-02
1.388108637183904648e-02
1.396877225488424301e-02
1.389713585376739502e-02
1.389659103006124496e-02
1.394709944725036621e-02
1.389405317604541779e-02
1.389310881495475769e-02
1.386769860982894897e-02
1.393277850002050400e-02
1.389053091406822205e-02
1.386752631515264511e-02
1.389398146420717239e-02
1.390893850475549698e-02
1.390000339597463608e-02
1.387246046215295792e-02
1.391691248863935471e-02
1.390715409070253372e-02
1.389517448842525482e-02
1.389203686267137527e-02
1.386221777647733688e-02
1.388875395059585571e-02
1.392288226634263992e-02
1.390992756932973862e-02
1.391163375228643417e-02
1.388745475560426712e-02
1.387994829565286636e-02
1.391425635665655136e-02
1.386737544089555740e-02
1.391221955418586731e-02
1.395011879503726959e-02
1.392684783786535263e-02
1.388929132372140884e-02
1.392092555761337280e-02
1.392992213368415833e-02
1.391860283911228180e-02
1.387524139136075974e-02
1.390044018626213074e-02
1.382985897362232208e-02
1.392062753438949585e-02
1.390862651169300079e-02
1.387237571179866791e-02
1.391367800533771515e-02
1.388433016836643219e-02
1.388900168240070343e-02
1.388227101415395737e-02
1.389455609023571014e-02
1.386531069874763489e-02
1.385701354593038559e-02
1.389024220407009125e-02
1.385630294680595398e-02
1.388067100197076797e-02
1.387752685695886612e-02
1.385602913796901703e-02
1.383349951356649399e-02
1.386544015258550644e-02
1.388484891504049301e-02
1.386862155050039291e-02
1.387482881546020508e-02
1.386061031371355057e-02
1.388490572571754456e-02
1.384441740810871124e-02
1.385791879147291183e-02
1.384386233985424042e-02
1.388839632272720337e-02
1.386265177279710770e-02
1.386981364339590073e-02
1.389107853174209595e-02
1.386661361902952194e-02
1.387208700180053711e-02
1.386917755007743835e-02
1.387514639645814896e-02
1.386632956564426422e-02
1.389183662831783295e-02
1.391376368701457977e-02
1.388529781252145767e-02
1.389927417039871216e-02
1.384733989834785461e-02
1.387762092053890228e-02
1.387772057205438614e-02
1.383905392140150070e-02
1.385364495217800140e-02
1.389589905738830566e-02
1.388346776366233826e-02
1.386308390647172928e-02
1.383386086672544479e-02
1.388610992580652237e-02
1.385965663939714432e-02
1.387973781675100327e-02
1.386663969606161118e-02
1.384088769555091858e-02
1.388120837509632111e-02
1.384085044264793396e-02
1.386344805359840393e-02
1.384379155933856964e-02
1.383591815829277039e-02
1.385698933154344559e-02
1.390552520751953125e-02
1.388855930417776108e-02
1.384995970875024796e-02
1.385544519871473312e-02
1.382557023316621780e-02
1.383752468973398209e-02
1.386696100234985352e-02
1.383626088500022888e-02
1.388318929821252823e-02
1.382818073034286499e-02
1.385947316884994507e-02
1.386650744825601578e-02
1.384708378463983536e-02
1.386477146297693253e-02
1.385845523327589035e-02
1.383819244801998138e-02
1.386513840407133102e-02
1.385162677615880966e-02
1.386330556124448776e-02
1.384318247437477112e-02
1.387255266308784485e-02
1.385245658457279205e-02
1.384849566966295242e-02
1.387153938412666321e-02
1.391225308179855347e-02
1.387979462742805481e-02
1.384639088064432144e-02
1.387148816138505936e-02
1.380608137696981430e-02
1.386014278978109360e-02
1.385077182203531265e-02
1.388866826891899109e-02
1.381170097738504410e-02
1.385623868554830551e-02
1.383090484887361526e-02
1.380255632102489471e-02
1.387029141187667847e-02
1.385384052991867065e-02
1.386617217212915421e-02
1.382176484912633896e-02
1.385966315865516663e-02
1.383148320019245148e-02
1.387610286474227905e-02
1.384959369897842407e-02
1.387048978358507156e-02
1.386795006692409515e-02
1.388452760875225067e-02
1.384256407618522644e-02
1.386294234544038773e-02
1.384587865322828293e-02
1.390704140067100525e-02
1.384549308568239212e-02
1.385959517210721970e-02
1.384867262095212936e-02
1.383186969906091690e-02
1.382131222635507584e-02
1.381645631045103073e-02
1.385095529258251190e-02
1.384034007787704468e-02
1.381370145827531815e-02
1.386398822069168091e-02
1.385533437132835388e-02
1.385503169149160385e-02
1.385870296508073807e-02
1.388028543442487717e-02
1.385571528226137161e-02
1.384499110281467438e-02
1.384465023875236511e-02
1.384593732655048370e-02
1.385174132883548737e-02
1.382598839700222015e-02
1.386496052145957947e-02
1.386173628270626068e-02
1.384509261697530746e-02
1.385028567165136337e-02
1.385496649891138077e-02
1.383490581065416336e-02
1.385267823934555054e-02
1.387296803295612335e-02
1.381693314760923386e-02
1.383895985782146454e-02
1.382595486938953400e-02
1.381624303758144379e-02
1.383504364639520645e-02
1.383269671350717545e-02
1.382888946682214737e-02
1.385570969432592392e-02
1.383474748581647873e-02
1.380293443799018860e-02
1.385624147951602936e-02
1.381970103830099106e-02
1.379348989576101303e-02
1.387029886245727539e-02
1.383118145167827606e-02
1.380343548953533173e-02
1.385832484811544418e-02
1.384406443685293198e-02
1.385539118200540543e-02
1.389682479202747345e-02
1.383763458579778671e-02
1.386322360485792160e-02
1.383200660347938538e-02
1.381117291748523712e-02
1.383108645677566528e-02
1.384046021848917007e-02
1.383639965206384659e-02
1.385195367038249969e-02
1.384477969259023666e-02
1.387370936572551727e-02
1.380898524075746536e-02
1.382264122366905212e-02
1.386446505784988403e-02
1.388231664896011353e-02
1.380703877657651901e-02
1.383969560265541077e-02
1.384900324046611786e-02
1.381969731301069260e-02
1.381688565015792847e-02
1.383858453482389450e-02
1.384230423718690872e-02
1.381189282983541489e-02
1.383711490780115128e-02
1.382467243820428848e-02
1.385011710226535797e-02
1.384549494832754135e-02
1.380548439919948578e-02
1.382868178188800812e-02
1.387809962034225464e-02
1.382243540138006210e-02
1.384264696389436722e-02
1.385642681270837784e-02
1.382224820554256439e-02
1.386966276913881302e-02
1.387188863009214401e-02
1.385540235787630081e-02
1.384398248046636581e-02
1.382793951779603958e-02
1.384229306131601334e-02
1.381234172731637955e-02
1.384009048342704773e-02
1.383900456130504608e-02
1.385686639696359634e-02
1.382665056735277176e-02
1.380273420363664627e-02
1.385424844920635223e-02
1.384939998388290405e-02
1.384860463440418243e-02
1.385638304054737091e-02
1.382865570485591888e-02
1.383453793823719025e-02
1.382812857627868652e-02
1.380865182727575302e-02
1.384072285145521164e-02
1.382352132350206375e-02
1.384334918111562729e-02
1.381281763315200806e-02
1.382798980921506882e-02
1.381044834852218628e-02
1.384763605892658234e-02
1.383764203637838364e-02
1.384701393544673920e-02
1.382429711520671844e-02
1.379380095750093460e-02
1.386793516576290131e-02
1.381462160497903824e-02
1.381621230393648148e-02
1.386429276317358017e-02
1.384184416383504868e-02
1.383377797901630402e-02
1.382531318813562393e-02
1.384454220533370972e-02
1.383531931787729263e-02
1.383523922413587570e-02
1.381625514477491379e-02
1.384627446532249451e-02
1.384555455297231674e-02
1.383431628346443176e-02
1.383321173489093781e-02
1.384047418832778931e-02
1.381804235279560089e-02
1.386070530861616135e-02
1.382365543395280838e-02
1.383851002901792526e-02
1.379488501697778702e-02
1.384579297155141830e-02
1.380972284823656082e-02
1.384427491575479507e-02
1.381890848278999329e-02
1.384348422288894653e-02
1.383401174098253250e-02
1.382198650389909744e-02
1.380728092044591904e-02
1.382611226290464401e-02
1.382990181446075439e-02
1.381647028028964996e-02
1.382570900022983551e-02
1.383090764284133911e-02
1.380957290530204773e-02
1.385426055639982224e-02
1.382398605346679688e-02
1.384740322828292847e-02
1.383156329393386841e-02
1.383462082594633102e-02
1.379490550607442856e-02
1.378497108817100525e-02
1.380847766995429993e-02
1.381672266870737076e-02
1.379081327468156815e-02
1.383908186107873917e-02
1.384025067090988159e-02
1.380288414657115936e-02
1.383840665221214294e-02
1.381193939596414566e-02
1.379551459103822708e-02
1.384869217872619629e-02
1.381784211844205856e-02
1.385633554309606552e-02
1.381565351039171219e-02
1.381426025182008743e-02
1.383421197533607483e-02
1.380368694663047791e-02
1.382620073854923248e-02
1.382697932422161102e-02
1.380850840359926224e-02
1.383086480200290680e-02
1.383514516055583954e-02
1.381114497780799866e-02
1.381925959140062332e-02
1.380337867885828018e-02
1.381070539355278015e-02
1.380683854222297668e-02
1.382924988865852356e-02
1.382735464721918106e-02
1.381021644920110703e-02
1.383834332227706909e-02
1.382075715810060501e-02
1.385683286935091019e-02
1.384647469967603683e-02
1.379871368408203125e-02
1.382577978074550629e-02
1.383762992918491364e-02
1.381900813430547714e-02
1.379556767642498016e-02
1.383860222995281219e-02
1.375594921410083771e-02
1.386104058474302292e-02
1.378589402884244919e-02
1.384713221341371536e-02
1.382188498973846436e-02
1.383289229124784470e-02
1.380115747451782227e-02
1.381334196776151657e-02
1.382789947092533112e-02
1.382459234446287155e-02
1.382864080369472504e-02
1.380556821823120117e-02
1.383228879421949387e-02
1.381965726613998413e-02
1.385899074375629425e-02
1.380395889282226562e-02
1.377991214394569397e-02
1.381347700953483582e-02
1.380312629044055939e-02
1.384207792580127716e-02
1.380999758839607239e-02
1.379974931478500366e-02
1.383991725742816925e-02
1.382721588015556335e-02
1.382287126034498215e-02
1.383258774876594543e-02
1.380958873778581619e-02
1.380906533449888229e-02
1.380900107324123383e-02
1.384456362575292587e-02
1.384967844933271408e-02
1.382874790579080582e-02
1.384848915040493011e-02
1.379038486629724503e-02
1.382884383201599121e-02
1.381418295204639435e-02
1.381224673241376877e-02
1.382162515074014664e-02
1.384224556386470795e-02
1.385383494198322296e-02
1.384385954588651657e-02
1.385014783591032028e-02
1.383937895298004150e-02
1.382882241159677505e-02
1.384627725929021835e-02
1.381949894130229950e-02
1.381082180887460709e-02
1.381323765963315964e-02
1.385759562253952026e-02
1.384219992905855179e-02
1.380878873169422150e-02
1.384006347507238388e-02
1.382567826658487320e-02
1.381613221019506454e-02
1.380646601319313049e-02
1.385401468724012375e-02
1.381323393434286118e-02
1.383241359144449234e-02
1.381579507142305374e-02
1.383499056100845337e-02
1.382774580270051956e-02
1.384474243968725204e-02
1.380131952464580536e-02
1.381098572164773941e-02
1.384982932358980179e-02
1.382271666079759598e-02
1.382924057543277740e-02
1.385173201560974121e-02
1.382997538894414902e-02
1.383701711893081665e-02
1.381595805287361145e-02
1.386035606265068054e-02
1.382766850292682648e-02
1.382652111351490021e-02
1.383703015744686127e-02
1.382869947701692581e-02
1.380825974047183990e-02
1.380067598074674606e-02
1.383361499756574631e-02
1.379870716482400894e-02
1.379171013832092285e-02
1.381138339638710022e-02
1.381596550345420837e-02
1.378746144473552704e-02
1.379485242068767548e-02
1.384381484240293503e-02
1.385450828820466995e-02
1.384522672742605209e-02
1.381157897412776947e-02
1.381954085081815720e-02
1.381404977291822433e-02
1.381831336766481400e-02
1.383921131491661072e-02
1.384377293288707733e-02
1.382420584559440613e-02
1.381983142346143723e-02
1.381249260157346725e-02
1.383345853537321091e-02
1.386326551437377930e-02
1.381092052906751633e-02
1.382162515074014664e-02
1.383432839065790176e-02
1.382687781006097794e-02
1.381102204322814941e-02
1.382668409496545792e-02
1.380894146859645844e-02
1.380910538136959076e-02
1.380302663892507553e-02
1.381628587841987610e-02
1.385714020580053329e-02
1.381556876003742218e-02
1.383742783218622208e-02
1.383491326123476028e-02
1.383321639150381088e-02
1.381938066333532333e-02
1.382635813206434250e-02
1.381900254637002945e-02
1.381571032106876373e-02
1.384560856968164444e-02
1.384927984327077866e-02
1.382709294557571411e-02
1.381321437656879425e-02
1.380964089184999466e-02
1.380267646163702011e-02
1.379530970007181168e-02
1.382413227111101151e-02
1.380601897835731506e-02
1.381863467395305634e-02
1.383668649941682816e-02
1.382498629391193390e-02
1.381713151931762695e-02
1.381738111376762390e-02
1.386085525155067444e-02
1.382490899413824081e-02
1.382555533200502396e-02
1.382994931191205978e-02
1.381580438464879990e-02
1.381380762904882431e-02
1.381951756775379181e-02
1.382129080593585968e-02
1.381362974643707275e-02
1.377822179347276688e-02
1.381807029247283936e-02
1.381303090602159500e-02
1.383575052022933960e-02
1.383035723119974136e-02
1.384347956627607346e-02
1.380795519798994064e-02
1.379831694066524506e-02
1.383615285158157349e-02
1.382018346339464188e-02
1.380751561373472214e-02
1.383331511169672012e-02
1.378380693495273590e-02
1.381857041269540787e-02
1.382154040038585663e-02
1.381627656519412994e-02
1.380064710974693298e-02
1.382371224462985992e-02
1.378223951905965805e-02
1.378406118601560593e-02
1.381248980760574341e-02
1.383792050182819366e-02
1.382782682776451111e-02
1.383020635694265366e-02
1.383766066282987595e-02
1.379740610718727112e-02
1.382286660373210907e-02
1.379607710987329483e-02
1.383344549685716629e-02
1.382654905319213867e-02
1.379512529820203781e-02
1.383056212216615677e-02
1.381405536085367203e-02
1.381096709519624710e-02
1.382342912256717682e-02
1.381158176809549332e-02
1.381085626780986786e-02
1.382609922438859940e-02
1.381211727857589722e-02
1.383675634860992432e-02
1.381720416247844696e-02
1.380324363708496094e-02
1.383866462856531143e-02
1.383207645267248154e-02
1.381469983607530594e-02
1.383203081786632538e-02
1.383136026561260223e-02
1.381575968116521835e-02
1.380778942257165909e-02
1.382741611450910568e-02
1.380816474556922913e-02
1.381853781640529633e-02
1.380801387131214142e-02
1.381752267479896545e-02
1.380635704845190048e-02
1.382964663207530975e-02
1.385137811303138733e-02
1.382288336753845215e-02
1.381023507565259933e-02
1.381458155810832977e-02
1.383562106639146805e-02
1.384447421878576279e-02
1.380543597042560577e-02
1.384202577173709869e-02
1.385331898927688599e-02
1.381067000329494476e-02
1.384457573294639587e-02
1.384118478745222092e-02
1.380209159106016159e-02
1.383864227682352066e-02
1.382691320031881332e-02
1.382182072848081589e-02
1.385368220508098602e-02
1.379938703030347824e-02
1.381153333932161331e-02
1.380200870335102081e-02
1.377385668456554413e-02
1.384331751614809036e-02
1.380599197000265121e-02
1.383909117430448532e-02
1.380617357790470123e-02
1.384012121707201004e-02
1.384462881833314896e-02
1.381945144385099411e-02
1.385036483407020569e-02
1.381256990134716034e-02
1.384764444082975388e-02
1.381296385079622269e-02
1.383611001074314117e-02
1.382480934262275696e-02
1.380982249975204468e-02
1.380067225545644760e-02
1.380211021751165390e-02
1.378996483981609344e-02
1.381324976682662964e-02
1.380528323352336884e-02
1.380357425659894943e-02
1.382418163120746613e-02
1.381669659167528152e-02
1.382172759622335434e-02
1.382162049412727356e-02
1.382460724562406540e-02
1.381686422973871231e-02
1.383541896939277649e-02
1.383400894701480865e-02
1.381507050246000290e-02
1.383111998438835144e-02
1.381209585815668106e-02
1.380164828151464462e-02
1.382685638964176178e-02
1.381084974855184555e-02
1.380899827927350998e-02
1.380025222897529602e-02
1.378067396581172943e-02
1.383193954825401306e-02
1.380823459476232529e-02
1.382892951369285583e-02
1.383417192846536636e-02
1.383529976010322571e-02
1.382808666676282883e-02
1.381646562367677689e-02
1.378917694091796875e-02
1.378203090280294418e-02
1.381696294993162155e-02
1.382025331258773804e-02
1.383331976830959320e-02
1.383398100733757019e-02
1.377938780933618546e-02
1.381523720920085907e-02
1.384945679455995560e-02
1.382573042064905167e-02
1.378567609935998917e-02
1.379702053964138031e-02
1.383031718432903290e-02
1.381883583962917328e-02
1.380932144820690155e-02
1.381582487374544144e-02
1.383097842335700989e-02
1.384413894265890121e-02
1.381834689527750015e-02
1.382988039404153824e-02
1.381738390773534775e-02
1.380965020507574081e-02
1.380545366555452347e-02
1.381230168044567108e-02
1.385155972093343735e-02
1.382071617990732193e-02
1.379472948610782623e-02
1.382246054708957672e-02
1.383760478347539902e-02
1.380930747836828232e-02
1.384299341589212418e-02
1.381050888448953629e-02
1.380668487399816513e-02
1.377442572265863419e-02
1.380509231239557266e-02
1.383961271494626999e-02
1.383003871887922287e-02
1.380208693444728851e-02
1.380955055356025696e-02
1.382453646510839462e-02
1.382635161280632019e-02
1.382607314735651016e-02
1.383039448410272598e-02
1.381058339029550552e-02
1.381725352257490158e-02
1.380411256104707718e-02
1.381603255867958069e-02
1.379628293216228485e-02
1.380024570971727371e-02
1.379665546119213104e-02
1.382463797926902771e-02
1.379567570984363556e-02
1.377905532717704773e-02
1.382445078343153000e-02
1.381927728652954102e-02
1.379606965929269791e-02
1.380714308470487595e-02
1.379756350070238113e-02
1.382563915103673935e-02
1.382894814014434814e-02
1.380513422191143036e-02
1.381686702370643616e-02
1.382395997643470764e-02
1.381423976272344589e-02
1.383620966225862503e-02
1.381739228963851929e-02
1.379274111241102219e-02
1.383201405405998230e-02
1.382920052856206894e-02
1.382136531174182892e-02
1.382390316575765610e-02
1.381161622703075409e-02
1.381355710327625275e-02
1.382894627749919891e-02
1.382830552756786346e-02
1.382646523416042328e-02
1.383607275784015656e-02
1.379228290170431137e-02
1.383681409060955048e-02
1.382611226290464401e-02
1.380771491676568985e-02
1.382512692362070084e-02
1.380927953869104385e-02
1.381190400570631027e-02
1.380812004208564758e-02
1.384884025901556015e-02
1.380860619246959686e-02
1.382713299244642258e-02
1.380278822034597397e-02
1.382789760828018188e-02
1.380224525928497314e-02
1.384041365236043930e-02
1.381998416036367416e-02
1.384960580617189407e-02
1.383177842944860458e-02
1.381727680563926697e-02
1.381351426243782043e-02
1.383524294942617416e-02
1.382000092417001724e-02
1.383507903665304184e-02
1.380821503698825836e-02
1.381213776767253876e-02
1.384813524782657623e-02
1.379347965121269226e-02
1.382068544626235962e-02
1.385908015072345734e-02
1.380016375333070755e-02
1.381415221840143204e-02
1.380371302366256714e-02
1.382050383836030960e-02
1.381965912878513336e-02
1.378533802926540375e-02
1.381649542599916458e-02
1.381782069802284241e-02
1.382533647119998932e-02
1.383044943213462830e-02
1.379897817969322205e-02
1.382621377706527710e-02
1.381229236721992493e-02
1.380756590515375137e-02
1.381801161915063858e-02
1.383943855762481689e-02
1.380717568099498749e-02
1.379625592380762100e-02
1.381362136453390121e-02
1.380344945937395096e-02
1.384339481592178345e-02
1.381488610059022903e-02
1.383723597973585129e-02
1.382862497121095657e-02
1.381051726639270782e-02
1.381398458033800125e-02
1.383770816028118134e-02
1.382888387888669968e-02
1.378187164664268494e-02
1.380602270364761353e-02
1.381490193307399750e-02
1.381711382418870926e-02
1.381125580519437790e-02
1.382604613900184631e-02
1.381086092442274094e-02
1.381135731935501099e-02
1.379083469510078430e-02
1.382944080978631973e-02
1.382163725793361664e-02
1.383427809923887253e-02
1.382959913462400436e-02
1.382106170058250427e-02
1.385916396975517273e-02
1.381796132773160934e-02
1.381373126059770584e-02
1.381993293762207031e-02
1.378604862838983536e-02
1.383846066892147064e-02
1.378140412271022797e-02
1.383380871266126633e-02
1.380115654319524765e-02
1.382529363036155701e-02
1.380513701587915421e-02
1.385058276355266571e-02
1.384302414953708649e-02
1.384103670716285706e-02
1.380071137100458145e-02
1.379555091261863708e-02
1.380650885403156281e-02
1.383253373205661774e-02
1.377924066036939621e-02
1.382074691355228424e-02
1.383758522570133209e-02
1.382895279675722122e-02
1.380208507180213928e-02
1.383838802576065063e-02
1.380747556686401367e-02
1.378239691257476807e-02
1.379711367189884186e-02
1.382087264209985733e-02
1.381982024759054184e-02
1.385872717946767807e-02
1.380502805113792419e-02
1.382110361009836197e-02
1.379210222512483597e-02
1.382550224661827087e-02
1.380668114870786667e-02
1.381182018667459488e-02
1.379798725247383118e-02
1.381841208785772324e-02
1.384720765054225922e-02
1.383922807872295380e-02
1.382862869650125504e-02
1.379174273461103439e-02
1.382737513631582260e-02
1.378218736499547958e-02
1.381209120154380798e-02
1.383071113377809525e-02
1.381331402808427811e-02
1.385315321385860443e-02
1.382166054099798203e-02
1.383980177342891693e-02
1.380142103880643845e-02
1.380624156445264816e-02
1.383763551712036133e-02
1.377089228481054306e-02
1.383976824581623077e-02
1.381602138280868530e-02
1.381516736000776291e-02
1.381062809377908707e-02
1.381139457225799561e-02
1.380998268723487854e-02
1.380272861570119858e-02
1.380539126694202423e-02
1.381053961813449860e-02
1.380737964063882828e-02
1.380896754562854767e-02
1.382135879248380661e-02
1.381723675876855850e-02
1.381725165992975235e-02
1.383808348327875137e-02
1.381871942430734634e-02
1.382276136428117752e-02
1.381430123001337051e-02
1.384054962545633316e-02
1.382953859865665436e-02
1.381606701761484146e-02
1.382265426218509674e-02
1.381243392825126648e-02
1.381690148264169693e-02
1.384182088077068329e-02
1.384972315281629562e-02
1.379576697945594788e-02
1.381689961999654770e-02
1.380410511046648026e-02
1.380942575633525848e-02
1.383489649742841721e-02
1.379195228219032288e-02
1.379812788218259811e-02
1.383463200181722641e-02
1.382054388523101807e-02
1.383540406823158264e-02
1.383874379098415375e-02
1.379822473973035812e-02
1.380896288901567459e-02
1.381210237741470337e-02
1.381016429513692856e-02
1.379699259996414185e-02
1.380812935531139374e-02
1.379349268972873688e-02
1.382085401564836502e-02
1.381116081029176712e-02
1.380274724215269089e-02
1.381650287657976151e-02
1.381308678537607193e-02
1.382955908775329590e-02
1.381460297852754593e-02
1.382596697658300400e-02
1.381961442530155182e-02
1.381904538720846176e-02
1.381285116076469421e-02
1.379860006272792816e-02
1.379673276096582413e-02
1.380567252635955811e-02
1.383822504431009293e-02
1.380665041506290436e-02
1.382439862936735153e-02
1.383079402148723602e-02
1.380722317844629288e-02
1.381176058202981949e-02
1.378209237009286880e-02
1.384025346487760544e-02
1.382682844996452332e-02
1.382053457200527191e-02
1.383043732494115829e-02
1.381485257297754288e-02
1.380253955721855164e-02
1.385163515806198120e-02
1.382125727832317352e-02
1.385417487472295761e-02
1.381707005202770233e-02
1.383109390735626221e-02
1.381237246096134186e-02
1.387124229222536087e-02
1.383699942380189896e-02
1.385309454053640366e-02
1.383940596133470535e-02
1.382068824023008347e-02
1.383303385227918625e-02
