3.167021274566650391e-02
1.407359912991523743e-02
1.431811694055795670e-02
1.421368494629859924e-02
1.465761289000511169e-02
1.435910537838935852e-02
1.468735653907060623e-02
1.439908705651760101e-02
1.448913663625717163e-02
1.451181620359420776e-02
1.531499717384576797e-02
1.448474358767271042e-02
1.429312303662300110e-02
1.473156828433275223e-02
1.464275550097227097e-02
1.440123282372951508e-02
1.445383578538894653e-02
1.446259859949350357e-02
1.440517697483301163e-02
1.482546422630548477e-02
1.458716671913862228e-02
1.456254255026578903e-02
1.432511396706104279e-02
1.435275375843048096e-02
1.453954912722110748e-02
1.437646988779306412e-02
1.461017690598964691e-02
1.445543859153985977e-02
1.452304795384407043e-02
1.415782328695058823e-02
1.454594358801841736e-02
1.431111339479684830e-02
1.432771328836679459e-02
1.460910588502883911e-02
1.438807509839534760e-02
1.485699974000453949e-02
1.431671250611543655e-02
1.467294991016387939e-02
1.455795206129550934e-02
1.432042848318815231e-02
1.418801862746477127e-02
1.432097982615232468e-02
1.420235168188810349e-02
1.534703467041254044e-02
1.440681144595146179e-02
1.438829675316810608e-02
1.411554589867591858e-02
1.437419001013040543e-02
1.439609564840793610e-02
1.442121062427759171e-02
1.408101990818977356e-02
1.423843763768672943e-02
1.429922692477703094e-02
1.433324348181486130e-02
1.433473546057939529e-02
1.434206496924161911e-02
1.432035397738218307e-02
1.437780633568763733e-02
1.422996167093515396e-02
1.434539537876844406e-02
1.426311023533344269e-02
1.446147076785564423e-02
1.438848301768302917e-02
1.427846308797597885e-02
1.432532910257577896e-02
1.460437290370464325e-02
1.426163036376237869e-02
1.423572096973657608e-02
1.422942336648702621e-02
1.425949204713106155e-02
1.427287328988313675e-02
1.429485809057950974e-02
1.412858068943023682e-02
1.458712201565504074e-02
1.422948483377695084e-02
1.406084466725587845e-02
1.418996322900056839e-02
1.428745966404676437e-02
1.413956284523010254e-02
1.453172974288463593e-02
1.420953683555126190e-02
1.423535775393247604e-02
1.451469119638204575e-02
1.403463445603847504e-02
1.415102835744619370e-02
1.425794139504432678e-02
1.407553162425756454e-02
1.451146509498357773e-02
1.412683445960283279e-02
1.459454558789730072e-02
1.417796872556209564e-02
1.415350381284952164e-02
1.443215180188417435e-02
1.401303242892026901e-02
1.422545686364173889e-02
1.420553587377071381e-02
1.422957424074411392e-02
1.421051379293203354e-02
1.424830965697765350e-02
1.412124652415513992e-02
1.414576172828674316e-02
1.411784347146749496e-02
1.428207289427518845e-02
1.437978912144899368e-02
1.423344109207391739e-02
1.419520843774080276e-02
1.405948866158723831e-02
1.413735747337341309e-02
1.412939280271530151e-02
1.401518099009990692e-02
1.420453935861587524e-02
1.418211497366428375e-02
1.430729124695062637e-02
1.414003036916255951e-02
1.433013286441564560e-02
1.419479306787252426e-02
1.406214945018291473e-02
1.415294874459505081e-02
1.438868138939142227e-02
1.420270279049873352e-02
1.397547125816345215e-02
1.423268765211105347e-02
1.435102056711912155e-02
1.408641878515481949e-02
1.412514131516218185e-02
1.417232025414705276e-02
1.422881800681352615e-02
1.409782562404870987e-02
1.413853559643030167e-02
1.411461085081100464e-02
1.417335681617259979e-02
1.441274303942918777e-02
1.432853098958730698e-02
1.405579969286918640e-02
1.407822594046592712e-02
1.410245615988969803e-02
1.410338841378688812e-02
1.411917153745889664e-02
1.420945487916469574e-02
1.411859132349491119e-02
1.418879721313714981e-02
1.417239382863044739e-02
1.412109844386577606e-02
1.408531144261360168e-02
1.412890944629907608e-02
1.411744393408298492e-02
1.406935416162014008e-02
1.415192522108554840e-02
1.409812271595001221e-02
1.404714398086071014e-02
1.427977345883846283e-02
1.411068346351385117e-02
1.411880552768707275e-02
1.417151279747486115e-02
1.405807025730609894e-02
1.411752123385667801e-02
1.412404607981443405e-02
1.423069741576910019e-02
1.408686023205518723e-02
1.404847297817468643e-02
1.401308458298444748e-02
1.411641668528318405e-02
1.402184553444385529e-02
1.426897477358579636e-02
1.432467903941869736e-02
1.414309814572334290e-02
1.410548575222492218e-02
1.404103636741638184e-02
1.403759699314832687e-02
1.413921266794204712e-02
1.398393232375383377e-02
1.406787149608135223e-02
1.401641592383384705e-02
1.413004472851753235e-02
1.411206368356943130e-02
1.411240641027688980e-02
1.407324243336915970e-02
1.399635802954435349e-02
1.410663686692714691e-02
1.400376949459314346e-02
1.401403360068798065e-02
1.407928951084613800e-02
1.412444282323122025e-02
1.435474585741758347e-02
1.402709446847438812e-02
1.400814484804868698e-02
1.412958651781082153e-02
1.419494580477476120e-02
1.396133936941623688e-02
1.403453573584556580e-02
1.410126406699419022e-02
1.397864427417516708e-02
1.405333820730447769e-02
1.404179725795984268e-02
1.402455288916826248e-02
1.410255115479230881e-02
1.402632147073745728e-02
1.402513124048709869e-02
1.412416622042655945e-02
1.409586332738399506e-02
1.402317918837070465e-02
1.402342133224010468e-02
1.398025359958410263e-02
1.414174679666757584e-02
1.405997388064861298e-02
1.402337290346622467e-02
1.402599085122346878e-02
1.402789261192083359e-02
1.397842727601528168e-02
1.408565603196620941e-02
1.413229946047067642e-02
1.412926334887742996e-02
1.411353982985019684e-02
1.409300230443477631e-02
1.407053228467702866e-02
1.416644733399152756e-02
1.397179812192916870e-02
1.403630804270505905e-02
1.407946925610303879e-02
1.398121751844882965e-02
1.399911474436521530e-02
1.398967485874891281e-02
1.407317537814378738e-02
1.410504896193742752e-02
1.402208302170038223e-02
1.402985677123069763e-02
1.399922184646129608e-02
1.399347744882106781e-02
1.401052623987197876e-02
1.408279128372669220e-02
1.399049442261457443e-02
1.405203435570001602e-02
1.405844558030366898e-02
1.407754328101873398e-02
1.418180018663406372e-02
1.403693575412034988e-02
1.402276847511529922e-02
1.401888020336627960e-02
1.396117359399795532e-02
1.420833542943000793e-02
1.405240315943956375e-02
1.401818823069334030e-02
1.416781358420848846e-02
1.409045513719320297e-02
1.410043425858020782e-02
1.399035938084125519e-02
1.413992326706647873e-02
1.409173943102359772e-02
1.398406922817230225e-02
1.414973009377717972e-02
1.404803525656461716e-02
1.400489639490842819e-02
1.405632123351097107e-02
1.399689633399248123e-02
1.403495389968156815e-02
1.410300936549901962e-02
1.402215007692575455e-02
1.396559085696935654e-02
1.397483237087726593e-02
1.393262483179569244e-02
1.412688568234443665e-02
1.406784076243638992e-02
1.387137640267610550e-02
1.400083769112825394e-02
1.413547899574041367e-02
1.404218841344118118e-02
1.404434349387884140e-02
1.402497757226228714e-02
1.399262063205242157e-02
1.401412114500999451e-02
1.396273821592330933e-02
1.397420838475227356e-02
1.416770555078983307e-02
1.402497105300426483e-02
1.410508900880813599e-02
1.395148783922195435e-02
1.405659317970275879e-02
1.408686488866806030e-02
1.400786638259887695e-02
1.401421986520290375e-02
1.407883409410715103e-02
1.397065166383981705e-02
1.400364935398101807e-02
1.407734490931034088e-02
1.398515980690717697e-02
1.393422111868858337e-02
1.407029572874307632e-02
1.402515638619661331e-02
1.403723098337650299e-02
1.403826288878917694e-02
1.400689780712127686e-02
1.414613425731658936e-02
1.397228986024856567e-02
1.407212577760219574e-02
1.397255342453718185e-02
1.407942641526460648e-02
1.407308597117662430e-02
1.402750983834266663e-02
1.395762618631124496e-02
1.401238888502120972e-02
1.402834616601467133e-02
1.402195636183023453e-02
1.394604053348302841e-02
1.392811350524425507e-02
1.399775501340627670e-02
1.395921688526868820e-02
1.397216226905584335e-02
1.392471976578235626e-02
1.398372929543256760e-02
1.400708500295877457e-02
1.404409762471914291e-02
1.402113866060972214e-02
1.408094633370637894e-02
1.393647305667400360e-02
1.407958939671516418e-02
1.395796146243810654e-02
1.404123660176992416e-02
1.398956216871738434e-02
1.398723945021629333e-02
1.402665395289659500e-02
1.400092057883739471e-02
1.399902720004320145e-02
1.399120315909385681e-02
1.391853485256433487e-02
1.404757052659988403e-02
1.406668964773416519e-02
1.402327325195074081e-02
1.400290895253419876e-02
1.402647700160741806e-02
1.401449833065271378e-02
1.400974020361900330e-02
1.396306231617927551e-02
1.395831909030675888e-02
1.397366356104612350e-02
1.395725738257169724e-02
1.410614140331745148e-02
1.416406594216823578e-02
1.398966275155544281e-02
1.399934478104114532e-02
1.412870083004236221e-02
1.404650323092937469e-02
1.395839545875787735e-02
1.405495032668113708e-02
1.413129642605781555e-02
1.401123404502868652e-02
1.397007051855325699e-02
1.391497626900672913e-02
1.392959803342819214e-02
1.397158298641443253e-02
1.413160003721714020e-02
1.403961516916751862e-02
1.393200922757387161e-02
1.401416212320327759e-02
1.412427611649036407e-02
1.410595327615737915e-02
1.396623253822326660e-02
1.411288138478994370e-02
1.401132345199584961e-02
1.402126252651214600e-02
1.406507194042205811e-02
1.408099848777055740e-02
1.403046306222677231e-02
1.402360573410987854e-02
1.394290570169687271e-02
1.403705030679702759e-02
1.401366572827100754e-02
1.393781974911689758e-02
1.399093121290206909e-02
1.409746892750263214e-02
1.403842121362686157e-02
1.396110747009515762e-02
1.400621328502893448e-02
1.398510485887527466e-02
1.398778706789016724e-02
1.399794872850179672e-02
1.395551953464746475e-02
1.397608499974012375e-02
1.396328397095203400e-02
1.397409476339817047e-02
1.401626504957675934e-02
1.410716306418180466e-02
1.391793694347143173e-02
1.399084832519292831e-02
1.393512915819883347e-02
1.395869534462690353e-02
1.397288218140602112e-02
1.395654678344726562e-02
1.399353984743356705e-02
1.398623175919055939e-02
1.398214232176542282e-02
1.402249000966548920e-02
1.408089697360992432e-02
1.391577906906604767e-02
1.396870333701372147e-02
1.391184888780117035e-02
1.394365541636943817e-02
1.399205252528190613e-02
1.395424082875251770e-02
1.403113361448049545e-02
1.398970279842615128e-02
1.395409181714057922e-02
1.409325934946537018e-02
1.397295016795396805e-02
1.395806949585676193e-02
1.397610455751419067e-02
1.396590936928987503e-02
1.394631341099739075e-02
1.399195101112127304e-02
1.397135946899652481e-02
1.400232966989278793e-02
1.410595048218965530e-02
1.390836946666240692e-02
1.402423903346061707e-02
1.402173470705747604e-02
1.394735183566808701e-02
1.395171228796243668e-02
1.393670123070478439e-02
1.394379325211048126e-02
1.398395840078592300e-02
1.400496438145637512e-02
1.400631666183471680e-02
1.401278004050254822e-02
1.397770643234252930e-02
1.406421326100826263e-02
1.398223638534545898e-02
1.401030644774436951e-02
1.399561483412981033e-02
1.396080758422613144e-02
1.395082753151655197e-02
1.396718155592679977e-02
1.398222241550683975e-02
1.404014695435762405e-02
1.397173292934894562e-02
1.397108379751443863e-02
1.396724954247474670e-02
1.396779716014862061e-02
1.402537431567907333e-02
1.394538767635822296e-02
1.400550827383995056e-02
1.401005126535892487e-02
1.396606210619211197e-02
1.394945103675127029e-02
1.402957364916801453e-02
1.403036154806613922e-02
1.393200363963842392e-02
1.412406936287879944e-02
1.397479604929685593e-02
1.391535904258489609e-02
1.393452752381563187e-02
1.398858428001403809e-02
1.399345882236957550e-02
1.394685916602611542e-02
1.401619613170623779e-02
1.397537998855113983e-02
1.398625224828720093e-02
1.393273752182722092e-02
1.401671860367059708e-02
1.390766352415084839e-02
1.387432496994733810e-02
1.416166685521602631e-02
1.399191841483116150e-02
1.390602998435497284e-02
1.395014766603708267e-02
1.401521172374486923e-02
1.397583074867725372e-02
1.397110149264335632e-02
1.405426301062107086e-02
1.397171989083290100e-02
1.400165073573589325e-02
1.400415506213903427e-02
1.395863294601440430e-02
1.417058240622282028e-02
1.407152134925127029e-02
1.398268714547157288e-02
1.402585767209529877e-02
1.398595981299877167e-02
1.408588979393243790e-02
1.403225585818290710e-02
1.399769354611635208e-02
1.401810068637132645e-02
1.402951963245868683e-02
1.396852917969226837e-02
1.397787034511566162e-02
1.403029635548591614e-02
1.399289071559906006e-02
1.395707763731479645e-02
1.402773428708314896e-02
1.398161891847848892e-02
1.398466154932975769e-02
1.394984312355518341e-02
1.398014556616544724e-02
1.403668895363807678e-02
1.397035829722881317e-02
1.396848354488611221e-02
1.394183374941349030e-02
1.404312811791896820e-02
1.398675981909036636e-02
1.399066019803285599e-02
1.388979237526655197e-02
1.398090366274118423e-02
1.396989636123180389e-02
1.399407535791397095e-02
1.400383096188306808e-02
1.396178919821977615e-02
1.399274356663227081e-02
1.398930698633193970e-02
1.399782858788967133e-02
1.398081891238689423e-02
1.392570789903402328e-02
1.393366605043411255e-02
1.396989356726408005e-02
1.394925545901060104e-02
1.408492401242256165e-02
1.401325687766075134e-02
1.405789051204919815e-02
1.397804170846939087e-02
1.400910038501024246e-02
1.399852056056261063e-02
1.401835586875677109e-02
1.403049938380718231e-02
1.397717185318470001e-02
1.398224383592605591e-02
1.394655182957649231e-02
1.396008487790822983e-02
1.403709035366773605e-02
1.401881128549575806e-02
1.398224662989377975e-02
1.397049240767955780e-02
1.403864286839962006e-02
1.401092205196619034e-02
1.394494250416755676e-02
1.397422701120376587e-02
1.393951568752527237e-02
1.394741330295801163e-02
1.403572503477334976e-02
1.396691612899303436e-02
1.396327000111341476e-02
1.393708214163780212e-02
1.399892382323741913e-02
1.399543508887290955e-02
1.395443920046091080e-02
1.401030924171209335e-02
1.400434132665395737e-02
1.398705784231424332e-02
1.393512263894081116e-02
1.395675446838140488e-02
1.395231485366821289e-02
1.394812017679214478e-02
1.399918552488088608e-02
1.402493286877870560e-02
1.397040393203496933e-02
1.394583750516176224e-02
1.402506232261657715e-02
1.396238617599010468e-02
1.402845699340105057e-02
1.403785031288862228e-02
1.397012546658515930e-02
1.399381738156080246e-02
1.401165686547756195e-02
1.402618363499641418e-02
1.400318183004856110e-02
1.399222668260335922e-02
1.396834477782249451e-02
1.397667266428470612e-02
1.406777929514646530e-02
1.403124257922172546e-02
1.396069489419460297e-02
1.392641849815845490e-02
1.407815236598253250e-02
1.399415824562311172e-02
1.402856130152940750e-02
1.397088542580604553e-02
1.395221520215272903e-02
1.396394893527030945e-02
1.400582399219274521e-02
1.399768982082605362e-02
1.392118539661169052e-02
1.404915191233158112e-02
1.403199508786201477e-02
1.392985600978136063e-02
1.401395164430141449e-02
1.398933492600917816e-02
1.398291438817977905e-02
1.406807266175746918e-02
1.391671411693096161e-02
1.404849812388420105e-02
1.397020928561687469e-02
1.395225245505571365e-02
1.396207232028245926e-02
1.405559666454792023e-02
1.393209304660558701e-02
1.394040510058403015e-02
1.403058879077434540e-02
1.400494109839200974e-02
1.392276864498853683e-02
1.398561801761388779e-02
1.395537797361612320e-02
1.404268201440572739e-02
1.396838761866092682e-02
1.393911335617303848e-02
1.397647242993116379e-02
1.400635018944740295e-02
1.399629656225442886e-02
1.395714376121759415e-02
1.396394241601228714e-02
1.397696137428283691e-02
1.401716005057096481e-02
1.396122574806213379e-02
1.396644767373800278e-02
1.397809199988842010e-02
1.393708214163780212e-02
1.395616494119167328e-02
1.397701725363731384e-02
1.399398315697908401e-02
1.396033726632595062e-02
1.399090979248285294e-02
1.391594484448432922e-02
1.398092228919267654e-02
1.396169792860746384e-02
1.403353642672300339e-02
1.394638884812593460e-02
1.395713631063699722e-02
1.397790014743804932e-02
1.393719017505645752e-02
1.390529423952102661e-02
1.395522709935903549e-02
1.393793430179357529e-02
1.399726234376430511e-02
1.400346402078866959e-02
1.403036899864673615e-02
1.403623726218938828e-02
1.393000967800617218e-02
1.394409406930208206e-02
1.396085508167743683e-02
1.399962231516838074e-02
1.396265067160129547e-02
1.393173541873693466e-02
1.391354948282241821e-02
1.398035790771245956e-02
1.395278703421354294e-02
1.398420985788106918e-02
1.392168831080198288e-02
1.394599489867687225e-02
1.399239245802164078e-02
1.397643424570560455e-02
1.399538759142160416e-02
1.394899096339941025e-02
1.396001409739255905e-02
1.393115427345037460e-02
1.392435282468795776e-02
1.396232098340988159e-02
1.392569113522768021e-02
1.406301558017730713e-02
1.394192781299352646e-02
1.394646521657705307e-02
1.394457370042800903e-02
1.400544866919517517e-02
1.398564316332340240e-02
1.396836619824171066e-02
1.398318540304899216e-02
1.394001394510269165e-02
1.396956481039524078e-02
1.397484540939331055e-02
1.396322902292013168e-02
1.401198003441095352e-02
1.399856060743331909e-02
1.396697759628295898e-02
1.395405363291501999e-02
1.407739613205194473e-02
1.395846623927354813e-02
1.392143499106168747e-02
1.396752800792455673e-02
1.393599994480609894e-02
1.400459371507167816e-02
1.394151709973812103e-02
1.394364889711141586e-02
1.397814601659774780e-02
1.403955370187759399e-02
1.401383150368928909e-02
1.398665830492973328e-02
1.383572816848754883e-02
1.398019213229417801e-02
1.397131010890007019e-02
1.393951009958982468e-02
1.394251547753810883e-02
1.398830115795135498e-02
1.394085306674242020e-02
1.395779009908437729e-02
1.392086688429117203e-02
1.398967113345861435e-02
1.394409406930208206e-02
1.392827462404966354e-02
1.398015767335891724e-02
1.397775486111640930e-02
1.397275459021329880e-02
1.390129327774047852e-02
1.391782425343990326e-02
1.401381194591522217e-02
1.398640125989913940e-02
1.396257057785987854e-02
1.396748609840869904e-02
1.393371727317571640e-02
1.399572100490331650e-02
1.400831900537014008e-02
1.400478463619947433e-02
1.399984955787658691e-02
1.391471270471811295e-02
1.395204011350870132e-02
1.396866887807846069e-02
1.400453504174947739e-02
1.396613288670778275e-02
1.394939702004194260e-02
1.390417758375406265e-02
1.400434412062168121e-02
1.398835331201553345e-02
1.395439356565475464e-02
1.395848300307989120e-02
1.389013603329658508e-02
1.395068317651748657e-02
1.396121177822351456e-02
1.400210149586200714e-02
1.395986322313547134e-02
1.398595236241817474e-02
1.395181380212306976e-02
1.393541321158409119e-02
1.388218160718679428e-02
1.395565737038850784e-02
1.392079330980777740e-02
1.394437626004219055e-02
1.396400108933448792e-02
1.392004545778036118e-02
1.396932266652584076e-02
1.393695920705795288e-02
1.397575251758098602e-02
1.388722378760576248e-02
1.392948720604181290e-02
1.393374428153038025e-02
1.394661888480186462e-02
1.395754516124725342e-02
1.392518356442451477e-02
1.400580909103155136e-02
1.407895516604185104e-02
1.392154116183519363e-02
1.398539356887340546e-02
1.398450788110494614e-02
1.394422631710767746e-02
1.394758187234401703e-02
1.394380163401365280e-02
1.396653428673744202e-02
1.394544448703527451e-02
1.394516602158546448e-02
1.396788656711578369e-02
1.399202831089496613e-02
1.402965560555458069e-02
1.389387808740139008e-02
1.400841865688562393e-02
1.402752473950386047e-02
1.397429313510656357e-02
1.398188248276710510e-02
1.404406502842903137e-02
1.395339053124189377e-02
1.397908106446266174e-02
1.395661104470491409e-02
1.392762456089258194e-02
1.393531076610088348e-02
1.394593063741922379e-02
1.394128147512674332e-02
1.394425332546234131e-02
1.392197143286466599e-02
1.396936923265457153e-02
1.395332440733909607e-02
1.394869573414325714e-02
1.402087043970823288e-02
1.403968594968318939e-02
1.393783744424581528e-02
1.395392138510942459e-02
1.400799863040447235e-02
1.393302343785762787e-02
1.395552232861518860e-02
1.394879166036844254e-02
1.398265920579433441e-02
1.394583377987146378e-02
1.397317927330732346e-02
1.393309235572814941e-02
1.393623650074005127e-02
1.394254621118307114e-02
1.394754834473133087e-02
1.399384904652833939e-02
1.398153416812419891e-02
1.393235102295875549e-02
1.393588259816169739e-02
1.392904110252857208e-02
1.395799126476049423e-02
1.402634661644697189e-02
1.391529571264982224e-02
1.393089909106492996e-02
1.394091919064521790e-02
1.394352875649929047e-02
1.404780987650156021e-02
1.392053626477718353e-02
1.399270910769701004e-02
1.404438354074954987e-02
1.395579148083925247e-02
1.389366574585437775e-02
1.401103846728801727e-02
1.399029884487390518e-02
1.392199285328388214e-02
1.394846849143505096e-02
1.390887890011072159e-02
1.404045894742012024e-02
1.398535072803497314e-02
1.395598705857992172e-02
1.395372580736875534e-02
1.401469670236110687e-02
1.394855137914419174e-02
1.398918218910694122e-02
1.398247480392456055e-02
1.391839981079101562e-02
1.401611603796482086e-02
1.396893337368965149e-02
1.396751403808593750e-02
1.397162117063999176e-02
1.389984320849180222e-02
1.392552442848682404e-02
1.389682386070489883e-02
1.399954222142696381e-02
1.395267061889171600e-02
1.394819002598524094e-02
1.400164980441331863e-02
1.396396104246377945e-02
1.396805234253406525e-02
1.391826290637254715e-02
1.397877372801303864e-02
1.399430725723505020e-02
1.395445782691240311e-02
1.394923310726881027e-02
1.394581981003284454e-02
1.398143731057643890e-02
1.394625287503004074e-02
1.396004762500524521e-02
1.398832909762859344e-02
1.392079051584005356e-02
1.398837193846702576e-02
1.389884483069181442e-02
1.406428404152393341e-02
1.394445076584815979e-02
1.397798024117946625e-02
1.392310019582509995e-02
1.394365634769201279e-02
1.396391820162534714e-02
1.392175909131765366e-02
1.395776495337486267e-02
1.391595136374235153e-02
1.399721950292587280e-02
1.393030211329460144e-02
1.396498084068298340e-02
1.393527816981077194e-02
1.396401971578598022e-02
1.396467164158821106e-02
1.397705357521772385e-02
1.401787903159856796e-02
1.386331859976053238e-02
1.393477525562047958e-02
1.398007292300462723e-02
1.398770138621330261e-02
1.393598131835460663e-02
1.392281427979469299e-02
1.391622517257928848e-02
1.391207799315452576e-02
1.395724527537822723e-02
1.389905717223882675e-02
1.395821385085582733e-02
1.394507382065057755e-02
1.396152470260858536e-02
1.396143250167369843e-02
1.393737364560365677e-02
1.398511696606874466e-02
1.394024677574634552e-02
1.393361855298280716e-02
1.398463733494281769e-02
1.394649781286716461e-02
1.395511347800493240e-02
1.396251376718282700e-02
1.393272355198860168e-02
1.401346269994974136e-02
1.389115583151578903e-02
1.398012414574623108e-02
1.389044336974620819e-02
1.403235271573066711e-02
1.390993688255548477e-02
1.393749751150608063e-02
1.393575314432382584e-02
1.391243934631347656e-02
1.395045686513185501e-02
1.398834120482206345e-02
1.395851373672485352e-02
1.391049940139055252e-02
1.390924956649541855e-02
1.398448459804058075e-02
1.389243826270103455e-02
1.395921129733324051e-02
1.393985562026500702e-02
1.392711047083139420e-02
1.394280325621366501e-02
1.389929745346307755e-02
1.394348777830600739e-02
1.392689719796180725e-02
1.393485255539417267e-02
1.394881308078765869e-02
1.393003482371568680e-02
1.395876519381999969e-02
1.401914469897747040e-02
1.392615493386983871e-02
1.396417804062366486e-02
1.393007300794124603e-02
1.393407396972179413e-02
1.391041092574596405e-02
1.390824001282453537e-02
1.394141092896461487e-02
1.391325611621141434e-02
1.390779204666614532e-02
1.397665683180093765e-02
1.398127153515815735e-02
1.403512060642242432e-02
1.393441855907440186e-02
1.393921766430139542e-02
1.399877946823835373e-02
1.396787073463201523e-02
1.394881587475538254e-02
1.394148357212543488e-02
1.393055263906717300e-02
1.396646536886692047e-02
1.396856922656297684e-02
1.396598201245069504e-02
1.397406961768865585e-02
1.397042442113161087e-02
1.393263135105371475e-02
1.400372013449668884e-02
1.397315040230751038e-02
1.396004762500524521e-02
1.407710090279579163e-02
1.390398666262626648e-02
1.395744830369949341e-02
1.391042303293943405e-02
1.396891567856073380e-02
1.394323818385601044e-02
1.393171772360801697e-02
1.403655204921960831e-02
1.406132336705923080e-02
1.399170327931642532e-02
1.391019485890865326e-02
1.393774710595607758e-02
1.394322328269481659e-02
1.393192354589700699e-02
1.393599063158035278e-02
1.397587545216083527e-02
1.396231167018413544e-02
1.394073385745286942e-02
1.394946221262216568e-02
1.402391586452722549e-02
1.395567320287227631e-02
1.392597239464521408e-02
1.395857147872447968e-02
1.396117825061082840e-02
1.398124080151319504e-02
1.400594413280487061e-02
1.392392627894878387e-02
1.390725281089544296e-02
1.394595019519329071e-02
1.394964195787906647e-02
1.396499481052160263e-02
1.394824404269456863e-02
1.398418750613927841e-02
1.394650433212518692e-02
1.396130397915840149e-02
1.397076249122619629e-02
1.393737830221652985e-02
1.399665977805852890e-02
1.390228606760501862e-02
1.389684341847896576e-02
1.394964661449193954e-02
1.393988542258739471e-02
1.389126479625701904e-02
1.396748144179582596e-02
1.389673445373773575e-02
1.392858754843473434e-02
1.392035372555255890e-02
1.396896596997976303e-02
1.396928913891315460e-02
1.391390711069107056e-02
1.394405029714107513e-02
1.394786406308412552e-02
1.392897032201290131e-02
1.389466598629951477e-02
1.401911396533250809e-02
1.399790216237306595e-02
1.393164694309234619e-02
1.395800523459911346e-02
1.391075178980827332e-02
1.397342514246702194e-02
