2.514247223734855652e-02
1.605363935232162476e-02
1.592422276735305786e-02
1.569402404129505157e-02
1.550212688744068146e-02
1.535081584006547928e-02
1.657023653388023376e-02
1.547663472592830658e-02
1.465893071144819260e-02
1.492556929588317871e-02
1.436836458742618561e-02
1.479481067508459091e-02
1.483825594186782837e-02
1.498947758227586746e-02
1.546171586960554123e-02
1.518890913575887680e-02
1.558431796729564667e-02
1.451483089476823807e-02
1.491942536085844040e-02
1.562579534947872162e-02
1.493059936910867691e-02
1.461835950613021851e-02
1.522064208984375000e-02
1.456449273973703384e-02
1.507792342454195023e-02
1.526780240237712860e-02
1.496678777039051056e-02
1.457624882459640503e-02
1.511313486844301224e-02
1.509944070130586624e-02
1.500800997018814087e-02
1.486328151077032089e-02
1.495860051363706589e-02
1.500335242599248886e-02
1.478772796690464020e-02
1.485881954431533813e-02
1.513673085719347000e-02
1.477632485330104828e-02
1.441173907369375229e-02
1.507416088134050369e-02
1.490403153002262115e-02
1.453088596463203430e-02
1.474806852638721466e-02
1.482174452394247055e-02
1.490042172372341156e-02
1.497871056199073792e-02
1.470443699508905411e-02
1.460556872189044952e-02
1.529069244861602783e-02
1.434857305139303207e-02
1.458105910569429398e-02
1.489114947617053986e-02
1.477439980953931808e-02
1.484199985861778259e-02
1.457357592880725861e-02
1.466146297752857208e-02
1.428122166544198990e-02
1.488213706761598587e-02
1.447958312928676605e-02
1.586480997502803802e-02
1.449564844369888306e-02
1.496229600161314011e-02
1.466529723256826401e-02
1.434941403567790985e-02
1.450465433299541473e-02
1.418209820985794067e-02
1.435563154518604279e-02
1.492915954440832138e-02
1.479697041213512421e-02
1.434710435569286346e-02
1.436502579599618912e-02
1.502605061978101730e-02
1.469792425632476807e-02
1.487677637487649918e-02
1.426524482667446136e-02
1.449952553957700729e-02
1.471530273556709290e-02
1.443450711667537689e-02
1.425240095704793930e-02
1.429230161011219025e-02
1.444723643362522125e-02
1.449669059365987778e-02
1.434421725571155548e-02
1.475861482322216034e-02
1.466809585690498352e-02
1.452924776822328568e-02
1.435681898146867752e-02
1.428100373595952988e-02
1.454560644924640656e-02
1.464440021663904190e-02
1.470644399523735046e-02
1.461026445031166077e-02
1.425062306225299835e-02
1.482444256544113159e-02
1.450268179178237915e-02
1.452868338674306870e-02
1.504351571202278137e-02
1.442581322044134140e-02
1.438054442405700684e-02
1.428451854735612869e-02
1.425560098141431808e-02
1.438956987112760544e-02
1.467039622366428375e-02
1.419042143970727921e-02
1.416839007288217545e-02
1.422684453427791595e-02
1.440032199025154114e-02
1.454634498804807663e-02
1.434099860489368439e-02
1.421936973929405212e-02
1.417727768421173096e-02
1.423075143247842789e-02
1.419031061232089996e-02
1.408457476645708084e-02
1.434763334691524506e-02
1.438344549387693405e-02
1.454053726047277451e-02
1.487268041819334030e-02
1.425038650631904602e-02
1.447430998086929321e-02
1.453856192529201508e-02
1.456969976425170898e-02
1.405404135584831238e-02
1.409967150539159775e-02
1.417367346584796906e-02
1.417920552194118500e-02
1.443010289222002029e-02
1.422702148556709290e-02
1.416071597486734390e-02
1.415508612990379333e-02
1.411019917577505112e-02
1.408155169337987900e-02
1.427725702524185181e-02
1.415435690432786942e-02
1.438163965940475464e-02
1.427314337342977524e-02
1.401847880333662033e-02
1.437887363135814667e-02
1.442233845591545105e-02
1.451613195240497589e-02
1.409219112247228622e-02
1.453675329685211182e-02
1.411061733961105347e-02
1.438309624791145325e-02
1.433177106082439423e-02
1.410626899451017380e-02
1.421796437352895737e-02
1.408949494361877441e-02
1.409355178475379944e-02
1.405802369117736816e-02
1.429062988609075546e-02
1.410375069826841354e-02
1.421200204640626907e-02
1.422320678830146790e-02
1.425160095095634460e-02
1.427724584937095642e-02
1.415829360485076904e-02
1.401222590357065201e-02
1.421593967825174332e-02
1.409606169909238815e-02
1.414223294705152512e-02
1.421475224196910858e-02
1.401336863636970520e-02
1.410826295614242554e-02
1.405965164303779602e-02
1.429817266762256622e-02
1.407864782959222794e-02
1.399042084813117981e-02
1.417647954076528549e-02
1.403333619236946106e-02
1.402538083493709564e-02
1.410632580518722534e-02
1.437803730368614197e-02
1.414511632174253464e-02
1.408398523926734924e-02
1.404641382396221161e-02
1.420091185718774796e-02
1.406232453882694244e-02
1.404796075075864792e-02
1.402475312352180481e-02
1.389675121754407883e-02
1.410009060055017471e-02
1.437345892190933228e-02
1.423686277121305466e-02
1.409420836716890335e-02
1.404422055929899216e-02
1.410811673849821091e-02
1.436149235814809799e-02
1.434619352221488953e-02
1.391316857188940048e-02
1.405442412942647934e-02
1.402492169290781021e-02
1.412665657699108124e-02
1.421771384775638580e-02
1.407915540039539337e-02
1.395820453763008118e-02
1.406077388674020767e-02
1.416730601340532303e-02
1.404202356934547424e-02
1.395008619874715805e-02
1.411146018654108047e-02
1.407521776854991913e-02
1.410634443163871765e-02
1.394625939428806305e-02
1.401867065578699112e-02
1.407377514988183975e-02
1.402118708938360214e-02
1.411121152341365814e-02
1.409692130982875824e-02
1.414220873266458511e-02
1.408207789063453674e-02
1.398139633238315582e-02
1.399833150207996368e-02
1.391843333840370178e-02
1.412056013941764832e-02
1.393371727317571640e-02
1.425520982593297958e-02
1.395516563206911087e-02
1.411231979727745056e-02
1.387668773531913757e-02
1.418257411569356918e-02
1.399238687008619308e-02
1.417642086744308472e-02
1.424117200076580048e-02
1.396068464964628220e-02
1.394908968359231949e-02
1.411594916135072708e-02
1.395556237548589706e-02
1.401974353939294815e-02
1.419289782643318176e-02
1.398274395614862442e-02
1.408661901950836182e-02
1.397862564772367477e-02
1.400683354586362839e-02
1.381959952414035797e-02
1.390866283327341080e-02
1.409256830811500549e-02
1.404677703976631165e-02
1.398281101137399673e-02
1.415477693080902100e-02
1.400574110448360443e-02
1.443517766892910004e-02
1.417368929833173752e-02
1.395337842404842377e-02
1.407171040773391724e-02
1.407545898109674454e-02
1.390150748193264008e-02
1.402057241648435593e-02
1.395135652273893356e-02
1.406134665012359619e-02
1.405737828463315964e-02
1.398861594498157501e-02
1.400685589760541916e-02
1.404984388500452042e-02
1.387492939829826355e-02
1.410749647766351700e-02
1.400304306298494339e-02
1.404949929565191269e-02
1.394642889499664307e-02
1.395630091428756714e-02
1.402516197413206100e-02
1.400434132665395737e-02
1.393735315650701523e-02
1.403355598449707031e-02
1.395458076149225235e-02
1.409707870334386826e-02
1.395172905176877975e-02
1.402425114065408707e-02
1.397240534424781799e-02
1.413523778319358826e-02
1.395090017467737198e-02
1.407055743038654327e-02
1.393687911331653595e-02
1.404264010488986969e-02
1.392440684139728546e-02
1.396367512643337250e-02
1.392553094774484634e-02
1.395936775952577591e-02
1.402377150952816010e-02
1.404870580881834030e-02
1.406407542526721954e-02
1.401036605238914490e-02
1.394791435450315475e-02
1.391051523387432098e-02
1.410768553614616394e-02
1.399018056690692902e-02
1.398351136595010757e-02
1.401453372091054916e-02
1.404738891869783401e-02
1.395466364920139313e-02
1.387742906808853149e-02
1.394215412437915802e-02
1.393393985927104950e-02
1.393712870776653290e-02
1.388828642666339874e-02
1.393672451376914978e-02
1.405334193259477615e-02
1.394878514111042023e-02
1.388115249574184418e-02
1.396775059401988983e-02
1.403169520199298859e-02
1.414391584694385529e-02
1.395320426672697067e-02
1.394127868115901947e-02
1.401075255125761032e-02
1.387538947165012360e-02
1.393629517406225204e-02
1.394038368016481400e-02
1.402572821825742722e-02
1.395923551172018051e-02
1.398503407835960388e-02
1.412277203053236008e-02
1.389241032302379608e-02
1.394004188477993011e-02
1.388756558299064636e-02
1.402931660413742065e-02
1.399859320372343063e-02
1.389806810766458511e-02
1.392957009375095367e-02
1.400401536375284195e-02
1.393723301589488983e-02
1.387852430343627930e-02
1.390693988651037216e-02
1.396271493285894394e-02
1.399885304272174835e-02
1.389588695019483566e-02
1.396442856639623642e-02
1.394618581980466843e-02
1.390954572707414627e-02
1.393579971045255661e-02
1.399896945804357529e-02
1.399659179151058197e-02
1.403277646750211716e-02
1.386915147304534912e-02
1.390989497303962708e-02
1.394052617251873016e-02
1.400805730372667313e-02
1.390536874532699585e-02
1.388090196996927261e-02
1.398106850683689117e-02
1.386760920286178589e-02
1.395197492092847824e-02
1.401090901345014572e-02
1.393272913992404938e-02
1.394438743591308594e-02
1.402019243687391281e-02
1.396052446216344833e-02
1.390752010047435760e-02
1.386654563248157501e-02
1.404769998043775558e-02
1.391779351979494095e-02
1.411841344088315964e-02
1.392063591629266739e-02
1.410591974854469299e-02
1.386880688369274139e-02
1.384948566555976868e-02
1.387348957359790802e-02
1.383701432496309280e-02
1.389568671584129333e-02
1.391447428613901138e-02
1.392178982496261597e-02
1.391897536814212799e-02
1.394206937402486801e-02
1.394139230251312256e-02
1.401242613792419434e-02
1.395195350050926208e-02
1.399093400686979294e-02
1.394514925777912140e-02
1.387956086546182632e-02
1.393749471753835678e-02
1.395180169492959976e-02
1.387199573218822479e-02
1.398682128638029099e-02
1.396105810999870300e-02
1.392208971083164215e-02
1.398204639554023743e-02
1.394692994654178619e-02
1.389922201633453369e-02
1.403721235692501068e-02
1.386552304029464722e-02
1.405933126807212830e-02
1.393345277756452560e-02
1.385157927870750427e-02
1.385178137570619583e-02
1.384477596729993820e-02
1.389267202466726303e-02
1.396530866622924805e-02
1.392461732029914856e-02
1.393409818410873413e-02
1.393433846533298492e-02
1.393758412450551987e-02
1.395892817527055740e-02
1.401076465845108032e-02
1.403661072254180908e-02
1.404389087110757828e-02
1.394917257130146027e-02
1.393822859972715378e-02
1.388152502477169037e-02
1.396275218576192856e-02
1.388994045555591583e-02
1.391108147799968719e-02
1.380548812448978424e-02
1.390377152711153030e-02
1.397613063454627991e-02
1.392828393727540970e-02
1.389454212039709091e-02
1.393369864672422409e-02
1.385404821485280991e-02
1.395222265273332596e-02
1.400772109627723694e-02
1.390711218118667603e-02
1.387736387550830841e-02
1.385115366429090500e-02
1.389151252806186676e-02
1.393686234951019287e-02
1.388950645923614502e-02
1.393443066626787186e-02
1.394384633749723434e-02
1.400058530271053314e-02
1.391687430441379547e-02
1.392594352364540100e-02
1.396181341260671616e-02
1.383767556399106979e-02
1.389488857239484787e-02
1.388732250779867172e-02
1.393253542482852936e-02
1.390585396438837051e-02
1.386036723852157593e-02
1.391334179788827896e-02
1.392171625047922134e-02
1.387873012572526932e-02
1.387623511254787445e-02
1.393625792115926743e-02
1.392596587538719177e-02
1.395186781883239746e-02
1.390833407640457153e-02
1.380583830177783966e-02
1.385378371924161911e-02
1.392135955393314362e-02
1.380409393459558487e-02
1.384114939719438553e-02
1.384261995553970337e-02
1.396640948951244354e-02
1.383240614086389542e-02
1.385891996324062347e-02
1.386790722608566284e-02
1.391481235623359680e-02
1.391331478953361511e-02
1.384711731225252151e-02
1.386827696114778519e-02
1.391754299402236938e-02
1.385693438351154327e-02
1.392135024070739746e-02
1.393052563071250916e-02
1.413778774440288544e-02
1.381564326584339142e-02
1.391919329762458801e-02
1.381727959960699081e-02
1.380916126072406769e-02
1.384253613650798798e-02
1.390335615724325180e-02
1.387203112244606018e-02
1.391815394163131714e-02
1.389873214066028595e-02
1.393666770309209824e-02
1.386833004653453827e-02
1.384520065039396286e-02
1.398190204054117203e-02
1.396964397281408310e-02
1.391980238258838654e-02
1.395801547914743423e-02
1.386753469705581665e-02
1.390570867806673050e-02
1.393656153231859207e-02
1.389819104224443436e-02
1.384563278406858444e-02
1.385750155895948410e-02
1.391297765076160431e-02
1.390198618173599243e-02
1.387650240212678909e-02
1.396961044520139694e-02
1.384855434298515320e-02
1.390757132321596146e-02
1.395907998085021973e-02
1.386134233325719833e-02
1.387813594192266464e-02
1.393150817602872849e-02
1.390773057937622070e-02
1.386540476232767105e-02
1.379647105932235718e-02
1.385097950696945190e-02
1.390034798532724380e-02
1.387348026037216187e-02
1.389494538307189941e-02
1.391936931759119034e-02
1.391141954809427261e-02
1.394514273852109909e-02
1.402454730123281479e-02
1.389924064278602600e-02
1.382138952612876892e-02
1.389109995216131210e-02
1.389512419700622559e-02
1.388709153980016708e-02
1.384863723069429398e-02
1.383203268051147461e-02
1.392086967825889587e-02
1.386664342135190964e-02
1.394735462963581085e-02
1.389848068356513977e-02
1.397137157618999481e-02
1.385531574487686157e-02
1.389777008444070816e-02
1.392456796020269394e-02
1.384024787694215775e-02
1.398098096251487732e-02
1.386412605643272400e-02
1.391698792576789856e-02
1.384259201586246490e-02
1.383735891431570053e-02
1.399233750998973846e-02
1.392082404345273972e-02
1.386760547757148743e-02
1.386871654540300369e-02
1.393202226608991623e-02
1.390074938535690308e-02
1.397079974412918091e-02
1.386854704469442368e-02
1.390171702951192856e-02
1.383463479578495026e-02
1.387078035622835159e-02
1.382191572338342667e-02
1.390752941370010376e-02
1.379882730543613434e-02
1.390887424349784851e-02
1.393867284059524536e-02
1.385578978806734085e-02
1.390355452895164490e-02
1.386603247374296188e-02
1.388428173959255219e-02
1.388527173548936844e-02
1.388259511440992355e-02
1.383136026561260223e-02
1.389029528945684433e-02
1.385939773172140121e-02
1.385009661316871643e-02
1.386576332151889801e-02
1.394398603588342667e-02
1.383294630795717239e-02
1.387958507984876633e-02
1.394958794116973877e-02
1.388820540159940720e-02
1.384858600795269012e-02
1.397033501416444778e-02
1.393950637429952621e-02
1.392687484622001648e-02
1.385454088449478149e-02
1.382682379335165024e-02
1.390307676047086716e-02
1.389101054519414902e-02
1.387645397335290909e-02
1.399957016110420227e-02
1.394015457481145859e-02
1.388284470885992050e-02
1.383519358932971954e-02
1.388120185583829880e-02
1.389862783253192902e-02
1.383566670119762421e-02
1.385621726512908936e-02
1.389848347753286362e-02
1.390960719436407089e-02
1.383177377283573151e-02
1.388113386929035187e-02
1.389313023537397385e-02
1.384766306728124619e-02
1.388256903737783432e-02
1.401959359645843506e-02
1.380653399974107742e-02
1.387957483530044556e-02
1.395950652658939362e-02
1.391036715358495712e-02
1.385084912180900574e-02
1.391784008592367172e-02
1.391894742846488953e-02
1.384751405566930771e-02
1.390465162694454193e-02
1.388089731335639954e-02
1.391221303492784500e-02
1.386792585253715515e-02
1.383323036134243011e-02
1.387283857911825180e-02
1.381982397288084030e-02
1.388688851147890091e-02
1.386393234133720398e-02
1.391299441456794739e-02
1.388643588870763779e-02
1.387500762939453125e-02
1.395736541599035263e-02
1.384520065039396286e-02
1.399904023855924606e-02
1.388971228152513504e-02
1.382549945265054703e-02
1.390758622437715530e-02
1.382859423756599426e-02
1.393913105130195618e-02
1.385391410440206528e-02
1.391716953366994858e-02
1.389502268284559250e-02
1.385418046265840530e-02
1.381419133394956589e-02
1.389048527926206589e-02
1.389916613698005676e-02
1.392650883644819260e-02
1.390429027378559113e-02
1.388846710324287415e-02
1.384878437966108322e-02
1.391195040196180344e-02
1.387795154005289078e-02
1.385156903415918350e-02
1.388294436037540436e-02
1.383336167782545090e-02
1.386078074574470520e-02
1.389035861939191818e-02
1.390876807272434235e-02
1.387800741940736771e-02
1.384191494435071945e-02
1.385535113513469696e-02
1.386493071913719177e-02
1.389436423778533936e-02
1.390897203236818314e-02
1.385773345828056335e-02
1.385772414505481720e-02
1.383330393582582474e-02
1.385322678834199905e-02
1.380054373294115067e-02
1.390579622238874435e-02
1.385905314236879349e-02
1.383275538682937622e-02
1.387428119778633118e-02
1.399185694754123688e-02
1.384872198104858398e-02
1.385239046066999435e-02
1.388609036803245544e-02
1.393238920718431473e-02
1.381770428270101547e-02
1.386137958616018295e-02
1.388403028249740601e-02
1.390722487121820450e-02
1.389841549098491669e-02
1.385769248008728027e-02
1.391429733484983444e-02
1.394692528992891312e-02
1.384442206472158432e-02
1.384296733886003494e-02
1.389296911656856537e-02
1.384874433279037476e-02
1.388632133603096008e-02
1.384404115378856659e-02
1.387692708522081375e-02
1.380787510424852371e-02
1.383393350988626480e-02
1.385422237217426300e-02
1.386248879134654999e-02
1.388255413621664047e-02
1.388621330261230469e-02
1.386411860585212708e-02
1.385980565100908279e-02
1.406368426978588104e-02
1.387627795338630676e-02
1.384539250284433365e-02
1.383040659129619598e-02
1.386946532875299454e-02
1.384888961911201477e-02
1.384072937071323395e-02
1.390766911208629608e-02
1.386791188269853592e-02
1.392442639917135239e-02
1.389280147850513458e-02
1.388928201049566269e-02
1.390769891440868378e-02
1.383270788937807083e-02
1.389034371823072433e-02
1.389442570507526398e-02
1.382409967482089996e-02
1.385515928268432617e-02
1.393311750143766403e-02
1.387125719338655472e-02
1.390921697020530701e-02
1.380209811031818390e-02
1.385465636849403381e-02
1.385672762989997864e-02
1.390603464096784592e-02
1.385963615030050278e-02
1.388425193727016449e-02
1.386377308517694473e-02
1.389044523239135742e-02
1.386455446481704712e-02
1.383956801146268845e-02
1.392362080514431000e-02
1.389527507126331329e-02
1.385542657226324081e-02
1.387927774339914322e-02
1.388792414218187332e-02
1.385281514376401901e-02
1.385332550853490829e-02
1.382933929562568665e-02
1.384353358298540115e-02
1.385345775634050369e-02
1.391284354031085968e-02
1.401973888278007507e-02
1.385005377233028412e-02
1.383111067116260529e-02
1.382425986230373383e-02
1.387291401624679565e-02
1.381198223680257797e-02
1.386662479490041733e-02
1.386681571602821350e-02
1.386377867311239243e-02
1.382703147828578949e-02
1.400252617895603180e-02
1.381596922874450684e-02
1.382035110145807266e-02
1.381006743758916855e-02
1.393592730164527893e-02
1.384954806417226791e-02
1.384884957224130630e-02
1.395980734378099442e-02
1.389796193689107895e-02
1.383053883910179138e-02
1.380285434424877167e-02
1.384921558201313019e-02
1.382218301296234131e-02
1.386893913149833679e-02
1.383195072412490845e-02
1.385589409619569778e-02
1.391977164894342422e-02
1.385706942528486252e-02
1.379742473363876343e-02
1.387459039688110352e-02
1.396798156201839447e-02
1.390122715383768082e-02
1.383318752050399780e-02
1.387927308678627014e-02
1.391342096030712128e-02
1.382781658321619034e-02
1.382851414382457733e-02
1.389975566416978836e-02
1.385290361940860748e-02
1.384723372757434845e-02
1.388020161539316177e-02
1.391890458762645721e-02
1.378580089658498764e-02
1.388718094676733017e-02
1.398678403347730637e-02
1.380820758640766144e-02
1.385927014052867889e-02
1.383280567824840546e-02
1.386822108179330826e-02
1.396266557276248932e-02
1.387598551809787750e-02
1.380903460085391998e-02
1.384178735315799713e-02
1.391113921999931335e-02
1.386248413473367691e-02
1.390562672168016434e-02
1.388957444578409195e-02
1.383042149245738983e-02
1.383652258664369583e-02
1.379941496998071671e-02
1.381355244666337967e-02
1.382172666490077972e-02
1.385059021413326263e-02
1.382988318800926208e-02
1.390655245631933212e-02
1.389097888022661209e-02
1.385536324232816696e-02
1.386420987546443939e-02
1.389120891690254211e-02
1.387637853622436523e-02
1.384734828025102615e-02
1.387667376548051834e-02
1.385914254933595657e-02
1.381279621273279190e-02
1.388796512037515640e-02
1.380437705665826797e-02
1.389939431101083755e-02
1.383643597364425659e-02
1.380265410989522934e-02
1.388403866440057755e-02
1.387396920472383499e-02
1.383196935057640076e-02
1.385209802538156509e-02
1.384810451418161392e-02
1.387421227991580963e-02
1.397218089550733566e-02
1.388767175376415253e-02
1.391657534986734390e-02
1.388561353087425232e-02
1.392013207077980042e-02
1.383957825601100922e-02
1.384609285742044449e-02
1.387626864016056061e-02
1.389437913894653320e-02
1.390214450657367706e-02
1.386553235352039337e-02
1.390187069773674011e-02
1.381145138293504715e-02
1.380454003810882568e-02
1.382682565599679947e-02
1.382776722311973572e-02
1.390332821756601334e-02
1.385855022817850113e-02
1.388374716043472290e-02
1.383116003125905991e-02
1.392206083983182907e-02
1.387084834277629852e-02
1.379511412233114243e-02
1.381844840943813324e-02
1.387994550168514252e-02
1.386306341737508774e-02
1.385795231908559799e-02
1.381653174757957458e-02
1.379395462572574615e-02
1.384519413113594055e-02
1.392495539039373398e-02
1.382952928543090820e-02
1.390892639756202698e-02
1.385801564902067184e-02
1.381388772279024124e-02
1.388628594577312469e-02
1.398007478564977646e-02
1.386503130197525024e-02
1.385870110243558884e-02
1.379600632935762405e-02
1.388535369187593460e-02
1.386304199695587158e-02
1.382803730666637421e-02
1.386637706309556961e-02
1.381987798959016800e-02
1.390796806663274765e-02
1.389285083860158920e-02
1.389562245458364487e-02
1.390167325735092163e-02
1.386550348252058029e-02
1.383226178586483002e-02
1.388221234083175659e-02
1.387073472142219543e-02
1.384586934000253677e-02
1.387934107333421707e-02
1.387550029903650284e-02
1.382380723953247070e-02
1.382207870483398438e-02
1.390242390334606171e-02
1.383138447999954224e-02
1.384082436561584473e-02
1.378789730370044708e-02
1.386737544089555740e-02
1.393499225378036499e-02
1.392268203198909760e-02
1.381403207778930664e-02
1.383150741457939148e-02
1.387846656143665314e-02
1.385534461587667465e-02
1.386535726487636566e-02
1.388225052505731583e-02
1.380338054150342941e-02
1.384885236620903015e-02
1.385874301195144653e-02
1.384178735315799713e-02
1.390717551112174988e-02
1.385739352554082870e-02
1.386779081076383591e-02
1.392027176916599274e-02
1.382284518331289291e-02
1.383341196924448013e-02
1.384025067090988159e-02
1.376576442271471024e-02
1.384627446532249451e-02
1.384589634835720062e-02
1.384220272302627563e-02
1.388875581324100494e-02
1.384007278829813004e-02
1.383022498339414597e-02
1.381804980337619781e-02
1.386876590549945831e-02
1.383500266820192337e-02
1.385408174246549606e-02
1.387167628854513168e-02
1.387501880526542664e-02
1.389093883335590363e-02
1.384839415550231934e-02
1.389818359166383743e-02
1.380647253245115280e-02
1.383691933006048203e-02
1.383753400295972824e-02
1.393938064575195312e-02
1.375369913876056671e-02
1.402831543236970901e-02
1.384803093969821930e-02
1.386795938014984131e-02
1.381120830774307251e-02
1.382026355713605881e-02
1.387393381446599960e-02
1.387830544263124466e-02
1.386079657822847366e-02
1.385453622788190842e-02
1.386804413050413132e-02
1.387228071689605713e-02
1.398722454905509949e-02
1.388809923082590103e-02
1.391369756311178207e-02
1.390511170029640198e-02
1.384662650525569916e-02
1.386374793946743011e-02
1.380851492285728455e-02
1.391754020005464554e-02
1.382934954017400742e-02
1.389313954859972000e-02
1.386681571602821350e-02
1.382617373019456863e-02
1.388376578688621521e-02
1.377993263304233551e-02
1.381904818117618561e-02
1.391724031418561935e-02
1.384959649294614792e-02
1.393213868141174316e-02
1.392352394759654999e-02
1.383375469595193863e-02
1.384062040597200394e-02
1.380554027855396271e-02
1.393955014646053314e-02
1.384196244180202484e-02
1.383757125586271286e-02
1.384466979652643204e-02
1.387367676943540573e-02
1.385959237813949585e-02
1.384717877954244614e-02
1.391160860657691956e-02
1.386762410402297974e-02
1.388747896999120712e-02
1.385145355015993118e-02
1.396701857447624207e-02
1.383526064455509186e-02
1.392996683716773987e-02
1.383185386657714844e-02
1.385616604238748550e-02
1.388619653880596161e-02
1.385694928467273712e-02
1.387831289321184158e-02
1.384688075631856918e-02
1.381641812622547150e-02
1.389246899634599686e-02
1.383991818875074387e-02
1.383368577808141708e-02
1.385254692286252975e-02
1.384316571056842804e-02
1.384874153882265091e-02
1.386535074561834335e-02
1.385348662734031677e-02
1.383551023900508881e-02
1.388867106288671494e-02
1.388623006641864777e-02
1.387768704444169998e-02
1.390139386057853699e-02
1.388879399746656418e-02
1.393109001219272614e-02
1.378881372511386871e-02
1.387777645140886307e-02
1.386178564280271530e-02
1.384669914841651917e-02
1.387175917625427246e-02
1.382899470627307892e-02
1.384469959884881973e-02
1.390383671969175339e-02
1.387982536107301712e-02
1.384898740798234940e-02
1.382874045521020889e-02
1.384033355861902237e-02
1.384341157972812653e-02
1.382166147232055664e-02
1.383103989064693451e-02
1.388121303170919418e-02
1.381293684244155884e-02
1.386238262057304382e-02
1.385456696152687073e-02
1.381989102810621262e-02
1.389364711940288544e-02
1.383541617542505264e-02
1.401887368410825729e-02
1.381941419094800949e-02
1.385607756674289703e-02
1.380044408142566681e-02
1.396675407886505127e-02
1.392404828220605850e-02
1.386525668203830719e-02
1.384805887937545776e-02
1.389263104647397995e-02
1.387273147702217102e-02
1.379126589745283127e-02
1.389654353260993958e-02
1.390284858644008636e-02
