5.129149556159973145e-02
1.566293090581893921e-02
1.502634771168231964e-02
1.486737933009862900e-02
1.489381305873394012e-02
1.478518173098564148e-02
1.471946947276592255e-02
1.466306671500205994e-02
1.450386829674243927e-02
1.468519400805234909e-02
1.504721958190202713e-02
1.469900086522102356e-02
1.505890209227800369e-02
1.496847253292798996e-02
1.473159622400999069e-02
1.486151572316884995e-02
1.462471112608909607e-02
1.470183394849300385e-02
1.444425247609615326e-02
1.442467793822288513e-02
1.452237367630004883e-02
1.461954135447740555e-02
1.468893978744745255e-02
1.433511544018983841e-02
1.434761751443147659e-02
1.496973354369401932e-02
1.494043692946434021e-02
1.513947825878858566e-02
1.456566154956817627e-02
1.441312581300735474e-02
1.479364093393087387e-02
1.429416425526142120e-02
1.439288537949323654e-02
1.437253039330244064e-02
1.468100119382143021e-02
1.429593469947576523e-02
1.449778489768505096e-02
1.466568838804960251e-02
1.424343977123498917e-02
1.431484334170818329e-02
1.472050789743661880e-02
1.437186542898416519e-02
1.473275758326053619e-02
1.490888278931379318e-02
1.448766607791185379e-02
1.440538931638002396e-02
1.442542672157287598e-02
1.460739225149154663e-02
1.418858952820301056e-02
1.420294865965843201e-02
1.448317803442478180e-02
1.425772067159414291e-02
1.444334071129560471e-02
1.489298138767480850e-02
1.435847859829664230e-02
1.422252319753170013e-02
1.473220717161893845e-02
1.424942910671234131e-02
1.428109779953956604e-02
1.449465099722146988e-02
1.420228742063045502e-02
1.444381568580865860e-02
1.449083536863327026e-02
1.441478729248046875e-02
1.455188263207674026e-02
1.438949350267648697e-02
1.423940062522888184e-02
1.446139439940452576e-02
1.465807296335697174e-02
1.412630360573530197e-02
1.417072955518960953e-02
1.432589720934629440e-02
1.470962353050708771e-02
1.438350789248943329e-02
1.448528189212083817e-02
1.436669752001762390e-02
1.430490519851446152e-02
1.427925005555152893e-02
1.405889913439750671e-02
1.449398230761289597e-02
1.434742379933595657e-02
1.428346056491136551e-02
1.436017360538244247e-02
1.456458494067192078e-02
1.421063672751188278e-02
1.426633540540933609e-02
1.434245705604553223e-02
1.428114343434572220e-02
1.430883072316646576e-02
1.406707148998975754e-02
1.424016058444976807e-02
1.452473085373640060e-02
1.407779380679130554e-02
1.425723452121019363e-02
1.445741485804319382e-02
1.409064233303070068e-02
1.419919542968273163e-02
1.413930114358663559e-02
1.460020337253808975e-02
1.419243682175874710e-02
1.415373012423515320e-02
1.408836431801319122e-02
1.434252690523862839e-02
1.434106845408678055e-02
1.420436054468154907e-02
1.432959362864494324e-02
1.412026956677436829e-02
1.403339486569166183e-02
1.401985716074705124e-02
1.408651750534772873e-02
1.417636219412088394e-02
1.416846551001071930e-02
1.421287003904581070e-02
1.411688979715108871e-02
1.420189067721366882e-02
1.413993258029222488e-02
1.415854413062334061e-02
1.421739254146814346e-02
1.412989571690559387e-02
1.441319100558757782e-02
1.432782411575317383e-02
1.421322021633386612e-02
1.399216521531343460e-02
1.411694101989269257e-02
1.417212653905153275e-02
1.402032468467950821e-02
1.400500908493995667e-02
1.432702597230672836e-02
1.405347418040037155e-02
1.417169440537691116e-02
1.411431655287742615e-02
1.420185621827840805e-02
1.400388311594724655e-02
1.416773349046707153e-02
1.396540086716413498e-02
1.424428261816501617e-02
1.414621528238058090e-02
1.407739613205194473e-02
1.413377001881599426e-02
1.405792590230703354e-02
1.397284958511590958e-02
1.406701002269983292e-02
1.405899878591299057e-02
1.393490564078092575e-02
1.410988811403512955e-02
1.430837996304035187e-02
1.398664247244596481e-02
1.433860883116722107e-02
1.420608349144458771e-02
1.401325035840272903e-02
1.415265258401632309e-02
1.408007554709911346e-02
1.407464686781167984e-02
1.406137272715568542e-02
1.414791122078895569e-02
1.413303799927234650e-02
1.409316528588533401e-02
1.416646316647529602e-02
1.399264018982648849e-02
1.406721305102109909e-02
1.417081244289875031e-02
1.407013740390539169e-02
1.396878808736801147e-02
1.401818450540304184e-02
1.398998964577913284e-02
1.399565674364566803e-02
1.419431623071432114e-02
1.396050304174423218e-02
1.402543112635612488e-02
1.408573612570762634e-02
1.423722878098487854e-02
1.401582546532154083e-02
1.425905805081129074e-02
1.395725086331367493e-02
1.403634808957576752e-02
1.415059156715869904e-02
1.405977271497249603e-02
1.410510484129190445e-02
1.400948222726583481e-02
1.405111700296401978e-02
1.412543281912803650e-02
1.410864572972059250e-02
1.404895354062318802e-02
1.392546296119689941e-02
1.398339774459600449e-02
1.402737665921449661e-02
1.419494953006505966e-02
1.395542733371257782e-02
1.401667576283216476e-02
1.411757618188858032e-02
1.407162100076675415e-02
1.415211427956819534e-02
1.408502086997032166e-02
1.400385238230228424e-02
1.390406396239995956e-02
1.396734919399023056e-02
1.403391733765602112e-02
1.398275140672922134e-02
1.403146423399448395e-02
1.406325679272413254e-02
1.397088915109634399e-02
1.406240463256835938e-02
1.402875222265720367e-02
1.445247139781713486e-02
1.401397306472063065e-02
1.402003038674592972e-02
1.422971300780773163e-02
1.398135162889957428e-02
1.397820562124252319e-02
1.406787149608135223e-02
1.389539148658514023e-02
1.404692698270082474e-02
1.403489615768194199e-02
1.403198577463626862e-02
1.401943713426589966e-02
1.405418477952480316e-02
1.402946561574935913e-02
1.399341970682144165e-02
1.415506191551685333e-02
1.391815207898616791e-02
1.414284575730562210e-02
1.403622142970561981e-02
1.399295870214700699e-02
1.396185625344514847e-02
1.397904101759195328e-02
1.402022130787372589e-02
1.402863115072250366e-02
1.399933267384767532e-02
1.410482730716466904e-02
1.404634024947881699e-02
1.397379860281944275e-02
1.397883333265781403e-02
1.402816642075777054e-02
1.417107228189706802e-02
1.400327961891889572e-02
1.408694777637720108e-02
1.393030863255262375e-02
1.403997186571359634e-02
1.400956511497497559e-02
1.412131078541278839e-02
1.396215148270130157e-02
1.393184624612331390e-02
1.402139943093061447e-02
1.399284601211547852e-02
1.396019570529460907e-02
1.407937984913587570e-02
1.404886227101087570e-02
1.401069108396768570e-02
1.397443003952503204e-02
1.405882183462381363e-02
1.398608461022377014e-02
1.402170304208993912e-02
1.394163537770509720e-02
1.404713373631238937e-02
1.400313805788755417e-02
1.406909711658954620e-02
1.396242529153823853e-02
1.396932452917098999e-02
1.411673612892627716e-02
1.388928014785051346e-02
1.400152035057544708e-02
1.399171538650989532e-02
1.397543586790561676e-02
1.408033352345228195e-02
1.392394769936800003e-02
1.399936992675065994e-02
1.410571951419115067e-02
1.401409599930047989e-02
1.401557587087154388e-02
1.394352409988641739e-02
1.393137592822313309e-02
1.396369747817516327e-02
1.394422259181737900e-02
1.406558603048324585e-02
1.394689641892910004e-02
1.402022410184144974e-02
1.396049652248620987e-02
1.396489609032869339e-02
1.399893313646316528e-02
1.404273323714733124e-02
1.391842868179082870e-02
1.388115435838699341e-02
1.403316110372543335e-02
1.400986034423112869e-02
1.406377088278532028e-02
1.398642174899578094e-02
1.398840919137001038e-02
1.396153029054403305e-02
1.399808377027511597e-02
1.393289677798748016e-02
1.403380837291479111e-02
1.398877147585153580e-02
1.396966725587844849e-02
1.392516307532787323e-02
1.424992177635431290e-02
1.396443881094455719e-02
1.399839483201503754e-02
1.396205369383096695e-02
1.403860934078693390e-02
1.386209577322006226e-02
1.396766677498817444e-02
1.395445223897695541e-02
1.396670844405889511e-02
1.398588344454765320e-02
1.393282972276210785e-02
1.396316383033990860e-02
1.410527806729078293e-02
1.418308261781930923e-02
1.396176870912313461e-02
1.386501826345920563e-02
1.397977303713560104e-02
1.404019631445407867e-02
1.400014944374561310e-02
1.398442592471837997e-02
1.399889308959245682e-02
1.391222886741161346e-02
1.405970007181167603e-02
1.407199073582887650e-02
1.397425774484872818e-02
1.399059314280748367e-02
1.385691203176975250e-02
1.394458580762147903e-02
1.399506907910108566e-02
1.394415646791458130e-02
1.415229309350252151e-02
1.405740901827812195e-02
1.418992038816213608e-02
1.396402809768915176e-02
1.397076901048421860e-02
1.396207232028245926e-02
1.394777279347181320e-02
1.391665823757648468e-02
1.407513581216335297e-02
1.396596990525722504e-02
1.394853461533784866e-02
1.399533357471227646e-02
1.394374482333660126e-02
1.396685559302568436e-02
1.388735882937908173e-02
1.399096846580505371e-02
1.395821105688810349e-02
1.420075818896293640e-02
1.389558520168066025e-02
1.388916373252868652e-02
1.390755735337734222e-02
1.404443848878145218e-02
1.395551767200231552e-02
1.397504471242427826e-02
1.396127510815858841e-02
1.393287722021341324e-02
1.401182729750871658e-02
1.395919267088174820e-02
1.395928207784891129e-02
1.391027774661779404e-02
1.386685203760862350e-02
1.387568470090627670e-02
1.409451849758625031e-02
1.403057947754859924e-02
1.392755936831235886e-02
1.400719489902257919e-02
1.396664232015609741e-02
1.396921649575233459e-02
1.400450244545936584e-02
1.390810124576091766e-02
1.399436313658952713e-02
1.399277523159980774e-02
1.385830249637365341e-02
1.393662299960851669e-02
1.390467491000890732e-02
1.393761020153760910e-02
1.398717053234577179e-02
1.395553350448608398e-02
1.404590904712677002e-02
1.393675152212381363e-02
1.394470408558845520e-02
1.387700717896223068e-02
1.399800367653369904e-02
1.393569540232419968e-02
1.395418215543031693e-02
1.397985778748989105e-02
1.395531650632619858e-02
1.393413264304399490e-02
1.399498619139194489e-02
1.398576609790325165e-02
1.392817776650190353e-02
1.395871676504611969e-02
1.401300914585590363e-02
1.399130653589963913e-02
1.393636874854564667e-02
1.392542663961648941e-02
1.394881866872310638e-02
1.399334892630577087e-02
1.387328468263149261e-02
1.391252689063549042e-02
1.409036759287118912e-02
1.387597061693668365e-02
1.388830039650201797e-02
1.386357005685567856e-02
1.393330469727516174e-02
1.391177624464035034e-02
1.405420340597629547e-02
1.398664433509111404e-02
1.393887493759393692e-02
1.392224337905645370e-02
1.393168978393077850e-02
1.396778505295515060e-02
1.397036295384168625e-02
1.390891522169113159e-02
1.400052011013031006e-02
1.391817536205053329e-02
1.394614577293395996e-02
1.393423043191432953e-02
1.406247541308403015e-02
1.397032756358385086e-02
1.395930349826812744e-02
1.385950762778520584e-02
1.396496407687664032e-02
1.391050592064857483e-02
1.392252184450626373e-02
1.396323181688785553e-02
1.391600631177425385e-02
1.386952586472034454e-02
1.383274327963590622e-02
1.402075029909610748e-02
1.386075187474489212e-02
1.393669843673706055e-02
1.395215373486280441e-02
1.385656651109457016e-02
1.394869014620780945e-02
1.386225875467061996e-02
1.397852133959531784e-02
1.392125803977251053e-02
1.394314598292112350e-02
1.387312635779380798e-02
1.400096621364355087e-02
1.387540437281131744e-02
1.400895696133375168e-02
1.395485457032918930e-02
1.387783512473106384e-02
1.391990762203931808e-02
1.396298594772815704e-02
1.388006098568439484e-02
1.392878219485282898e-02
1.390974596142768860e-02
1.399375870823860168e-02
1.391688920557498932e-02
1.389479450881481171e-02
1.397127471864223480e-02
1.396035496145486832e-02
1.390841975808143616e-02
1.392777077853679657e-02
1.391437742859125137e-02
1.403751410543918610e-02
1.395006757229566574e-02
1.388498116284608841e-02
1.397804729640483856e-02
1.378287374973297119e-02
1.397349126636981964e-02
1.394004188477993011e-02
1.389601919800043106e-02
1.399509049952030182e-02
1.389920059591531754e-02
1.402382366359233856e-02
1.401634514331817627e-02
1.388042792677879333e-02
1.388779003173112869e-02
1.393299829214811325e-02
1.390908472239971161e-02
1.388587057590484619e-02
1.388776488602161407e-02
1.387991569936275482e-02
1.389825902879238129e-02
1.388668734580278397e-02
1.390955224633216858e-02
1.390144787728786469e-02
1.396441273391246796e-02
1.387505419552326202e-02
1.391812786459922791e-02
1.393702439963817596e-02
1.388381794095039368e-02
1.394920982420444489e-02
1.391241978853940964e-02
1.383637636899948120e-02
1.385976281017065048e-02
1.400279998779296875e-02
1.399104855954647064e-02
1.405952498316764832e-02
1.401890162378549576e-02
1.397872716188430786e-02
1.387438271194696426e-02
1.393875014036893845e-02
1.389296259731054306e-02
1.386908534914255142e-02
1.396700926125049591e-02
1.397761236876249313e-02
1.391109172254800797e-02
1.402829866856336594e-02
1.392090972512960434e-02
1.390530820935964584e-02
1.392418984323740005e-02
1.391508150845766068e-02
1.394215133041143417e-02
1.393469981849193573e-02
1.400710362941026688e-02
1.393796596676111221e-02
1.390442065894603729e-02
1.395397819578647614e-02
1.389706227928400040e-02
1.398372463881969452e-02
1.398226246237754822e-02
1.388876233249902725e-02
1.390302088111639023e-02
1.395507901906967163e-02
1.385618187487125397e-02
1.392998732626438141e-02
1.391209661960601807e-02
1.393923629075288773e-02
1.391213294118642807e-02
1.387156546115875244e-02
1.381985284388065338e-02
1.391822751611471176e-02
1.392788719385862350e-02
1.390718668699264526e-02
1.389072183519601822e-02
1.396609097719192505e-02
1.393202040344476700e-02
1.400811877101659775e-02
1.392907369881868362e-02
1.396431121975183487e-02
1.392051670700311661e-02
1.393361110240221024e-02
1.397028565406799316e-02
1.398816239088773727e-02
1.392834261059761047e-02
1.390597596764564514e-02
1.394680049270391464e-02
1.390502881258726120e-02
1.394581608474254608e-02
1.395696494728326797e-02
1.390252262353897095e-02
1.385232061147689819e-02
1.393944676965475082e-02
1.391892414540052414e-02
1.383219379931688309e-02
1.396386884152889252e-02
1.395075395703315735e-02
1.402724161744117737e-02
1.395490579307079315e-02
1.390297058969736099e-02
1.390079408884048462e-02
1.385117229074239731e-02
1.388288754969835281e-02
1.390544790774583817e-02
1.393168978393077850e-02
1.390859205275774002e-02
1.393667515367269516e-02
1.398617681115865707e-02
1.383366156369447708e-02
1.388308499008417130e-02
1.388998143374919891e-02
1.398913748562335968e-02
1.395328249782323837e-02
1.386668719351291656e-02
1.384171843528747559e-02
1.391088776290416718e-02
1.397738140076398849e-02
1.394035108387470245e-02
1.400850061327219009e-02
1.392076816409826279e-02
1.397258974611759186e-02
1.387321390211582184e-02
1.390742324292659760e-02
1.398147735744714737e-02
1.389391347765922546e-02
1.383933983743190765e-02
1.380390208214521408e-02
1.395548228174448013e-02
1.385764591395854950e-02
1.386313606053590775e-02
1.394187379628419876e-02
1.386605855077505112e-02
1.389916986227035522e-02
1.384353637695312500e-02
1.393585093319416046e-02
1.398681197315454483e-02
1.390744838863611221e-02
1.391420979052782059e-02
1.391361001878976822e-02
1.396317034959793091e-02
1.390113495290279388e-02
1.397517696022987366e-02
1.396085973829030991e-02
1.392242033034563065e-02
1.390531100332736969e-02
1.386393420398235321e-02
1.387546025216579437e-02
1.389975659549236298e-02
1.402738597244024277e-02
1.385672297328710556e-02
1.384508796036243439e-02
1.387296337634325027e-02
1.393763348460197449e-02
1.395537611097097397e-02
1.385616604238748550e-02
1.389164198189973831e-02
1.394354272633790970e-02
1.399336475878953934e-02
1.389343477785587311e-02
1.397888455539941788e-02
1.385564170777797699e-02
1.390175800770521164e-02
1.393928844481706619e-02
1.388110499829053879e-02
1.390850916504859924e-02
1.389008760452270508e-02
1.386430766433477402e-02
1.385887805372476578e-02
1.392657402902841568e-02
1.391483750194311142e-02
1.391281466931104660e-02
1.395346131175756454e-02
1.388595625758171082e-02
1.395556051284074783e-02
1.395472884178161621e-02
1.381993945688009262e-02
1.395128760486841202e-02
1.394949574023485184e-02
1.390189491212368011e-02
1.395438984036445618e-02
1.400727871805429459e-02
1.398978382349014282e-02
1.394725032150745392e-02
1.390207186341285706e-02
1.394790224730968475e-02
1.387247070670127869e-02
1.389591116458177567e-02
1.381651498377323151e-02
1.385867688804864883e-02
1.393343973904848099e-02
1.386696007102727890e-02
1.404158398509025574e-02
1.392545085400342941e-02
1.395199541002511978e-02
1.393911149352788925e-02
1.392425410449504852e-02
1.387053448706865311e-02
1.391539070755243301e-02
1.390848588198423386e-02
1.397332176566123962e-02
1.392474025487899780e-02
1.392322964966297150e-02
1.391804590821266174e-02
1.388510409742593765e-02
1.388702355325222015e-02
1.389393303543329239e-02
1.389728859066963196e-02
1.385558769106864929e-02
1.401403173804283142e-02
1.393099129199981689e-02
1.391434390097856522e-02
1.390734035521745682e-02
1.389707624912261963e-02
1.385518349707126617e-02
1.384240388870239258e-02
1.399224158376455307e-02
1.398602593690156937e-02
1.388679351657629013e-02
1.389760337769985199e-02
1.392130367457866669e-02
1.386701874434947968e-02
1.385333109647035599e-02
1.388567686080932617e-02
1.389229111373424530e-02
1.390909403562545776e-02
1.388690900057554245e-02
1.387320365756750107e-02
1.394060812890529633e-02
1.383832190185785294e-02
1.391533110290765762e-02
1.389793306589126587e-02
1.387851592153310776e-02
1.390744466334581375e-02
1.393514126539230347e-02
1.394390873610973358e-02
1.395072601735591888e-02
1.386839058250188828e-02
1.388636603951454163e-02
1.389187201857566833e-02
1.390899997204542160e-02
1.389687135815620422e-02
1.390490029007196426e-02
1.388326194137334824e-02
1.392930839210748672e-02
1.385954394936561584e-02
1.400018204003572464e-02
1.388504728674888611e-02
1.390430703759193420e-02
1.402182132005691528e-02
1.389857847243547440e-02
1.389399822801351547e-02
1.391806174069643021e-02
1.385261584073305130e-02
1.389757543802261353e-02
1.387825049459934235e-02
1.389402616769075394e-02
1.394661050289869308e-02
1.389893144369125366e-02
1.389483641833066940e-02
1.388415507972240448e-02
1.390898134559392929e-02
1.387343276292085648e-02
1.387795060873031616e-02
1.383556518703699112e-02
1.388478279113769531e-02
1.389733888208866119e-02
1.394004840403795242e-02
1.392132975161075592e-02
1.392067037522792816e-02
1.394337695091962814e-02
1.386908069252967834e-02
1.388674881309270859e-02
1.389924902468919754e-02
1.387492753565311432e-02
1.389816030859947205e-02
1.390860788524150848e-02
1.393981464207172394e-02
1.390578225255012512e-02
1.384148560464382172e-02
1.385975163429975510e-02
1.386505551636219025e-02
1.386540662497282028e-02
1.387443207204341888e-02
1.384852360934019089e-02
1.385082770138978958e-02
1.386731024831533432e-02
1.388719491660594940e-02
1.395658031105995178e-02
1.386658567935228348e-02
1.396878156810998917e-02
1.390753593295812607e-02
1.388964150100946426e-02
1.390360575169324875e-02
1.384339481592178345e-02
1.395413652062416077e-02
1.387480646371841431e-02
1.384168397635221481e-02
1.398778893053531647e-02
1.386595703661441803e-02
1.387177314609289169e-02
1.385726127773523331e-02
1.397826615720987320e-02
1.384437456727027893e-02
1.387099921703338623e-02
1.396088115870952606e-02
1.390098407864570618e-02
1.389593351632356644e-02
1.387350633740425110e-02
1.384222414344549179e-02
1.390840765088796616e-02
1.388673949986696243e-02
1.386994682252407074e-02
1.391607709228992462e-02
1.386532187461853027e-02
1.388945616781711578e-02
1.387337595224380493e-02
1.390286255627870560e-02
1.391321886330842972e-02
1.382360141724348068e-02
1.385934930294752121e-02
1.396562252193689346e-02
1.397147681564092636e-02
1.385593414306640625e-02
1.385572645813226700e-02
1.386037189513444901e-02
1.389664690941572189e-02
1.399099919945001602e-02
1.391747873276472092e-02
1.389408390969038010e-02
1.389274280518293381e-02
1.397165749222040176e-02
1.391268242150545120e-02
1.385790109634399414e-02
1.390179805457592010e-02
1.391871366649866104e-02
1.389171369373798370e-02
1.387820579111576080e-02
1.385648641735315323e-02
1.385663542896509171e-02
1.390071958303451538e-02
1.399019639939069748e-02
1.386163663119077682e-02
1.385558489710092545e-02
1.386086363345384598e-02
1.384669449180364609e-02
1.382060628384351730e-02
1.386554352939128876e-02
1.400987431406974792e-02
1.388028357177972794e-02
1.389243826270103455e-02
1.385380513966083527e-02
1.383705437183380127e-02
1.386122871190309525e-02
1.385913044214248657e-02
1.391624938696622849e-02
1.384014915674924850e-02
1.390340831130743027e-02
1.390497479587793350e-02
1.396252308040857315e-02
1.384144462645053864e-02
1.389478985220193863e-02
1.391455717384815216e-02
1.387822534888982773e-02
1.384971104562282562e-02
1.380764320492744446e-02
1.390305906534194946e-02
1.402455102652311325e-02
1.389408390969038010e-02
1.387201249599456787e-02
1.394057273864746094e-02
1.393145788460969925e-02
1.393292378634214401e-02
1.393511705100536346e-02
1.384206302464008331e-02
1.387937925755977631e-02
1.388183701783418655e-02
1.384133845567703247e-02
1.384351495653390884e-02
1.385316252708435059e-02
1.386327855288982391e-02
1.389871537685394287e-02
1.388780493289232254e-02
1.390668936073780060e-02
1.391095388680696487e-02
1.390628982335329056e-02
1.382795907557010651e-02
1.395170763134956360e-02
1.382081303745508194e-02
1.385000627487897873e-02
1.380852423608303070e-02
1.386974100023508072e-02
1.392270345240831375e-02
1.388711016625165939e-02
1.391800120472908020e-02
1.391418557614088058e-02
1.388251967728137970e-02
1.387101318687200546e-02
1.386340335011482239e-02
1.387776713818311691e-02
1.385956536978483200e-02
1.398918405175209045e-02
1.397353876382112503e-02
1.394325029104948044e-02
1.388113573193550110e-02
1.389737613499164581e-02
1.389854215085506439e-02
1.383960898965597153e-02
1.387874502688646317e-02
1.386584434658288956e-02
1.388201862573623657e-02
1.389153860509395599e-02
1.384729240089654922e-02
1.391436811536550522e-02
1.392569672316312790e-02
1.388816814869642258e-02
1.384202856570482254e-02
1.387090701609849930e-02
1.389098633080720901e-02
1.386619079858064651e-02
1.385112758725881577e-02
1.390306279063224792e-02
1.384321227669715881e-02
1.392409764230251312e-02
1.395515631884336472e-02
1.385284867137670517e-02
1.387386955320835114e-02
1.385547127574682236e-02
1.391267310827970505e-02
1.386958733201026917e-02
1.386207807809114456e-02
1.383394096046686172e-02
1.390272099524736404e-02
1.390735525637865067e-02
1.390871033072471619e-02
1.387309376150369644e-02
1.385730970650911331e-02
1.385732740163803101e-02
1.383142452687025070e-02
1.383093278855085373e-02
1.382455509155988693e-02
1.390915364027023315e-02
1.396852452307939529e-02
1.392786856740713120e-02
1.386627182364463806e-02
1.382670085877180099e-02
1.387141179293394089e-02
1.386802271008491516e-02
1.386725809425115585e-02
1.383344270288944244e-02
1.381265558302402496e-02
1.389521639794111252e-02
1.391294226050376892e-02
1.386756729334592819e-02
1.387761905789375305e-02
1.384854130446910858e-02
1.396763883531093597e-02
1.390623115003108978e-02
1.391077693551778793e-02
1.387372519820928574e-02
1.390573102980852127e-02
1.381791289895772934e-02
1.389173697680234909e-02
1.391087844967842102e-02
1.382880937308073044e-02
1.387932710349559784e-02
1.382421795278787613e-02
1.388561539351940155e-02
1.383987255394458771e-02
1.391274854540824890e-02
1.397741679102182388e-02
1.383733749389648438e-02
1.383910607546567917e-02
1.395179983228445053e-02
1.386261451989412308e-02
1.385000906884670258e-02
1.391956117004156113e-02
1.387805957347154617e-02
1.386934518814086914e-02
1.390316709876060486e-02
1.387984678149223328e-02
1.383705902844667435e-02
1.393963024020195007e-02
1.387894526124000549e-02
1.392577122896909714e-02
1.385258045047521591e-02
1.389332301914691925e-02
1.385152991861104965e-02
1.391812320798635483e-02
1.385900564491748810e-02
1.388135273009538651e-02
1.387033797800540924e-02
1.390869077295064926e-02
1.391439605504274368e-02
1.391619723290205002e-02
1.386696007102727890e-02
1.383080519735813141e-02
1.390207186341285706e-02
1.387441996484994888e-02
1.390830613672733307e-02
1.387993432581424713e-02
1.385638304054737091e-02
1.384529564529657364e-02
1.389168296009302139e-02
1.383626274764537811e-02
1.386525668203830719e-02
1.384778507053852081e-02
1.383402105420827866e-02
1.398978848010301590e-02
1.380850840359926224e-02
1.387250330299139023e-02
1.387328747659921646e-02
1.383838336914777756e-02
1.387302204966545105e-02
1.384185627102851868e-02
1.383571978658437729e-02
1.386883947998285294e-02
1.383992191404104233e-02
1.392282359302043915e-02
1.382528152316808701e-02
1.393058989197015762e-02
1.390144415199756622e-02
1.387845445424318314e-02
1.383801922202110291e-02
1.394303515553474426e-02
1.396993827074766159e-02
1.388378906995058060e-02
1.388285215944051743e-02
1.390993222594261169e-02
1.390241459012031555e-02
1.391545403748750687e-02
1.388181280344724655e-02
1.389810536056756973e-02
1.386904250830411911e-02
1.384902745485305786e-02
1.389425992965698242e-02
1.389250904321670532e-02
1.387534290552139282e-02
1.386304013431072235e-02
1.386439427733421326e-02
1.381792221218347549e-02
1.389848161488771439e-02
1.391247473657131195e-02
1.388674974441528320e-02
1.387370005249977112e-02
1.396500878036022186e-02
1.392069645226001740e-02
1.392394956201314926e-02
1.384841371327638626e-02
1.389012485742568970e-02
1.383374165743589401e-02
1.394408475607633591e-02
