4.284610748291015625e-01
3.282355964183807373e-01
2.649596035480499268e-01
2.219860702753067017e-01
1.894308477640151978e-01
1.691135019063949585e-01
1.458540409803390503e-01
1.323345750570297241e-01
1.177878230810165405e-01
1.060314774513244629e-01
9.378125518560409546e-02
8.682616800069808960e-02
8.269814401865005493e-02
7.735639065504074097e-02
6.990045309066772461e-02
6.609359383583068848e-02
6.194609403610229492e-02
5.761471390724182129e-02
5.549626424908638000e-02
5.279747769236564636e-02
5.050278827548027039e-02
4.847150668501853943e-02
4.680855572223663330e-02
4.579965025186538696e-02
4.354998841881752014e-02
4.172782972455024719e-02
4.103198274970054626e-02
4.176722094416618347e-02
4.016296193003654480e-02
3.930155187845230103e-02
3.833250328898429871e-02
3.935720399022102356e-02
3.825453296303749084e-02
3.897251561284065247e-02
3.570073470473289490e-02
3.675007820129394531e-02
3.705223277211189270e-02
3.561425954103469849e-02
3.487070649862289429e-02
3.703066334128379822e-02
3.483846783638000488e-02
3.605894371867179871e-02
3.518147766590118408e-02
3.597088158130645752e-02
3.519887477159500122e-02
3.531539812684059143e-02
3.492082282900810242e-02
3.539078682661056519e-02
3.507141396403312683e-02
3.452864661812782288e-02
3.374611213803291321e-02
3.401946648955345154e-02
3.509243950247764587e-02
3.340547531843185425e-02
3.394715860486030579e-02
3.396378830075263977e-02
3.573862463235855103e-02
3.412425518035888672e-02
3.405767306685447693e-02
3.408148884773254395e-02
3.384239599108695984e-02
3.438829630613327026e-02
3.392901271581649780e-02
3.352512791752815247e-02
3.459906578063964844e-02
3.324539959430694580e-02
3.435051813721656799e-02
3.398489579558372498e-02
3.360538557171821594e-02
3.362721949815750122e-02
3.465727344155311584e-02
3.419069573283195496e-02
3.332029283046722412e-02
3.298602625727653503e-02
3.301377594470977783e-02
3.365157917141914368e-02
3.365568071603775024e-02
3.415335342288017273e-02
3.480879589915275574e-02
3.372764214873313904e-02
3.450271859765052795e-02
3.410795703530311584e-02
3.400591388344764709e-02
3.410819917917251587e-02
3.328424319624900818e-02
3.244218975305557251e-02
3.374707326292991638e-02
3.274022415280342102e-02
3.392707929015159607e-02
3.351597860455513000e-02
3.259071707725524902e-02
3.394630178809165955e-02
3.317585587501525879e-02
3.315940871834754944e-02
3.325815126299858093e-02
3.277947753667831421e-02
3.403873741626739502e-02
3.328722715377807617e-02
3.315358981490135193e-02
3.306489810347557068e-02
3.320966660976409912e-02
3.242611885070800781e-02
3.475907072424888611e-02
3.386432304978370667e-02
3.254833072423934937e-02
3.303284943103790283e-02
3.215445578098297119e-02
3.302340954542160034e-02
3.325254842638969421e-02
3.284331783652305603e-02
3.280303627252578735e-02
3.345671296119689941e-02
3.285702690482139587e-02
3.194548562169075012e-02
3.332360833883285522e-02
3.223662823438644409e-02
3.294958919286727905e-02
3.411646932363510132e-02
3.267814218997955322e-02
3.203623369336128235e-02
3.270541131496429443e-02
3.392780199646949768e-02
3.182970732450485229e-02
3.295843675732612610e-02
3.294182941317558289e-02
3.374870494008064270e-02
3.302612155675888062e-02
3.348575532436370850e-02
3.325007855892181396e-02
3.228375688195228577e-02
3.252360969781875610e-02
3.372621163725852966e-02
3.318082168698310852e-02
3.313297033309936523e-02
3.292449191212654114e-02
3.257941082119941711e-02
3.251279890537261963e-02
3.305342420935630798e-02
3.243591636419296265e-02
3.313530236482620239e-02
3.285119310021400452e-02
3.373277187347412109e-02
3.322302177548408508e-02
3.317364305257797241e-02
3.289779648184776306e-02
3.247978165745735168e-02
3.230578079819679260e-02
3.239613026380538940e-02
3.268740698695182800e-02
3.280296176671981812e-02
3.262046724557876587e-02
3.250476717948913574e-02
3.318428248167037964e-02
3.241598606109619141e-02
3.221186250448226929e-02
3.329296782612800598e-02
3.242978081107139587e-02
3.249759972095489502e-02
3.264207392930984497e-02
3.343346342444419861e-02
3.327249735593795776e-02
3.348829224705696106e-02
3.200187161564826965e-02
3.340600058436393738e-02
3.256766870617866516e-02
3.241801634430885315e-02
3.337911516427993774e-02
3.240854293107986450e-02
3.219467774033546448e-02
3.254580870270729065e-02
3.146788850426673889e-02
3.200015425682067871e-02
3.193110227584838867e-02
3.219241648912429810e-02
3.305591642856597900e-02
3.265419229865074158e-02
3.327670693397521973e-02
3.216166049242019653e-02
3.273708000779151917e-02
3.080480545759201050e-02
3.211785107851028442e-02
3.191387280821800232e-02
3.192824870347976685e-02
3.182251751422882080e-02
3.235832229256629944e-02
3.175611793994903564e-02
3.254445642232894897e-02
3.190944343805313110e-02
3.206016868352890015e-02
3.199047967791557312e-02
3.182654082775115967e-02
3.134220093488693237e-02
3.146484866738319397e-02
3.149624913930892944e-02
3.208880871534347534e-02
3.197020292282104492e-02
3.205018118023872375e-02
3.248287737369537354e-02
3.166089951992034912e-02
3.108939528465270996e-02
3.155513107776641846e-02
3.291288018226623535e-02
3.268451243638992310e-02
3.133136406540870667e-02
3.219300508499145508e-02
3.254215046763420105e-02
3.250591084361076355e-02
3.335576876997947693e-02
3.181557729840278625e-02
3.176191449165344238e-02
3.155218064785003662e-02
3.257873281836509705e-02
3.246165439486503601e-02
3.186069056391716003e-02
3.158076107501983643e-02
3.273512795567512512e-02
3.171268105506896973e-02
3.171575441956520081e-02
3.245611488819122314e-02
3.157055750489234924e-02
3.271724283695220947e-02
3.220171853899955750e-02
3.187615051865577698e-02
3.109852597117424011e-02
3.192468360066413879e-02
3.188968822360038757e-02
3.059119544923305511e-02
3.132141381502151489e-02
3.176743537187576294e-02
3.219277784228324890e-02
3.244435787200927734e-02
3.188098967075347900e-02
3.178039565682411194e-02
3.125671669840812683e-02
3.183499723672866821e-02
3.207648545503616333e-02
3.185454383492469788e-02
3.229082003235816956e-02
3.117053396999835968e-02
3.106138110160827637e-02
3.209596499800682068e-02
3.165913745760917664e-02
3.184671700000762939e-02
3.152785077691078186e-02
3.183360025286674500e-02
3.075933083891868591e-02
3.209376707673072815e-02
3.164492174983024597e-02
3.150884434580802917e-02
3.121572919189929962e-02
3.162122517824172974e-02
3.153218328952789307e-02
3.074284270405769348e-02
3.122370317578315735e-02
3.087989427149295807e-02
3.167219832539558411e-02
3.083518892526626587e-02
3.128644824028015137e-02
3.149323165416717529e-02
3.200492262840270996e-02
3.241741284728050232e-02
3.137651458382606506e-02
3.084234334528446198e-02
3.174974396824836731e-02
3.157968819141387939e-02
3.118516877293586731e-02
3.099853731691837311e-02
3.147714585065841675e-02
3.138094767928123474e-02
3.085711970925331116e-02
3.030902147293090820e-02
3.050514683127403259e-02
3.082281537353992462e-02
3.040576726198196411e-02
3.159668296575546265e-02
3.184533119201660156e-02
3.118943236768245697e-02
3.148607909679412842e-02
3.240542113780975342e-02
3.033295646309852600e-02
3.180069476366043091e-02
3.198885172605514526e-02
3.190305456519126892e-02
3.179294243454933167e-02
3.090872988104820251e-02
3.069013729691505432e-02
3.163022547960281372e-02
3.127408027648925781e-02
3.079941682517528534e-02
3.070221655070781708e-02
3.134539350867271423e-02
3.140058740973472595e-02
3.111064620316028595e-02
3.059062361717224121e-02
3.114781156182289124e-02
3.045950829982757568e-02
3.124099783599376678e-02
3.056569956243038177e-02
3.157076612114906311e-02
3.127182275056838989e-02
3.033157996833324432e-02
3.150423616170883179e-02
3.117888048291206360e-02
3.120155073702335358e-02
3.036827035248279572e-02
2.995184063911437988e-02
3.157506883144378662e-02
3.100769221782684326e-02
3.155139833688735962e-02
2.966167964041233063e-02
3.079383075237274170e-02
3.094160556793212891e-02
3.142009675502777100e-02
3.087681718170642853e-02
3.162904083728790283e-02
3.089604526758193970e-02
3.104028478264808655e-02
3.029984422028064728e-02
3.100199624896049500e-02
3.016870282590389252e-02
3.087956272065639496e-02
3.072635270655155182e-02
3.054802864789962769e-02
3.039571084082126617e-02
3.041316010057926178e-02
3.098465688526630402e-02
3.078141435980796814e-02
3.083905577659606934e-02
2.982621081173419952e-02
3.069621138274669647e-02
3.101897612214088440e-02
2.999996393918991089e-02
3.033767826855182648e-02
2.963150478899478912e-02
3.095961175858974457e-02
3.050578571856021881e-02
3.004458732903003693e-02
3.124647401273250580e-02
3.119658119976520538e-02
3.061134926974773407e-02
3.090113960206508636e-02
3.086340427398681641e-02
3.118477202951908112e-02
3.077206201851367950e-02
3.060517460107803345e-02
3.142518177628517151e-02
3.060112707316875458e-02
3.060746379196643829e-02
3.064314275979995728e-02
3.046982735395431519e-02
3.037944994866847992e-02
3.127509728074073792e-02
2.992906793951988220e-02
3.017583116888999939e-02
2.986893802881240845e-02
3.010687045753002167e-02
2.960547804832458496e-02
3.034355491399765015e-02
3.096143715083599091e-02
3.070637397468090057e-02
3.018792346119880676e-02
2.935819327831268311e-02
3.106642141938209534e-02
3.039648570120334625e-02
3.116795234382152557e-02
3.019442409276962280e-02
3.059194236993789673e-02
3.063770942389965057e-02
3.066868893802165985e-02
2.996378205716609955e-02
3.046631440520286560e-02
3.080687299370765686e-02
3.056995011866092682e-02
3.077064268290996552e-02
2.984483540058135986e-02
3.014443255960941315e-02
3.101609833538532257e-02
2.930331043899059296e-02
3.037676587700843811e-02
3.099811263382434845e-02
3.067630901932716370e-02
3.126650303602218628e-02
3.024997003376483917e-02
3.063139133155345917e-02
3.017210215330123901e-02
3.113006427884101868e-02
3.052996657788753510e-02
3.018156252801418304e-02
2.974488586187362671e-02
3.073114529252052307e-02
3.044554777443408966e-02
2.916169911623001099e-02
2.978103980422019958e-02
3.037209063768386841e-02
3.004221059381961823e-02
3.058542124927043915e-02
3.019490651786327362e-02
3.080871328711509705e-02
2.989962138235569000e-02
2.961103431880474091e-02
3.050236590206623077e-02
2.993556670844554901e-02
2.994392067193984985e-02
3.011788986623287201e-02
3.086303919553756714e-02
2.951305732131004333e-02
3.079523332417011261e-02
3.083955124020576477e-02
3.057623840868473053e-02
3.039518743753433228e-02
3.041029348969459534e-02
3.012873791158199310e-02
3.069117851555347443e-02
2.965782582759857178e-02
2.972697652876377106e-02
2.997237816452980042e-02
3.007693774998188019e-02
2.980479970574378967e-02
2.964447624981403351e-02
2.980394102632999420e-02
3.015406802296638489e-02
3.030339442193508148e-02
2.970489673316478729e-02
2.966998890042304993e-02
3.028374724090099335e-02
3.006765246391296387e-02
2.886694669723510742e-02
2.930665761232376099e-02
2.967190928757190704e-02
2.980233170092105865e-02
2.943286299705505371e-02
2.987543866038322449e-02
3.032569959759712219e-02
3.030916117131710052e-02
2.981590479612350464e-02
2.944836765527725220e-02
2.998663298785686493e-02
2.976974286139011383e-02
2.907873317599296570e-02
2.993525750935077667e-02
2.908812463283538818e-02
3.003950975835323334e-02
3.044036775827407837e-02
2.984621003270149231e-02
2.969494834542274475e-02
3.098880313336849213e-02
2.978680469095706940e-02
3.010301850736141205e-02
2.983503974974155426e-02
3.044923953711986542e-02
2.940708212554454803e-02
2.981143444776535034e-02
2.979749254882335663e-02
3.059349767863750458e-02
2.885161899030208588e-02
3.025614283978939056e-02
2.948319166898727417e-02
2.907948009669780731e-02
3.011836297810077667e-02
2.983589097857475281e-02
2.956092543900012970e-02
2.913128584623336792e-02
3.019501455128192902e-02
3.023479133844375610e-02
2.981659583747386932e-02
3.024373203516006470e-02
3.022887930274009705e-02
3.038084320724010468e-02
3.027243167161941528e-02
2.995155937969684601e-02
2.968239411711692810e-02
2.941761724650859833e-02
2.956331335008144379e-02
2.968851476907730103e-02
2.966414950788021088e-02
2.961146458983421326e-02
2.960323542356491089e-02
2.995863184332847595e-02
2.902438305318355560e-02
2.971559390425682068e-02
3.005083091557025909e-02
2.967425994575023651e-02
2.926334924995899200e-02
3.044975735247135162e-02
2.936195954680442810e-02
2.993331477046012878e-02
3.065443970263004303e-02
2.941808477044105530e-02
3.019330464303493500e-02
2.991290576756000519e-02
2.900930866599082947e-02
2.890639752149581909e-02
2.957307361066341400e-02
2.927041798830032349e-02
3.038261830806732178e-02
2.993886172771453857e-02
2.942372672259807587e-02
2.908805198967456818e-02
2.921986207365989685e-02
2.977393753826618195e-02
3.006531484425067902e-02
3.028552979230880737e-02
2.909450791776180267e-02
2.930280379951000214e-02
2.982208505272865295e-02
2.977191843092441559e-02
2.909981459379196167e-02
2.990958280861377716e-02
2.997410111129283905e-02
2.955231443047523499e-02
2.947441302239894867e-02
2.940964326262474060e-02
2.932340651750564575e-02
2.890609018504619598e-02
2.976324036717414856e-02
2.857117727398872375e-02
2.997200936079025269e-02
2.902973629534244537e-02
2.988591976463794708e-02
2.956580556929111481e-02
2.939242124557495117e-02
2.927479334175586700e-02
2.898705378174781799e-02
2.912792935967445374e-02
2.925208956003189087e-02
2.985097467899322510e-02
2.950733900070190430e-02
2.867578156292438507e-02
2.948831766843795776e-02
2.904729917645454407e-02
2.952135726809501648e-02
2.933471463620662689e-02
2.925725094974040985e-02
2.988279983401298523e-02
2.936568483710289001e-02
2.908942848443984985e-02
2.965473383665084839e-02
2.863845787942409515e-02
2.998053655028343201e-02
2.928113006055355072e-02
2.919704094529151917e-02
2.844236046075820923e-02
2.985420823097229004e-02
2.894999645650386810e-02
2.917095273733139038e-02
2.817696519196033478e-02
2.871421165764331818e-02
2.966944873332977295e-02
2.889178507030010223e-02
2.899427339434623718e-02
2.860319055616855621e-02
2.910405769944190979e-02
2.940038219094276428e-02
2.981989458203315735e-02
2.922324463725090027e-02
2.900446020066738129e-02
2.865183167159557343e-02
2.972050383687019348e-02
2.945472300052642822e-02
2.953503467142581940e-02
2.946300804615020752e-02
2.928411960601806641e-02
2.879838645458221436e-02
2.996130287647247314e-02
2.907875366508960724e-02
2.831060998141765594e-02
2.910486608743667603e-02
2.803564071655273438e-02
2.797505818307399750e-02
2.918860502541065216e-02
2.908467315137386322e-02
2.885247766971588135e-02
3.007613681256771088e-02
2.917904965579509735e-02
2.962200343608856201e-02
2.851898968219757080e-02
2.876188606023788452e-02
2.917441166937351227e-02
2.933778986334800720e-02
2.936914190649986267e-02
2.910962887108325958e-02
2.893444523215293884e-02
2.952859923243522644e-02
2.873092144727706909e-02
2.826595865190029144e-02
2.938183769583702087e-02
2.939929999411106110e-02
2.847739122807979584e-02
2.871738933026790619e-02
2.889658696949481964e-02
2.953563444316387177e-02
2.943248115479946136e-02
2.879146486520767212e-02
2.907194383442401886e-02
2.845926024019718170e-02
3.017735667526721954e-02
2.842032536864280701e-02
2.863302826881408691e-02
2.946881391108036041e-02
2.852802351117134094e-02
2.891415543854236603e-02
2.950791455805301666e-02
2.900845557451248169e-02
2.840772457420825958e-02
2.871474996209144592e-02
2.821298688650131226e-02
2.873824909329414368e-02
2.901295758783817291e-02
2.869157493114471436e-02
2.910687774419784546e-02
2.902026101946830750e-02
2.892991341650485992e-02
3.023846261203289032e-02
2.845397405326366425e-02
2.845741435885429382e-02
2.866206690669059753e-02
2.941510826349258423e-02
2.871214412152767181e-02
2.809500508010387421e-02
2.811948768794536591e-02
2.816245704889297485e-02
2.894575148820877075e-02
2.970760129392147064e-02
2.847988903522491455e-02
2.899105846881866455e-02
2.905447222292423248e-02
2.789154276251792908e-02
2.783764526247978210e-02
2.831523306667804718e-02
2.929244562983512878e-02
2.806084603071212769e-02
2.834299206733703613e-02
2.807304635643959045e-02
2.763215266168117523e-02
2.973144873976707458e-02
2.897934429347515106e-02
2.896205522119998932e-02
2.950537204742431641e-02
2.904496341943740845e-02
2.805340103805065155e-02
2.876496501266956329e-02
2.867069840431213379e-02
2.836654335260391235e-02
2.866167202591896057e-02
2.915197238326072693e-02
2.931056544184684753e-02
2.926224656403064728e-02
2.837825194001197815e-02
2.891654334962368011e-02
2.885111793875694275e-02
2.905484102666378021e-02
2.884713374078273773e-02
2.834898978471755981e-02
2.823813073337078094e-02
2.865043096244335175e-02
2.903307974338531494e-02
2.918844297528266907e-02
2.863965183496475220e-02
2.848254144191741943e-02
2.832215465605258942e-02
2.830732986330986023e-02
2.852257527410984039e-02
2.875429019331932068e-02
2.887397259473800659e-02
2.811380848288536072e-02
2.868269570171833038e-02
2.919477038085460663e-02
2.880418300628662109e-02
2.868891134858131409e-02
2.875334210693836212e-02
2.885392680764198303e-02
2.862757630646228790e-02
2.937265299260616302e-02
2.820020727813243866e-02
2.909119427204132080e-02
2.827885188162326813e-02
2.816161885857582092e-02
2.856961451470851898e-02
2.848035097122192383e-02
2.882939018309116364e-02
2.804695628583431244e-02
2.871161140501499176e-02
2.774887345731258392e-02
2.901303023099899292e-02
2.721164375543594360e-02
2.854983508586883545e-02
2.790067717432975769e-02
2.859332226216793060e-02
2.801986783742904663e-02
2.824360691010951996e-02
2.844889834523200989e-02
2.888203039765357971e-02
2.822050824761390686e-02
2.811967767775058746e-02
2.827711775898933411e-02
2.849765866994857788e-02
2.832956612110137939e-02
2.880413271486759186e-02
2.859347499907016754e-02
2.842118032276630402e-02
2.806594036519527435e-02
2.917585708200931549e-02
2.762510813772678375e-02
2.862716838717460632e-02
2.865847572684288025e-02
2.837063185870647430e-02
2.743796631693840027e-02
2.853677794337272644e-02
2.905306033790111542e-02
2.872388251125812531e-02
2.814904786646366119e-02
2.864003926515579224e-02
2.849470637738704681e-02
2.839290164411067963e-02
2.823779731988906860e-02
2.806318923830986023e-02
2.798760868608951569e-02
2.827243879437446594e-02
2.835508249700069427e-02
2.897070907056331635e-02
2.822856232523918152e-02
2.812090888619422913e-02
2.752288430929183960e-02
2.771479077637195587e-02
2.754386700689792633e-02
2.872189879417419434e-02
2.790953032672405243e-02
2.824263647198677063e-02
2.825261466205120087e-02
2.813982591032981873e-02
2.772102318704128265e-02
2.826592884957790375e-02
2.792392857372760773e-02
2.787521667778491974e-02
2.806494385004043579e-02
2.824087813496589661e-02
2.891802601516246796e-02
2.769173309206962585e-02
2.848054841160774231e-02
2.774827182292938232e-02
2.811270020902156830e-02
2.740528993308544159e-02
2.783737890422344208e-02
2.779798209667205811e-02
2.784219570457935333e-02
2.824427001178264618e-02
2.775658667087554932e-02
2.834067866206169128e-02
2.884623594582080841e-02
2.793009392917156219e-02
2.866167202591896057e-02
2.800884470343589783e-02
2.874579280614852905e-02
2.752283215522766113e-02
2.796928957104682922e-02
2.860877104103565216e-02
2.803512662649154663e-02
2.799240313470363617e-02
2.811600454151630402e-02
2.748737111687660217e-02
2.888945862650871277e-02
2.793356031179428101e-02
2.759981527924537659e-02
2.903786860406398773e-02
2.813378535211086273e-02
2.780978567898273468e-02
2.803009003400802612e-02
2.768448926508426666e-02
2.820795960724353790e-02
2.786530554294586182e-02
2.737090736627578735e-02
2.774128690361976624e-02
2.744626440107822418e-02
2.837454341351985931e-02
2.795457467436790466e-02
2.783019095659255981e-02
2.826343104243278503e-02
2.724621444940567017e-02
2.819040417671203613e-02
2.824824489653110504e-02
2.776834741234779358e-02
2.778780832886695862e-02
2.743622846901416779e-02
2.817246504127979279e-02
2.798718400299549103e-02
2.786270529031753540e-02
2.739778719842433929e-02
2.724854648113250732e-02
2.761030755937099457e-02
2.872702293097972870e-02
2.879633754491806030e-02
2.763254754245281219e-02
2.813300490379333496e-02
2.811253443360328674e-02
2.767852135002613068e-02
2.802260033786296844e-02
2.792324498295783997e-02
2.750683203339576721e-02
2.795319631695747375e-02
2.791577018797397614e-02
2.749850973486900330e-02
2.750706858932971954e-02
2.780124917626380920e-02
2.758179046213626862e-02
2.754663676023483276e-02
2.755720727145671844e-02
2.760819531977176666e-02
2.749000117182731628e-02
2.749561145901679993e-02
2.755426242947578430e-02
2.774674445390701294e-02
2.784955501556396484e-02
2.864473313093185425e-02
2.774145081639289856e-02
2.774230577051639557e-02
2.774802409112453461e-02
2.786353416740894318e-02
2.775318361818790436e-02
2.757293917238712311e-02
2.768790908157825470e-02
2.730564586818218231e-02
2.785282209515571594e-02
2.744480781257152557e-02
2.714360132813453674e-02
2.765759453177452087e-02
2.796810865402221680e-02
2.754853107035160065e-02
2.722429111599922180e-02
2.738819830119609833e-02
2.762477099895477295e-02
2.741833589971065521e-02
2.691596001386642456e-02
2.821654640138149261e-02
2.775061875581741333e-02
2.733254618942737579e-02
2.731254883110523224e-02
2.781495079398155212e-02
2.724752202630043030e-02
2.769509516656398773e-02
2.796117775142192841e-02
2.715251408517360687e-02
2.711641229689121246e-02
2.753202058374881744e-02
2.708328887820243835e-02
2.791897580027580261e-02
2.683886513113975525e-02
2.789438702166080475e-02
2.755000814795494080e-02
2.757840603590011597e-02
2.709521539509296417e-02
2.759587019681930542e-02
2.797738276422023773e-02
2.662026137113571167e-02
2.787617780268192291e-02
2.680597081780433655e-02
2.717613056302070618e-02
2.717725373804569244e-02
2.746970206499099731e-02
2.755743451416492462e-02
2.787082083523273468e-02
2.729424461722373962e-02
2.767335250973701477e-02
2.740428596735000610e-02
2.686245739459991455e-02
2.671002410352230072e-02
2.777415513992309570e-02
2.763414941728115082e-02
2.787886932492256165e-02
2.695860154926776886e-02
2.747630514204502106e-02
2.724933065474033356e-02
2.723107114434242249e-02
2.750438824295997620e-02
2.743011340498924255e-02
2.707115001976490021e-02
2.754072286188602448e-02
2.803282625973224640e-02
2.739996090531349182e-02
2.741384506225585938e-02
2.783624641597270966e-02
2.718771621584892273e-02
2.744964510202407837e-02
2.724302373826503754e-02
2.692273072898387909e-02
2.760544791817665100e-02
2.752281911671161652e-02
2.720536850392818451e-02
2.806923724710941315e-02
2.720111422240734100e-02
2.756156586110591888e-02
2.773295156657695770e-02
2.665596082806587219e-02
2.801423147320747375e-02
2.702372707426548004e-02
2.763694897294044495e-02
2.738204412162303925e-02
2.668126672506332397e-02
2.709631063044071198e-02
2.807857468724250793e-02
2.760916762053966522e-02
2.708802931010723114e-02
2.705187350511550903e-02
2.659220807254314423e-02
2.789641357958316803e-02
2.712294086813926697e-02
2.745761163532733917e-02
2.750352770090103149e-02
2.702682279050350189e-02
2.724085748195648193e-02
2.683792449533939362e-02
2.735144644975662231e-02
2.733320370316505432e-02
2.766120061278343201e-02
2.797416597604751587e-02
2.678613364696502686e-02
2.711809799075126648e-02
2.641082927584648132e-02
2.708633244037628174e-02
2.730097249150276184e-02
2.733948267996311188e-02
2.798357233405113220e-02
2.732856571674346924e-02
2.755423448979854584e-02
2.763942629098892212e-02
2.771069295704364777e-02
2.671414613723754883e-02
2.747012674808502197e-02
2.771595306694507599e-02
2.729296498000621796e-02
2.680237032473087311e-02
2.688506990671157837e-02
2.799688093364238739e-02
2.678958885371685028e-02
2.742689847946166992e-02
2.718022279441356659e-02
2.694791927933692932e-02
2.729051001369953156e-02
2.772338688373565674e-02
2.780437469482421875e-02
2.785465493798255920e-02
2.689458802342414856e-02
2.671138942241668701e-02
2.698894403874874115e-02
2.702572755515575409e-02
2.758445031940937042e-02
2.707630582153797150e-02
2.687485516071319580e-02
2.698689140379428864e-02
2.711987122893333435e-02
2.677504718303680420e-02
2.611079066991806030e-02
2.709305658936500549e-02
2.720800787210464478e-02
2.729548700153827667e-02
2.571297995746135712e-02
2.699071913957595825e-02
2.751670032739639282e-02
2.752723731100559235e-02
2.714196220040321350e-02
2.701758407056331635e-02
2.694367989897727966e-02
2.722056582570075989e-02
2.738596312701702118e-02
2.626386471092700958e-02
2.730366401374340057e-02
2.714107558131217957e-02
2.767763473093509674e-02
2.713914029300212860e-02
2.627951465547084808e-02
2.704178355634212494e-02
2.768081240355968475e-02
2.709697932004928589e-02
2.675976976752281189e-02
2.694227732717990875e-02
2.623786963522434235e-02
2.632616087794303894e-02
2.688627876341342926e-02
2.638307958841323853e-02
2.690023556351661682e-02
2.665342204272747040e-02
2.744089625775814056e-02
2.693234384059906006e-02
2.749824523925781250e-02
2.712376788258552551e-02
2.695042081177234650e-02
2.660380117595195770e-02
2.645093947649002075e-02
2.683542296290397644e-02
2.710334397852420807e-02
2.646483108401298523e-02
2.629588730633258820e-02
2.636566199362277985e-02
2.650691568851470947e-02
2.769299224019050598e-02
2.738612331449985504e-02
2.694490551948547363e-02
2.701884321868419647e-02
2.714321389794349670e-02
2.708298154175281525e-02
2.653278224170207977e-02
