4.590278863906860352e-01
3.349643349647521973e-01
2.682428359985351562e-01
2.222999632358551025e-01
1.879681199789047241e-01
1.610494256019592285e-01
1.393469572067260742e-01
1.214640736579895020e-01
1.066166013479232788e-01
9.410177916288375854e-02
8.346869051456451416e-02
7.447166740894317627e-02
6.669562309980392456e-02
6.000361219048500061e-02
5.414287745952606201e-02
4.908050596714019775e-02
4.478133469820022583e-02
4.095992445945739746e-02
3.763633966445922852e-02
3.476083651185035706e-02
3.222411870956420898e-02
2.999883517622947693e-02
2.806026488542556763e-02
2.633050456643104553e-02
2.484320662915706635e-02
2.353868447244167328e-02
2.241328731179237366e-02
2.136477455496788025e-02
2.047444693744182587e-02
1.967034861445426941e-02
1.901778578758239746e-02
1.838770136237144470e-02
1.786096394062042236e-02
1.737664453685283661e-02
1.698344759643077850e-02
1.661935262382030487e-02
1.627051830291748047e-02
1.597822830080986023e-02
1.574061997234821320e-02
1.556467544287443161e-02
1.535125728696584702e-02
1.515010744333267212e-02
1.501356251537799835e-02
1.490211021155118942e-02
1.476513687521219254e-02
1.462384779006242752e-02
1.455860864371061325e-02
1.452148519456386566e-02
1.446549501270055771e-02
1.436994597315788269e-02
1.430247351527214050e-02
1.424618717283010483e-02
1.422671694308519363e-02
1.417744811624288559e-02
1.412564236670732498e-02
1.411480456590652466e-02
1.408000290393829346e-02
1.404025498777627945e-02
1.407774351537227631e-02
1.403270103037357330e-02
1.403333712369203568e-02
1.400562841445207596e-02
1.397300977259874344e-02
1.396809518337249756e-02
1.395783293992280960e-02
1.397592481225728989e-02
1.396777573972940445e-02
1.396720949560403824e-02
1.391605753451585770e-02
1.395838987082242966e-02
1.392667181789875031e-02
1.392668113112449646e-02
1.392767485231161118e-02
1.389452442526817322e-02
1.392550487071275711e-02
1.387154962867498398e-02
1.392129436135292053e-02
1.391035225242376328e-02
1.390998624265193939e-02
1.389184035360813141e-02
1.388611923903226852e-02
1.390330120921134949e-02
1.391693204641342163e-02
1.388562377542257309e-02
1.391877233982086182e-02
1.388398185372352600e-02
1.389234419912099838e-02
1.388324610888957977e-02
1.388453505933284760e-02
1.385195832699537277e-02
1.391189917922019958e-02
1.388433482497930527e-02
1.389491744339466095e-02
1.393422111868858337e-02
1.386868581175804138e-02
1.388568431138992310e-02
1.385351270437240601e-02
1.384315174072980881e-02
1.388362422585487366e-02
1.389235816895961761e-02
1.387897878885269165e-02
1.387987565249204636e-02
1.388718094676733017e-02
1.388048380613327026e-02
1.386524643748998642e-02
1.385297160595655441e-02
1.386739406734704971e-02
1.389444246888160706e-02
1.386558171361684799e-02
1.386318169534206390e-02
1.390122622251510620e-02
1.389466412365436554e-02
1.386590953916311264e-02
1.388825755566358566e-02
1.386242546141147614e-02
1.387661322951316833e-02
1.390330120921134949e-02
1.387875434011220932e-02
1.387252844870090485e-02
1.387984491884708405e-02
1.387408655136823654e-02
1.385889947414398193e-02
1.387730892747640610e-02
1.384776830673217773e-02
1.389729138463735580e-02
1.386602129787206650e-02
1.385553274303674698e-02
1.386615075170993805e-02
1.387442648410797119e-02
1.384516991674900055e-02
1.387135125696659088e-02
1.385628525167703629e-02
1.385839842259883881e-02
1.386255864053964615e-02
1.387894526124000549e-02
1.385201141238212585e-02
1.385967154055833817e-02
1.387506257742643356e-02
1.388603448867797852e-02
1.385311968624591827e-02
1.386251021176576614e-02
1.386699639260768890e-02
1.386027038097381592e-02
1.385929994285106659e-02
1.385053060948848724e-02
1.385764591395854950e-02
1.384246535599231720e-02
1.385577116161584854e-02
1.385837234556674957e-02
1.388707291334867477e-02
1.384455803781747818e-02
1.387634873390197754e-02
1.385312806814908981e-02
1.387817971408367157e-02
1.385966688394546509e-02
1.384418830275535583e-02
1.386003475636243820e-02
1.384515035897493362e-02
1.388511061668395996e-02
1.386983785778284073e-02
1.390821579843759537e-02
1.385846734046936035e-02
1.385266706347465515e-02
1.385295949876308441e-02
1.385611295700073242e-02
1.384921371936798096e-02
1.386845204979181290e-02
1.385850459337234497e-02
1.383713632822036743e-02
1.384265348315238953e-02
1.387187931686639786e-02
1.384717877954244614e-02
1.388105284422636032e-02
1.386485528200864792e-02
1.384987030178308487e-02
1.386567670851945877e-02
1.387718226760625839e-02
1.385726314038038254e-02
1.386514678597450256e-02
1.385500933974981308e-02
1.384119503200054169e-02
1.384520810097455978e-02
1.388859003782272339e-02
1.384214311838150024e-02
1.381495036184787750e-02
1.384048163890838623e-02
1.381633803248405457e-02
1.387627236545085907e-02
1.387121714651584625e-02
1.382476743310689926e-02
1.383746974170207977e-02
1.382403727620840073e-02
1.382813323289155960e-02
1.382485963404178619e-02
1.385189779102802277e-02
1.381005346775054932e-02
1.382754277437925339e-02
1.385654602199792862e-02
1.384898647665977478e-02
1.384141389280557632e-02
1.383358240127563477e-02
1.385535765439271927e-02
1.385821960866451263e-02
1.383306551724672318e-02
1.383687648922204971e-02
1.383700221776962280e-02
1.382926013320684433e-02
1.384928729385137558e-02
1.383481174707412720e-02
1.380591560155153275e-02
1.384797226637601852e-02
1.383779011666774750e-02
1.380786765366792679e-02
1.383174769580364227e-02
1.383674982935190201e-02
1.384506374597549438e-02
1.382569503039121628e-02
1.384553313255310059e-02
1.381223276257514954e-02
1.381551381200551987e-02
1.385984104126691818e-02
1.384931802749633789e-02
1.383547019213438034e-02
1.384925656020641327e-02
1.386320497840642929e-02
1.382137741893529892e-02
1.382749900221824646e-02
1.385404076427221298e-02
1.380071789026260376e-02
1.383769698441028595e-02
1.383926160633563995e-02
1.382194180041551590e-02
1.382560096681118011e-02
1.384203694760799408e-02
1.383957546204328537e-02
1.381000410765409470e-02
1.378508191555738449e-02
1.381195615977048874e-02
1.383686996996402740e-02
1.383275352418422699e-02
1.384485140442848206e-02
1.381724886596202850e-02
1.382770854979753494e-02
1.383836008608341217e-02
1.382996328175067902e-02
1.383962295949459076e-02
1.384656038135290146e-02
1.384896598756313324e-02
1.382664125412702560e-02
1.380599848926067352e-02
1.380940712988376617e-02
1.384556107223033905e-02
1.383265480399131775e-02
1.383212022483348846e-02
1.383963134139776230e-02
1.385993044823408127e-02
1.385291945189237595e-02
1.384164486080408096e-02
1.381285395473241806e-02
1.381051726639270782e-02
1.381310820579528809e-02
1.385498512536287308e-02
1.380471885204315186e-02
1.381867658346891403e-02
1.383177563548088074e-02
1.380543876439332962e-02
1.382607221603393555e-02
1.382501237094402313e-02
1.385071314871311188e-02
1.386053673923015594e-02
1.385622005909681320e-02
1.383525785058736801e-02
1.381924841552972794e-02
1.381765305995941162e-02
1.382593344897031784e-02
1.381730381399393082e-02
1.381778717041015625e-02
1.380915287882089615e-02
1.379474624991416931e-02
1.386109180748462677e-02
1.384087838232517242e-02
1.384500693529844284e-02
1.382076647132635117e-02
1.383903995156288147e-02
1.382076647132635117e-02
1.380562968552112579e-02
1.382134947925806046e-02
1.382391061633825302e-02
1.383320707827806473e-02
1.379826478660106659e-02
1.381714548915624619e-02
1.382814999669790268e-02
1.382824033498764038e-02
1.383914984762668610e-02
1.383722852915525436e-02
1.381772849708795547e-02
1.382084935903549194e-02
1.379465311765670776e-02
1.383914053440093994e-02
1.382806524634361267e-02
1.381240040063858032e-02
1.383147388696670532e-02
1.381004415452480316e-02
1.382841914892196655e-02
1.379969995468854904e-02
1.379572786390781403e-02
1.380951609462499619e-02
1.380779780447483063e-02
1.379105634987354279e-02
1.382787339389324188e-02
1.383070927113294601e-02
1.381875015795230865e-02
1.383080333471298218e-02
1.382204797118902206e-02
1.381417084485292435e-02
1.381704583764076233e-02
1.381838135421276093e-02
1.381373591721057892e-02
1.383236330002546310e-02
1.380554307252168655e-02
1.382401958107948303e-02
1.381263229995965958e-02
1.382636744529008865e-02
1.381226535886526108e-02
1.384292263537645340e-02
1.380490977317094803e-02
1.383464224636554718e-02
1.383562386035919189e-02
1.381357759237289429e-02
1.380478683859109879e-02
1.382103003561496735e-02
1.384363789111375809e-02
1.381362136453390121e-02
1.378920488059520721e-02
1.382495835423469543e-02
1.379668898880481720e-02
1.378895808011293411e-02
1.381134800612926483e-02
1.382707897573709488e-02
1.384047511965036392e-02
1.380879618227481842e-02
1.382584683597087860e-02
1.383127737790346146e-02
1.382291223853826523e-02
1.380030717700719833e-02
1.381287723779678345e-02
1.383762992918491364e-02
1.379887014627456665e-02
1.379483286291360855e-02
1.380626112222671509e-02
1.380978245288133621e-02
1.381170563399791718e-02
1.381315570324659348e-02
1.385608222335577011e-02
1.383001264184713364e-02
1.381822116672992706e-02
1.382634229958057404e-02
1.383302640169858932e-02
1.381745934486389160e-02
1.382899098098278046e-02
1.384756527841091156e-02
1.382200606167316437e-02
1.380242407321929932e-02
1.380928978323936462e-02
1.380772143602371216e-02
1.382833719253540039e-02
1.383140031248331070e-02
1.383144035935401917e-02
1.381379738450050354e-02
1.378698647022247314e-02
1.382473669946193695e-02
1.381214708089828491e-02
1.379695720970630646e-02
1.382615137845277786e-02
1.380483899265527725e-02
1.381802093237638474e-02
1.381014846265316010e-02
1.384268701076507568e-02
1.385843846946954727e-02
1.380931772291660309e-02
1.382013782858848572e-02
1.380813308060169220e-02
1.382475346326828003e-02
1.381836086511611938e-02
1.381507702171802521e-02
1.379730459302663803e-02
1.380721479654312134e-02
1.382913906127214432e-02
1.381432637572288513e-02
1.380161941051483154e-02
1.383197400718927383e-02
1.382765639573335648e-02
1.382076833397150040e-02
1.381601858884096146e-02
1.380413770675659180e-02
1.383204106241464615e-02
1.382608711719512939e-02
1.382354181259870529e-02
1.380904857069253922e-02
1.380323432385921478e-02
1.379731576889753342e-02
1.381615642458200455e-02
1.384834945201873779e-02
1.381161250174045563e-02
1.381267234683036804e-02
1.382744498550891876e-02
1.381897646933794022e-02
1.380350347608327866e-02
1.379126869142055511e-02
1.379428803920745850e-02
1.383787766098976135e-02
1.380894891917705536e-02
1.379388384521007538e-02
1.383487042039632797e-02
1.379810180515050888e-02
1.380589697510004044e-02
1.379630994051694870e-02
1.379127148538827896e-02
1.381904724985361099e-02
1.382453087717294693e-02
1.383566111326217651e-02
1.381023507565259933e-02
1.380434073507785797e-02
1.381441392004489899e-02
1.382254902273416519e-02
1.379764452576637268e-02
1.380912121385335922e-02
1.379190851002931595e-02
1.383092347532510757e-02
1.380098983645439148e-02
1.380598917603492737e-02
1.383124291896820068e-02
1.381527725607156754e-02
1.380382198840379715e-02
1.382091548293828964e-02
1.377555914223194122e-02
1.384853851050138474e-02
1.380923669785261154e-02
1.380669977515935898e-02
1.381213311105966568e-02
1.380393281579017639e-02
1.382005121558904648e-02
1.380771677941083908e-02
1.381300762295722961e-02
1.378545444458723068e-02
1.383013837039470673e-02
1.380981970578432083e-02
1.381539367139339447e-02
1.378804631531238556e-02
1.380543876439332962e-02
1.380017027258872986e-02
1.378590986132621765e-02
1.384157408028841019e-02
1.382054015994071960e-02
1.382060069590806961e-02
1.382757909595966339e-02
1.379272993654012680e-02
1.380953006446361542e-02
1.381892990320920944e-02
1.383352000266313553e-02
1.379722449928522110e-02
1.380199939012527466e-02
1.380620617419481277e-02
1.380922831594944000e-02
1.379173155874013901e-02
1.375566329807043076e-02
1.384384743869304657e-02
1.382023561745882034e-02
1.381819974631071091e-02
1.379787083715200424e-02
1.380359008908271790e-02
1.381448749452829361e-02
1.381552033126354218e-02
1.383189205080270767e-02
1.378939580172300339e-02
1.381705794483423233e-02
1.382480561733245850e-02
1.382154691964387894e-02
1.379487477242946625e-02
1.379674486815929413e-02
1.383352093398571014e-02
1.381904818117618561e-02
1.383626088500022888e-02
1.378284860402345657e-02
1.381169259548187256e-02
1.381263136863708496e-02
1.379609294235706329e-02
1.380207017064094543e-02
1.382410340011119843e-02
1.383262407034635544e-02
1.383903436362743378e-02
1.383352931588888168e-02
1.382061745971441269e-02
1.381489727646112442e-02
1.381730753928422928e-02
1.381451264023780823e-02
1.380593702197074890e-02
1.379021257162094116e-02
1.383548229932785034e-02
1.380196679383516312e-02
1.378130912780761719e-02
1.380754262208938599e-02
1.380243897438049316e-02
1.380473095923662186e-02
1.380565110594034195e-02
1.381597947329282761e-02
1.381508726626634598e-02
1.381697226315736771e-02
1.381756458431482315e-02
1.382034365087747574e-02
1.381803210824728012e-02
1.380271278321743011e-02
1.377541013062000275e-02
1.379942707717418671e-02
1.381224393844604492e-02
1.380043011158704758e-02
1.379632297903299332e-02
1.379686314612627029e-02
1.381093263626098633e-02
1.381076034158468246e-02
1.380860991775989532e-02
1.379740051925182343e-02
1.379465591162443161e-02
1.380949001759290695e-02
1.380249019712209702e-02
1.382760982960462570e-02
1.380671095103025436e-02
1.380798127502202988e-02
1.379559468477964401e-02
1.381457224488258362e-02
1.379950158298015594e-02
1.380468998104333878e-02
1.384157035499811172e-02
1.379917841404676437e-02
1.380710024386644363e-02
1.378955505788326263e-02
1.381140667945146561e-02
1.382906828075647354e-02
1.380787510424852371e-02
1.379960309714078903e-02
1.382368151098489761e-02
1.382887549698352814e-02
1.381538715213537216e-02
1.379952579736709595e-02
1.380443759262561798e-02
1.379461307078599930e-02
1.379535906016826630e-02
1.380720175802707672e-02
1.381283905357122421e-02
1.380049530416727066e-02
1.381324604153633118e-02
1.383042521774768829e-02
1.378862187266349792e-02
1.380857825279235840e-02
1.381083112210035324e-02
1.379835978150367737e-02
1.381582114845514297e-02
1.378566958010196686e-02
1.378876157104969025e-02
1.380002312362194061e-02
1.379768736660480499e-02
1.381279900670051575e-02
1.378246396780014038e-02
1.378845889121294022e-02
1.381475385278463364e-02
1.383143663406372070e-02
1.379697583615779877e-02
1.384094171226024628e-02
1.381335128098726273e-02
1.380480453372001648e-02
1.380483247339725494e-02
1.380343735218048096e-02
1.379619725048542023e-02
1.380885951220989227e-02
1.381019782274961472e-02
1.382655650377273560e-02
1.382646244019269943e-02
1.381800230592489243e-02
1.382669620215892792e-02
1.380487438291311264e-02
1.383094768971204758e-02
1.380032859742641449e-02
1.380416937172412872e-02
1.380194071680307388e-02
1.382665988057851791e-02
1.379951089620590210e-02
1.381344068795442581e-02
1.380915753543376923e-02
1.380929350852966309e-02
1.382720097899436951e-02
1.378342136740684509e-02
1.380437612533569336e-02
1.380718871951103210e-02
1.377885881811380386e-02
1.381947938352823257e-02
1.380432303994894028e-02
1.381293125450611115e-02
1.380717381834983826e-02
1.381005439907312393e-02
1.380676310509443283e-02
1.379471737891435623e-02
1.380512211471796036e-02
1.380181126296520233e-02
1.380349881947040558e-02
1.381140109151601791e-02
1.379755232483148575e-02
1.379956584423780441e-02
1.378284767270088196e-02
1.380614936351776123e-02
1.377531141042709351e-02
1.382532436400651932e-02
1.382311712950468063e-02
1.384339202195405960e-02
1.379847992211580276e-02
1.382436323910951614e-02
1.379494834691286087e-02
1.380486600100994110e-02
1.380375865846872330e-02
1.379303168505430222e-02
1.378616038709878922e-02
1.381016243249177933e-02
1.379080116748809814e-02
1.380666904151439667e-02
1.378377806395292282e-02
1.379996724426746368e-02
1.381129864603281021e-02
1.381690427660942078e-02
1.380702573806047440e-02
1.379979494959115982e-02
1.379030011594295502e-02
1.378853432834148407e-02
1.380510907620191574e-02
1.381306536495685577e-02
1.380649115890264511e-02
1.378122158348560333e-02
1.379901170730590820e-02
1.378833409398794174e-02
1.381424628198146820e-02
1.380079984664916992e-02
1.379606220871210098e-02
1.381247304379940033e-02
1.380648463964462280e-02
1.379960589110851288e-02
1.383627578616142273e-02
1.381484139710664749e-02
1.379357278347015381e-02
1.383541431277990341e-02
1.378994714468717575e-02
1.380477100610733032e-02
1.379808131605386734e-02
1.380645204335451126e-02
1.378664188086986542e-02
1.381338015198707581e-02
1.379417907446622849e-02
1.379396114498376846e-02
1.378788985311985016e-02
1.381671801209449768e-02
1.382302306592464447e-02
1.377682108432054520e-02
1.379780005663633347e-02
1.379362214356660843e-02
1.381220016628503799e-02
1.379420980811119080e-02
1.379540655761957169e-02
1.381984818726778030e-02
1.380002684891223907e-02
1.380461081862449646e-02
1.381405070424079895e-02
1.380073186010122299e-02
1.378570217639207840e-02
1.379419025033712387e-02
1.379716582596302032e-02
1.378869358450174332e-02
1.380636170506477356e-02
1.381435710936784744e-02
1.381233613938093185e-02
1.383758056908845901e-02
1.381733920425176620e-02
1.382668688893318176e-02
1.379111781716346741e-02
1.381414942443370819e-02
1.379867829382419586e-02
1.379049010574817657e-02
1.378971245139837265e-02
1.378791406750679016e-02
1.378690171986818314e-02
1.383832842111587524e-02
1.379651855677366257e-02
1.380745321512222290e-02
1.382323540747165680e-02
1.380538661032915115e-02
1.378768496215343475e-02
1.380956079810857773e-02
1.383216772228479385e-02
1.379987038671970367e-02
1.380900759249925613e-02
1.381009910255670547e-02
1.380725670605897903e-02
1.384199690073728561e-02
1.379122305661439896e-02
1.380520779639482498e-02
1.377870049327611923e-02
1.381633989512920380e-02
1.379013992846012115e-02
1.379055343568325043e-02
1.378871593624353409e-02
1.380961015820503235e-02
1.377920061349868774e-02
1.381590403616428375e-02
1.380339916795492172e-02
1.380958408117294312e-02
1.382076647132635117e-02
1.379929669201374054e-02
1.379304565489292145e-02
1.380332838743925095e-02
1.377731747925281525e-02
1.378618367016315460e-02
1.380848232656717300e-02
1.379874907433986664e-02
1.378125511109828949e-02
1.379205659031867981e-02
1.377802807837724686e-02
1.380974240601062775e-02
1.379707362502813339e-02
1.380351278930902481e-02
1.381607819348573685e-02
1.380268204957246780e-02
1.379603985697031021e-02
1.379966083914041519e-02
1.378392986953258514e-02
1.378173846751451492e-02
1.382930856198072433e-02
1.378570031374692917e-02
1.379317045211791992e-02
1.381265558302402496e-02
1.379992533475160599e-02
1.379473414272069931e-02
1.381880417466163635e-02
1.380407251417636871e-02
1.379349641501903534e-02
1.380485575646162033e-02
1.380992680788040161e-02
1.378235314041376114e-02
1.379699725657701492e-02
1.380686927586793900e-02
1.381721813231706619e-02
1.380800455808639526e-02
1.381874084472656250e-02
1.381331682205200195e-02
1.381745189428329468e-02
1.382536999881267548e-02
1.381757482886314392e-02
1.381108071655035019e-02
1.379237044602632523e-02
1.380716729909181595e-02
1.377213373780250549e-02
1.379850786179304123e-02
1.380180194973945618e-02
1.379318535327911377e-02
1.380798127502202988e-02
1.382066402584314346e-02
1.380235329270362854e-02
1.382378023117780685e-02
1.379093062132596970e-02
1.377938967198133469e-02
1.377998199313879013e-02
1.377992983907461166e-02
1.381378062069416046e-02
1.380331255495548248e-02
1.378745120018720627e-02
1.381455734372138977e-02
1.378858648240566254e-02
1.379641145467758179e-02
1.380555424839258194e-02
1.378804445266723633e-02
1.379460189491510391e-02
1.380665972828865051e-02
1.379747502505779266e-02
1.379608921706676483e-02
1.379913091659545898e-02
1.379911322146654129e-02
1.379841379821300507e-02
1.381204836070537567e-02
1.381632778793573380e-02
1.381250470876693726e-02
1.379909832030534744e-02
1.377938967198133469e-02
1.381038874387741089e-02
1.378075033426284790e-02
1.381270308047533035e-02
1.379699073731899261e-02
1.379217300564050674e-02
1.378967519849538803e-02
1.380118727684020996e-02
1.379390247166156769e-02
1.376762427389621735e-02
1.380704715847969055e-02
1.378535293042659760e-02
1.378442533314228058e-02
1.382497046142816544e-02
1.381933316588401794e-02
1.379751414060592651e-02
1.381752733141183853e-02
1.379878446459770203e-02
1.380336470901966095e-02
1.380236726254224777e-02
1.380238402634859085e-02
1.382403820753097534e-02
1.381401531398296356e-02
1.380840688943862915e-02
1.381637062877416611e-02
1.381075568497180939e-02
1.379707362502813339e-02
1.381435059010982513e-02
1.381451543420553207e-02
1.378827448934316635e-02
1.380318962037563324e-02
1.381440181285142899e-02
1.379071082919836044e-02
1.380038913339376450e-02
1.378421485424041748e-02
1.379325799643993378e-02
1.382685918360948563e-02
1.381363067775964737e-02
1.382111292332410812e-02
1.380876544862985611e-02
1.381706073880195618e-02
1.379230991005897522e-02
1.383145246654748917e-02
1.381045486778020859e-02
1.381357107311487198e-02
1.379264704883098602e-02
1.378418412059545517e-02
1.383606810122728348e-02
1.380906999111175537e-02
1.379931624978780746e-02
1.379649899899959564e-02
1.382154505699872971e-02
1.380369439721107483e-02
1.380174234509468079e-02
1.380254421383142471e-02
1.380459684878587723e-02
1.380368787795305252e-02
1.379469316452741623e-02
1.381595805287361145e-02
1.381494756788015366e-02
1.378323603421449661e-02
1.378845982253551483e-02
1.377898640930652618e-02
1.378356106579303741e-02
1.379153039306402206e-02
1.380105596035718918e-02
1.379801239818334579e-02
1.379550620913505554e-02
1.383465807884931564e-02
1.381407678127288818e-02
1.378826051950454712e-02
1.380226388573646545e-02
1.379887945950031281e-02
1.378050446510314941e-02
1.381422765552997589e-02
1.380590628832578659e-02
1.379745826125144958e-02
1.380692608654499054e-02
1.379670202732086182e-02
1.379745826125144958e-02
1.380287948995828629e-02
1.380147039890289307e-02
1.382000558078289032e-02
1.378603558987379074e-02
1.379791554063558578e-02
1.380618289113044739e-02
1.379215344786643982e-02
1.383185572922229767e-02
1.380674634128808975e-02
1.381825748831033707e-02
1.379847060889005661e-02
1.379986573010683060e-02
1.379971206188201904e-02
1.377368438988924026e-02
1.380580477416515350e-02
1.379422191530466080e-02
1.381899043917655945e-02
1.380819547921419144e-02
1.378690078854560852e-02
1.380311883985996246e-02
1.381291914731264114e-02
1.379640027880668640e-02
1.378830056637525558e-02
1.380542293190956116e-02
1.379867084324359894e-02
1.381697785109281540e-02
1.382075622677803040e-02
1.380238402634859085e-02
1.377867255359888077e-02
1.380306016653776169e-02
1.379411574453115463e-02
1.379977539181709290e-02
1.380946114659309387e-02
1.379980891942977905e-02
1.378609146922826767e-02
1.379702799022197723e-02
1.380906905978918076e-02
1.380538474768400192e-02
1.380099821835756302e-02
1.379489246755838394e-02
1.380550302565097809e-02
1.379839330911636353e-02
1.380231790244579315e-02
1.379896886646747589e-02
1.380787976086139679e-02
1.381374523043632507e-02
1.382097695022821426e-02
1.382046658545732498e-02
1.378710381686687469e-02
1.378985680639743805e-02
1.378884632140398026e-02
1.380277425050735474e-02
1.381511706858873367e-02
1.379763241857290268e-02
1.379446499049663544e-02
1.382201071828603745e-02
1.380364317446947098e-02
1.383098587393760681e-02
1.379815395921468735e-02
1.379235181957483292e-02
1.378628797829151154e-02
1.380938570946455002e-02
1.379764173179864883e-02
1.381751336157321930e-02
1.381854433566331863e-02
1.379808411002159119e-02
1.380284409970045090e-02
1.379776746034622192e-02
1.381243579089641571e-02
1.380612421780824661e-02
1.378756761550903320e-02
1.376808248460292816e-02
1.381159108132123947e-02
1.378433499485254288e-02
1.379764266312122345e-02
1.380523853003978729e-02
1.381008420139551163e-02
1.378870941698551178e-02
1.381837949156761169e-02
1.382278185337781906e-02
1.382177602499723434e-02
1.379622519016265869e-02
1.379756350070238113e-02
1.378425955772399902e-02
1.377978175878524780e-02
1.382261514663696289e-02
1.379189174622297287e-02
1.380868442356586456e-02
1.380412187427282333e-02
1.380771491676568985e-02
1.381244231015443802e-02
1.381311379373073578e-02
1.380683388561010361e-02
1.379741821438074112e-02
1.378337666392326355e-02
1.380352862179279327e-02
1.381841488182544708e-02
1.380663644522428513e-02
1.381694618612527847e-02
1.381056196987628937e-02
1.379673741757869720e-02
1.381949800997972488e-02
1.377769000828266144e-02
1.380033139139413834e-02
1.381348911672830582e-02
1.381267886608839035e-02
1.379857491701841354e-02
1.379820611327886581e-02
1.377878151834011078e-02
1.382290292531251907e-02
1.379817817360162735e-02
1.380058377981185913e-02
1.380396354943513870e-02
1.378716807812452316e-02
1.380381081253290176e-02
1.380576193332672119e-02
1.386692933738231659e-02
1.380839850753545761e-02
1.381326373666524887e-02
1.380852703005075455e-02
1.379586197435855865e-02
1.379835978150367737e-02
1.382300816476345062e-02
1.378150749951601028e-02
1.380305271595716476e-02
1.380121055990457535e-02
1.381646469235420227e-02
1.381292007863521576e-02
1.378543488681316376e-02
1.381272636353969574e-02
1.379549596458673477e-02
1.381717063486576080e-02
1.383952517062425613e-02
1.380607578903436661e-02
