5.527470633387565613e-02
1.440509408712387085e-02
1.419632229954004288e-02
1.454493030905723572e-02
1.518162712454795837e-02
1.436199340969324112e-02
1.500979065895080566e-02
1.531345583498477936e-02
1.460994873195886612e-02
1.464813761413097382e-02
1.479266863316297531e-02
1.507070101797580719e-02
1.486826874315738678e-02
1.455995813012123108e-02
1.501408591866493225e-02
1.478101219981908798e-02
1.438707858324050903e-02
1.445634290575981140e-02
1.495331060141324997e-02
1.489548385143280029e-02
1.448598969727754593e-02
1.450147479772567749e-02
1.471885573118925095e-02
1.435687486082315445e-02
1.489409431815147400e-02
1.527449116110801697e-02
1.502769533544778824e-02
1.508597284555435181e-02
1.463166531175374985e-02
1.497644931077957153e-02
1.445507537573575974e-02
1.460904441773891449e-02
1.445273868739604950e-02
1.469670236110687256e-02
1.438654586672782898e-02
1.424682047218084335e-02
1.452730223536491394e-02
1.522413641214370728e-02
1.455481722950935364e-02
1.558303833007812500e-02
1.480731368064880371e-02
1.426896918565034866e-02
1.451500039547681808e-02
1.431613601744174957e-02
1.426680013537406921e-02
1.439293008297681808e-02
1.451890729367733002e-02
1.462249178439378738e-02
1.435409020632505417e-02
1.451622880995273590e-02
1.443719863891601562e-02
1.421424001455307007e-02
1.461522188037633896e-02
1.460254844278097153e-02
1.466803532093763351e-02
1.424214616417884827e-02
1.431814301759004593e-02
1.428889576345682144e-02
1.507908571511507034e-02
1.505471672862768173e-02
1.435483153909444809e-02
1.416956726461648941e-02
1.468652952462434769e-02
1.431628782302141190e-02
1.442045439034700394e-02
1.471546199172735214e-02
1.451641228049993515e-02
1.426494214683771133e-02
1.439775526523590088e-02
1.430893223732709885e-02
1.413422822952270508e-02
1.446072012186050415e-02
1.428592577576637268e-02
1.422940380871295929e-02
1.451876200735569000e-02
1.437652017921209335e-02
1.437711715698242188e-02
1.426675077527761459e-02
1.416684128344058990e-02
1.419497467577457428e-02
1.461764331907033920e-02
1.420163828879594803e-02
1.438535843044519424e-02
1.426478009670972824e-02
1.461493596434593201e-02
1.414118148386478424e-02
1.431724149733781815e-02
1.416909601539373398e-02
1.405595615506172180e-02
1.421743165701627731e-02
1.419835537672042847e-02
1.443021371960639954e-02
1.422959100455045700e-02
1.420805882662534714e-02
1.423094701021909714e-02
1.431522238999605179e-02
1.456770766526460648e-02
1.446426101028919220e-02
1.420641224831342697e-02
1.402437128126621246e-02
1.429584529250860214e-02
1.414873637259006500e-02
1.411465555429458618e-02
1.413269527256488800e-02
1.465636491775512695e-02
1.423238962888717651e-02
1.460613775998353958e-02
1.437539700418710709e-02
1.439539715647697449e-02
1.413714233785867691e-02
1.432658918201923370e-02
1.432701852172613144e-02
1.426346041262149811e-02
1.444659661501646042e-02
1.427424792200326920e-02
1.401740778237581253e-02
1.429485157132148743e-02
1.427841838449239731e-02
1.436437759548425674e-02
1.413673255592584610e-02
1.410384476184844971e-02
1.410521194338798523e-02
1.420400943607091904e-02
1.417166180908679962e-02
1.415025163441896439e-02
1.436655875295400620e-02
1.412814855575561523e-02
1.409971155226230621e-02
1.414127368479967117e-02
1.421471871435642242e-02
1.412504911422729492e-02
1.430012471973896027e-02
1.414406951516866684e-02
1.408741902559995651e-02
1.434906199574470520e-02
1.408714801073074341e-02
1.448279805481433868e-02
1.417340897023677826e-02
1.419248897582292557e-02
1.410036813467741013e-02
1.418104209005832672e-02
1.417361572384834290e-02
1.411697175353765488e-02
1.440487522631883621e-02
1.414764486253261566e-02
1.397655811160802841e-02
1.401687134057283401e-02
1.420639362186193466e-02
1.425331458449363708e-02
1.392496470361948013e-02
1.410209108144044876e-02
1.420876290649175644e-02
1.404741685837507248e-02
1.420588791370391846e-02
1.404977310448884964e-02
1.407502684742212296e-02
1.405265275388956070e-02
1.430662535130977631e-02
1.432620920240879059e-02
1.408991683274507523e-02
1.422611996531486511e-02
1.409021764993667603e-02
1.410963572561740875e-02
1.404021214693784714e-02
1.404467970132827759e-02
1.412015687674283981e-02
1.404536608606576920e-02
1.403265725821256638e-02
1.432889234274625778e-02
1.420197635889053345e-02
1.405459642410278320e-02
1.404244825243949890e-02
1.402357500046491623e-02
1.406727731227874756e-02
1.407263334840536118e-02
1.414616778492927551e-02
1.414168067276477814e-02
1.426655519753694534e-02
1.408188231289386749e-02
1.431908179074525833e-02
1.406239718198776245e-02
1.395420543849468231e-02
1.390605699270963669e-02
1.416383590549230576e-02
1.421133801341056824e-02
1.388943288475275040e-02
1.416223309934139252e-02
1.398770883679389954e-02
1.408675126731395721e-02
1.412933692336082458e-02
1.403496973216533661e-02
1.403213944286108017e-02
1.394695788621902466e-02
1.404112856835126877e-02
1.403803378343582153e-02
1.394260488450527191e-02
1.390012446790933609e-02
1.390658318996429443e-02
1.403137668967247009e-02
1.393536571413278580e-02
1.407541800290346146e-02
1.396135240793228149e-02
1.407891232520341873e-02
1.402387581765651703e-02
1.411019265651702881e-02
1.407857891172170639e-02
1.420437917113304138e-02
1.407537888735532761e-02
1.409987825900316238e-02
1.398841291666030884e-02
1.396726910024881363e-02
1.388171222060918808e-02
1.394608430564403534e-02
1.403803378343582153e-02
1.406678650528192520e-02
1.397199649363756180e-02
1.389925554394721985e-02
1.392796449363231659e-02
1.415837835520505905e-02
1.396486535668373108e-02
1.394391804933547974e-02
1.398241613060235977e-02
1.406922470778226852e-02
1.402035728096961975e-02
1.411624904721975327e-02
1.392841991037130356e-02
1.413285359740257263e-02
1.399202924221754074e-02
1.400335971266031265e-02
1.400996930897235870e-02
1.416200026869773865e-02
1.398819033056497574e-02
1.393684744834899902e-02
1.398388668894767761e-02
1.414637919515371323e-02
1.398752257227897644e-02
1.395364571362733841e-02
1.396331749856472015e-02
1.400354783982038498e-02
1.410536654293537140e-02
1.406345050781965256e-02
1.394852530211210251e-02
1.390640530735254288e-02
1.402915362268686295e-02
1.391538046300411224e-02
1.389997825026512146e-02
1.400863006711006165e-02
1.403319463133811951e-02
1.412366237491369247e-02
1.411224808543920517e-02
1.395831909030675888e-02
1.401225663721561432e-02
1.389401778578758240e-02
1.397272571921348572e-02
1.398937776684761047e-02
1.394477207213640213e-02
1.417424902319908142e-02
1.398234255611896515e-02
1.397028286010026932e-02
1.410715933889150620e-02
1.394687127321958542e-02
1.402146555483341217e-02
1.398628018796443939e-02
1.385977678000926971e-02
1.399093307554721832e-02
1.401226595044136047e-02
1.399493683129549026e-02
1.395555492490530014e-02
1.396767422556877136e-02
1.409339625388383865e-02
1.398539077490568161e-02
1.402356848120689392e-02
1.393475383520126343e-02
1.392969582229852676e-02
1.389581151306629181e-02
1.401273068040609360e-02
1.401889510452747345e-02
1.399276219308376312e-02
1.392576657235622406e-02
1.401723921298980713e-02
1.402818970382213593e-02
1.409798767417669296e-02
1.396247651427984238e-02
1.399704068899154663e-02
1.391658745706081390e-02
1.390493754297494888e-02
1.403427589684724808e-02
1.390142086893320084e-02
1.400423049926757812e-02
1.390817388892173767e-02
1.390055846422910690e-02
1.395183708518743515e-02
1.394974347203969955e-02
1.395080611109733582e-02
1.402354892343282700e-02
1.402918156236410141e-02
1.392287854105234146e-02
1.399599201977252960e-02
1.396847050637006760e-02
1.392323430627584457e-02
1.397342327982187271e-02
1.396055519580841064e-02
1.407646480947732925e-02
1.394673902541399002e-02
1.385561842471361160e-02
1.393192168325185776e-02
1.391800306737422943e-02
1.389912981539964676e-02
1.394494995474815369e-02
1.402396522462368011e-02
1.395198795944452286e-02
1.399429887533187866e-02
1.398902293294668198e-02
1.390010491013526917e-02
1.389064453542232513e-02
1.389372162520885468e-02
1.400786638259887695e-02
1.404075976461172104e-02
1.396932173520326614e-02
1.392749231308698654e-02
1.402145531028509140e-02
1.385716907680034637e-02
1.380809675902128220e-02
1.392356958240270615e-02
1.407945342361927032e-02
1.387612149119377136e-02
1.395218446850776672e-02
1.386954542249441147e-02
1.399039290845394135e-02
1.392609998583793640e-02
1.399943139404058456e-02
1.394699607044458389e-02
1.391921006143093109e-02
1.405364181846380234e-02
1.388986967504024506e-02
1.394178904592990875e-02
1.397629734128713608e-02
1.411646604537963867e-02
1.399414613842964172e-02
1.383874937891960144e-02
1.393364276736974716e-02
1.394253876060247421e-02
1.399830263108015060e-02
1.398773770779371262e-02
1.405309233814477921e-02
1.394684705883264542e-02
1.397546008229255676e-02
1.392762549221515656e-02
1.407621335238218307e-02
1.394348032772541046e-02
1.389093510806560516e-02
1.389758940786123276e-02
1.396137382835149765e-02
1.397505588829517365e-02
1.385210826992988586e-02
1.394201442599296570e-02
1.397496461868286133e-02
1.394264120608568192e-02
1.408306229859590530e-02
1.383682806044816971e-02
1.398615352809429169e-02
1.387302298098802567e-02
1.399228814989328384e-02
1.392798870801925659e-02
1.390205323696136475e-02
1.382022816687822342e-02
1.394044794142246246e-02
1.398202404379844666e-02
1.390182413160800934e-02
1.395157817751169205e-02
1.395281497389078140e-02
1.400029286742210388e-02
1.386283710598945618e-02
1.389720011502504349e-02
1.402296684682369232e-02
1.392727531492710114e-02
1.391930133104324341e-02
1.397027634084224701e-02
1.400326751172542572e-02
1.395264640450477600e-02
1.392756868153810501e-02
1.389426831156015396e-02
1.408268697559833527e-02
1.399615965783596039e-02
1.400812063366174698e-02
1.385199464857578278e-02
1.394075620919466019e-02
1.404544804245233536e-02
1.391580980271100998e-02
1.394567172974348068e-02
1.394553296267986298e-02
1.397993601858615875e-02
1.394714508205652237e-02
1.401479821652173996e-02
1.389724668115377426e-02
1.390863209962844849e-02
1.399642694741487503e-02
1.401896961033344269e-02
1.397932693362236023e-02
1.391204819083213806e-02
1.392662897706031799e-02
1.393216662108898163e-02
1.391455903649330139e-02
1.398432347923517227e-02
1.391165610402822495e-02
1.391947921365499496e-02
1.393782440572977066e-02
1.390482112765312195e-02
1.390367653220891953e-02
1.405304484069347382e-02
1.394500397145748138e-02
1.394055876880884171e-02
1.393823977559804916e-02
1.398350764065980911e-02
1.418234873563051224e-02
1.398676633834838867e-02
1.394722517579793930e-02
1.388029102236032486e-02
1.388256903737783432e-02
1.383264921605587006e-02
1.400595344603061676e-02
1.396990101784467697e-02
1.406663749366998672e-02
1.387993153184652328e-02
1.384579110890626907e-02
1.389426738023757935e-02
1.397251617163419724e-02
1.390738971531391144e-02
1.383936963975429535e-02
1.392983738332986832e-02
1.393329072743654251e-02
1.398900896310806274e-02
1.392761804163455963e-02
1.391124725341796875e-02
1.394737605005502701e-02
1.395951863378286362e-02
1.391732878983020782e-02
1.392853911966085434e-02
1.394986826926469803e-02
1.384635083377361298e-02
1.392153464257717133e-02
1.395291090011596680e-02
1.396736036986112595e-02
1.404028851538896561e-02
1.387640740722417831e-02
1.394089870154857635e-02
1.392934285104274750e-02
1.392458286136388779e-02
1.390846632421016693e-02
1.396325509995222092e-02
1.391983032226562500e-02
1.388997863978147507e-02
1.395851373672485352e-02
1.392066385596990585e-02
1.393711939454078674e-02
1.392752397805452347e-02
1.395775470882654190e-02
1.404897589236497879e-02
1.386358216404914856e-02
1.389728020876646042e-02
1.404528785496950150e-02
1.388125773519277573e-02
1.389781758189201355e-02
1.400885730981826782e-02
1.398491859436035156e-02
1.388067565858364105e-02
1.400478463619947433e-02
1.395743247121572495e-02
1.394223235547542572e-02
1.387157104909420013e-02
1.398225873708724976e-02
1.386768091470003128e-02
1.394810806959867477e-02
1.393453869968652725e-02
1.401480659842491150e-02
1.395841687917709351e-02
1.396888960152864456e-02
1.398756727576255798e-02
1.408098172396421432e-02
1.389243640005588531e-02
1.397905778139829636e-02
1.388422399759292603e-02
1.389802526682615280e-02
1.390321832150220871e-02
1.394034363329410553e-02
1.391273457556962967e-02
1.392595656216144562e-02
1.389691606163978577e-02
1.387432776391506195e-02
1.390744000673294067e-02
1.394954696297645569e-02
1.388375367969274521e-02
1.396134775131940842e-02
1.399950869381427765e-02
1.418875437229871750e-02
1.395901106297969818e-02
1.393759902566671371e-02
1.387363206595182419e-02
1.392905041575431824e-02
1.399658713489770889e-02
1.392311602830886841e-02
1.386153511703014374e-02
1.396318897604942322e-02
1.400511339306831360e-02
1.388148777186870575e-02
1.385663542896509171e-02
1.391049381345510483e-02
1.390894874930381775e-02
1.389292720705270767e-02
1.386419404298067093e-02
1.391885709017515182e-02
1.393551100045442581e-02
1.396221946924924850e-02
1.401755306869745255e-02
1.396249979734420776e-02
1.393628865480422974e-02
1.387578248977661133e-02
1.388222165405750275e-02
1.393731683492660522e-02
1.398772839456796646e-02
1.387744396924972534e-02
1.388560235500335693e-02
1.395985111594200134e-02
1.390549913048744202e-02
1.393256615847349167e-02
1.393506769090890884e-02
1.395530812442302704e-02
1.394157111644744873e-02
1.407663431018590927e-02
1.399232354015111923e-02
1.385710667818784714e-02
1.396357920020818710e-02
1.389199867844581604e-02
1.394946221262216568e-02
1.389056444168090820e-02
1.392735820263624191e-02
1.384579110890626907e-02
1.402213610708713531e-02
1.385209057480096817e-02
1.395213231444358826e-02
1.389331184327602386e-02
1.395991723984479904e-02
1.384539715945720673e-02
1.387080829590559006e-02
1.388146448880434036e-02
1.399690099060535431e-02
1.399244461208581924e-02
1.383390557020902634e-02
1.392526924610137939e-02
1.383553352206945419e-02
1.395905669778585434e-02
1.383101567625999451e-02
1.397695206105709076e-02
1.394141372293233871e-02
1.390195637941360474e-02
1.402056869119405746e-02
1.383635308593511581e-02
1.393877621740102768e-02
1.399075333029031754e-02
1.393174007534980774e-02
1.392549742013216019e-02
1.392203010618686676e-02
1.392845343798398972e-02
1.386069040745496750e-02
1.405488420277833939e-02
1.394904684275388718e-02
1.394964661449193954e-02
1.387879624962806702e-02
1.391046121716499329e-02
1.388001628220081329e-02
1.390650682151317596e-02
1.391251757740974426e-02
1.387517526745796204e-02
1.390419341623783112e-02
1.394349057227373123e-02
1.386073790490627289e-02
1.406014151871204376e-02
1.390432100743055344e-02
1.389057375490665436e-02
1.391592621803283691e-02
1.376751344650983810e-02
1.384024508297443390e-02
1.387234777212142944e-02
1.390331052243709564e-02
1.389120332896709442e-02
1.388929132372140884e-02
1.392671559005975723e-02
1.388924848288297653e-02
1.384779904037714005e-02
1.385987829416990280e-02
1.391617115586996078e-02
1.391359884291887283e-02
1.389686949551105499e-02
1.386553049087524414e-02
1.389161124825477600e-02
1.389427762478590012e-02
1.387102529406547546e-02
1.392417866736650467e-02
1.396838482469320297e-02
1.391946431249380112e-02
1.391241047531366348e-02
1.390861347317695618e-02
1.387527398765087128e-02
1.382269058376550674e-02
1.393847167491912842e-02
1.386625412851572037e-02
1.388268824666738510e-02
1.387927494943141937e-02
1.397264376282691956e-02
1.400548592209815979e-02
1.396820787340402603e-02
1.385253295302391052e-02
1.382833905518054962e-02
1.393911615014076233e-02
1.388751622289419174e-02
1.388453692197799683e-02
1.384560018777847290e-02
1.385781727731227875e-02
1.387953106313943863e-02
1.388573180884122849e-02
1.386280078440904617e-02
1.399939786642789841e-02
1.390647608786821365e-02
1.388331968337297440e-02
1.384918484836816788e-02
1.393198315054178238e-02
1.389063522219657898e-02
1.387288141995668411e-02
1.394762657582759857e-02
1.387481112033128738e-02
1.390650309622287750e-02
1.389246899634599686e-02
1.382098998874425888e-02
1.388749480247497559e-02
1.385720167309045792e-02
1.396817248314619064e-02
1.385361794382333755e-02
1.387838833034038544e-02
1.386733353137969971e-02
1.388729270547628403e-02
1.397295761853456497e-02
1.385654043406248093e-02
1.387871149927377701e-02
1.391192991286516190e-02
1.393967308104038239e-02
1.389268599450588226e-02
1.383816171437501907e-02
1.393009349703788757e-02
1.396960765123367310e-02
1.384315825998783112e-02
1.388445030897855759e-02
1.388161536306142807e-02
1.393348164856433868e-02
1.384628936648368835e-02
1.397139206528663635e-02
1.386037934571504593e-02
1.388969458639621735e-02
1.391128450632095337e-02
1.387232076376676559e-02
1.389524433761835098e-02
1.388547662645578384e-02
1.387894246727228165e-02
1.390575245022773743e-02
1.392412465065717697e-02
1.388780493289232254e-02
1.383410766720771790e-02
1.392708718776702881e-02
1.396270282566547394e-02
1.396272424608469009e-02
1.383292861282825470e-02
1.388327684253454208e-02
1.388135738670825958e-02
1.391846407204866409e-02
1.390842627733945847e-02
1.386599987745285034e-02
1.397624146193265915e-02
1.387476455420255661e-02
1.386021357029676437e-02
1.388728246092796326e-02
1.392442174255847931e-02
1.381535176187753677e-02
1.382884383201599121e-02
1.399433426558971405e-02
1.390617154538631439e-02
1.387235615402460098e-02
1.389089692384004593e-02
1.388457324355840683e-02
1.390527933835983276e-02
1.390044577419757843e-02
1.389225665479898453e-02
1.387435849756002426e-02
1.388821937143802643e-02
1.390577759593725204e-02
1.390280295163393021e-02
1.390825677663087845e-02
1.392485667020082474e-02
1.388157531619071960e-02
1.390894502401351929e-02
1.391722727566957474e-02
1.399359665811061859e-02
1.389268413186073303e-02
1.386774145066738129e-02
1.397677045315504074e-02
1.393353752791881561e-02
1.389368996024131775e-02
1.384850963950157166e-02
1.408707536756992340e-02
1.389888022094964981e-02
1.383892446756362915e-02
1.382355671375989914e-02
1.387249864637851715e-02
1.396478991955518723e-02
1.388609316200017929e-02
1.384696643799543381e-02
1.387996040284633636e-02
1.389994006603956223e-02
1.393032819032669067e-02
1.390085648745298386e-02
1.397490315139293671e-02
1.394892483949661255e-02
1.385681424289941788e-02
1.387008279561996460e-02
1.388021465390920639e-02
1.382024399936199188e-02
1.395835541188716888e-02
1.383309345692396164e-02
1.390768028795719147e-02
1.392966508865356445e-02
1.389854960143566132e-02
1.386109460145235062e-02
1.395382545888423920e-02
1.390512846410274506e-02
1.394541468471288681e-02
1.382511854171752930e-02
1.397849991917610168e-02
1.383796799927949905e-02
1.386309321969747543e-02
1.385336555540561676e-02
1.389260403811931610e-02
1.389698032289743423e-02
1.378939207643270493e-02
1.383345015347003937e-02
1.386273093521595001e-02
1.403273269534111023e-02
1.381287071853876114e-02
1.391814462840557098e-02
1.394449640065431595e-02
1.387174986302852631e-02
1.389238331466913223e-02
1.384235359728336334e-02
1.385966595262289047e-02
1.392035186290740967e-02
1.392141729593276978e-02
1.386177353560924530e-02
1.381188072264194489e-02
1.386743690818548203e-02
1.391004305332899094e-02
1.386275421828031540e-02
1.388284470885992050e-02
1.390406396239995956e-02
1.387584023177623749e-02
1.385790016502141953e-02
1.387935318052768707e-02
1.389629580080509186e-02
1.379232387989759445e-02
1.387546025216579437e-02
1.387862209230661392e-02
1.392824295908212662e-02
1.386679802089929581e-02
1.380480173975229263e-02
1.383778080344200134e-02
1.383617427200078964e-02
1.391984149813652039e-02
1.391213014721870422e-02
1.388923544436693192e-02
1.384344231337308884e-02
1.394299510866403580e-02
1.393906399607658386e-02
1.387369818985462189e-02
1.385372411459684372e-02
1.396237686276435852e-02
1.397994253784418106e-02
1.385538186877965927e-02
1.388211734592914581e-02
1.378453802317380905e-02
1.389898825436830521e-02
1.382600143551826477e-02
1.394560374319553375e-02
1.388491783291101456e-02
1.388306729495525360e-02
1.386197283864021301e-02
1.388997677713632584e-02
1.388589479029178619e-02
1.386675331741571426e-02
1.381098572164773941e-02
1.395291928201913834e-02
1.388977840542793274e-02
1.386756543070077896e-02
1.390157174319028854e-02
1.388517674058675766e-02
1.383607927709817886e-02
1.391669549047946930e-02
1.392979174852371216e-02
1.389933284372091293e-02
1.385026425123214722e-02
1.379948575049638748e-02
1.385345775634050369e-02
1.387365255504846573e-02
1.391546986997127533e-02
1.386643387377262115e-02
1.390587259083986282e-02
1.388573646545410156e-02
1.385429129004478455e-02
1.381193008273839951e-02
1.391281746327877045e-02
1.390999089926481247e-02
1.395000983029603958e-02
1.398175768554210663e-02
1.389689277857542038e-02
1.389502268284559250e-02
1.386650744825601578e-02
1.385209802538156509e-02
1.394969690591096878e-02
1.384690962731838226e-02
1.388483960181474686e-02
1.386500615626573563e-02
1.384038198739290237e-02
1.387499552220106125e-02
1.392457541078329086e-02
1.387725025415420532e-02
1.389482896775007248e-02
1.391670666635036469e-02
1.383430883288383484e-02
1.386114209890365601e-02
1.381224021315574646e-02
1.384166628122329712e-02
1.388541050255298615e-02
1.390247978270053864e-02
1.388118974864482880e-02
1.381680741906166077e-02
1.386747509241104126e-02
1.383884157985448837e-02
1.393908262252807617e-02
1.394395995885133743e-02
1.391737256199121475e-02
1.389241032302379608e-02
1.384324673563241959e-02
1.383315864950418472e-02
1.388762425631284714e-02
1.394109148532152176e-02
1.390342414379119873e-02
1.388292945921421051e-02
1.382997538894414902e-02
1.390542369335889816e-02
1.382955163717269897e-02
1.389745622873306274e-02
1.383823622018098831e-02
1.391251292079687119e-02
1.386560965329408646e-02
1.386433001607656479e-02
1.381026580929756165e-02
1.390688959509134293e-02
1.384345348924398422e-02
1.390371657907962799e-02
1.386651024222373962e-02
1.388509385287761688e-02
1.386582199484109879e-02
1.384187210351228714e-02
1.386069972068071365e-02
1.388526428490877151e-02
1.384291611611843109e-02
1.389304548501968384e-02
1.389227248728275299e-02
1.390371657907962799e-02
1.391849387437105179e-02
1.384770218282938004e-02
1.386127620935440063e-02
1.401352137327194214e-02
1.387162692844867706e-02
1.387686096131801605e-02
1.385528314858675003e-02
1.390700694173574448e-02
1.394918002188205719e-02
1.385444030165672302e-02
1.379559468477964401e-02
1.381790544837713242e-02
1.384097337722778320e-02
1.387988682836294174e-02
1.386984437704086304e-02
1.389204431325197220e-02
1.383477821946144104e-02
1.386645995080471039e-02
1.389972027391195297e-02
1.384767983108758926e-02
1.385591551661491394e-02
1.381803676486015320e-02
1.392075978219509125e-02
1.388474274426698685e-02
1.392107736319303513e-02
1.390564534813165665e-02
1.387038081884384155e-02
1.393872499465942383e-02
1.382248476147651672e-02
1.386806461960077286e-02
1.385395880788564682e-02
1.382341980934143066e-02
1.386192068457603455e-02
1.383600570261478424e-02
1.390019524842500687e-02
1.387261133641004562e-02
1.393651030957698822e-02
1.386618614196777344e-02
1.395418681204319000e-02
1.385595742613077164e-02
1.382583193480968475e-02
1.397847849875688553e-02
1.383132766932249069e-02
1.386073045432567596e-02
1.383115444332361221e-02
1.390506699681282043e-02
1.389552094042301178e-02
1.390994712710380554e-02
1.384254079312086105e-02
1.389864925295114517e-02
1.379975769668817520e-02
1.391846127808094025e-02
1.385174412280321121e-02
1.387284789234399796e-02
1.381140388548374176e-02
1.380734611302614212e-02
1.385489013046026230e-02
1.394035387784242630e-02
1.389080192893743515e-02
1.385005097836256027e-02
1.391037367284297943e-02
1.391158718615770340e-02
1.389835122972726822e-02
1.389867905527353287e-02
1.386477705091238022e-02
1.385763660073280334e-02
1.385985687375068665e-02
1.388177834451198578e-02
1.388411968946456909e-02
1.387184951454401016e-02
1.388331688940525055e-02
1.385149918496608734e-02
1.392499264329671860e-02
1.388635765761137009e-02
1.387419831007719040e-02
1.388572249561548233e-02
1.382774207741022110e-02
1.392529718577861786e-02
1.390937715768814087e-02
1.389441639184951782e-02
1.377008762210607529e-02
1.390444207936525345e-02
1.384223625063896179e-02
1.385783962905406952e-02
1.385848131030797958e-02
1.393138989806175232e-02
1.385134551674127579e-02
1.381207164376974106e-02
1.388863008469343185e-02
1.391869224607944489e-02
1.391133014112710953e-02
1.391739211976528168e-02
1.382286008447408676e-02
1.387066952884197235e-02
1.379742752760648727e-02
1.385695114731788635e-02
1.388683635741472244e-02
1.387400738894939423e-02
1.389588695019483566e-02
1.388972997665405273e-02
1.389586739242076874e-02
1.387700997292995453e-02
1.389883365482091904e-02
1.388178020715713501e-02
1.391299441456794739e-02
1.384113263338804245e-02
1.387335266917943954e-02
1.383887883275747299e-02
1.386433839797973633e-02
1.387521345168352127e-02
1.386989001184701920e-02
1.387052517384290695e-02
1.385247893631458282e-02
1.383674331009387970e-02
1.384861581027507782e-02
1.391239464282989502e-02
1.393443066626787186e-02
1.389905437827110291e-02
1.386494468897581100e-02
1.390227209776639938e-02
1.381387840956449509e-02
1.390673685818910599e-02
1.385216694325208664e-02
1.379339024424552917e-02
1.388901751488447189e-02
1.384964305907487869e-02
