9.316617250442504883e-02
1.830569840967655182e-02
1.501354388892650604e-02
1.446587033569812775e-02
1.436019688844680786e-02
1.461860630661249161e-02
1.494224648922681808e-02
1.451598294079303741e-02
1.444867998361587524e-02
1.437020488083362579e-02
1.441494096070528030e-02
1.518966630101203918e-02
1.551659498363733292e-02
1.527449861168861389e-02
1.439128257334232330e-02
1.476537343114614487e-02
1.469550002366304398e-02
1.501325797289609909e-02
1.442277617752552032e-02
1.466520503163337708e-02
1.495478954166173935e-02
1.464606262743473053e-02
1.449757814407348633e-02
1.489543635398149490e-02
1.477805897593498230e-02
1.472836174070835114e-02
1.478976011276245117e-02
1.439023297280073166e-02
1.457404438406229019e-02
1.570716127753257751e-02
1.459129434078931808e-02
1.462124567478895187e-02
1.469851192086935043e-02
1.505205128341913223e-02
1.473123207688331604e-02
1.431351806968450546e-02
1.495793554931879044e-02
1.416395232081413269e-02
1.478638034313917160e-02
1.474873628467321396e-02
1.443037483841180801e-02
1.452545356005430222e-02
1.421323139220476151e-02
1.446211989969015121e-02
1.471684686839580536e-02
1.523526757955551147e-02
1.462236791849136353e-02
1.459342427551746368e-02
1.448564697057008743e-02
1.473551243543624878e-02
1.530064269900321960e-02
1.468232553452253342e-02
1.429244317114353180e-02
1.423828955739736557e-02
1.483820285648107529e-02
1.452293246984481812e-02
1.446874812245368958e-02
1.438735332340002060e-02
1.442272588610649109e-02
1.456742733716964722e-02
1.466679386794567108e-02
1.462503056973218918e-02
1.461661513894796371e-02
1.448504813015460968e-02
1.437540818005800247e-02
1.444994844496250153e-02
1.501230709254741669e-02
1.455849222838878632e-02
1.480648480355739594e-02
1.445076242089271545e-02
1.442562229931354523e-02
1.453059259802103043e-02
1.525450870394706726e-02
1.483790669590234756e-02
1.411160454154014587e-02
1.464729662984609604e-02
1.462220493704080582e-02
1.438044756650924683e-02
1.432787533849477768e-02
1.458684261888265610e-02
1.441938336938619614e-02
1.458560582250356674e-02
1.440294180065393448e-02
1.452913600951433182e-02
1.475770678371191025e-02
1.437181979417800903e-02
1.457368209958076477e-02
1.446121279150247574e-02
1.417087577283382416e-02
1.466048788279294968e-02
1.432709209620952606e-02
1.455752458423376083e-02
1.483204402029514313e-02
1.471937261521816254e-02
1.451519969850778580e-02
1.440037135034799576e-02
1.431567873805761337e-02
1.429291069507598877e-02
1.448765397071838379e-02
1.436740532517433167e-02
1.439228095114231110e-02
1.437917258590459824e-02
1.438360940665006638e-02
1.439524162560701370e-02
1.456011831760406494e-02
1.477073505520820618e-02
1.447399239987134933e-02
1.422403380274772644e-02
1.487751025706529617e-02
1.444659847766160965e-02
1.438067387789487839e-02
1.441104803234338760e-02
1.464980002492666245e-02
1.440173573791980743e-02
1.451486349105834961e-02
1.437854021787643433e-02
1.441767439246177673e-02
1.423561200499534607e-02
1.479099597781896591e-02
1.429254002869129181e-02
1.441638730466365814e-02
1.424481160938739777e-02
1.449796929955482483e-02
1.422754675149917603e-02
1.428882405161857605e-02
1.435577683150768280e-02
1.429497543722391129e-02
1.455094758421182632e-02
1.424259971827268600e-02
1.416319422423839569e-02
1.438534911721944809e-02
1.409588754177093506e-02
1.433437690138816833e-02
1.427050679922103882e-02
1.439744699746370316e-02
1.434827037155628204e-02
1.422252506017684937e-02
1.448353473097085953e-02
1.455319300293922424e-02
1.407913118600845337e-02
1.427845004945993423e-02
1.467210054397583008e-02
1.428998168557882309e-02
1.439779531210660934e-02
1.424643583595752716e-02
1.414890401065349579e-02
1.431509107351303101e-02
1.418576668947935104e-02
1.436703000217676163e-02
1.426229160279035568e-02
1.437676977366209030e-02
1.422877144068479538e-02
1.414278242737054825e-02
1.430863980203866959e-02
1.445461995899677277e-02
1.417262200266122818e-02
1.423387415707111359e-02
1.431998144835233688e-02
1.452550292015075684e-02
1.433532498776912689e-02
1.413569133728742599e-02
1.427847333252429962e-02
1.416072808206081390e-02
1.431078743189573288e-02
1.434124633669853210e-02
1.425758749246597290e-02
1.416501030325889587e-02
1.412458997219800949e-02
1.412944309413433075e-02
1.432714425027370453e-02
1.420920901000499725e-02
1.435849629342556000e-02
1.410732232034206390e-02
1.455319579690694809e-02
1.422687619924545288e-02
1.402107346802949905e-02
1.405495963990688324e-02
1.440198067575693130e-02
1.439849752932786942e-02
1.408945489674806595e-02
1.419450994580984116e-02
1.435030065476894379e-02
1.427166070789098740e-02
1.401213090866804123e-02
1.434091478586196899e-02
1.421905960887670517e-02
1.408534776419401169e-02
1.425949670374393463e-02
1.422722451388835907e-02
1.417055632919073105e-02
1.437355484813451767e-02
1.439668424427509308e-02
1.420909538865089417e-02
1.401990186423063278e-02
1.413140725344419479e-02
1.411304157227277756e-02
1.413999404758214951e-02
1.415605843067169189e-02
1.415632292628288269e-02
1.405177079141139984e-02
1.412418391555547714e-02
1.423925627022981644e-02
1.446654740720987320e-02
1.442970614880323410e-02
1.436142809689044952e-02
1.412244606763124466e-02
1.401061657816171646e-02
1.428525988012552261e-02
1.417088694870471954e-02
1.404066383838653564e-02
1.417382154613733292e-02
1.439501438289880753e-02
1.416734233498573303e-02
1.405805442482233047e-02
1.411127578467130661e-02
1.416503824293613434e-02
1.409409008920192719e-02
1.411120221018791199e-02
1.414981950074434280e-02
1.421654410660266876e-02
1.430752687156200409e-02
1.416603475809097290e-02
1.405929774045944214e-02
1.437023095786571503e-02
1.414895243942737579e-02
1.408027391880750656e-02
1.420602016150951385e-02
1.403445564210414886e-02
1.409248076379299164e-02
1.398308947682380676e-02
1.408609841018915176e-02
1.426114421337842941e-02
1.408751402050256729e-02
1.429411489516496658e-02
1.410068664699792862e-02
1.432213746011257172e-02
1.442552078515291214e-02
1.412756182253360748e-02
1.416373439133167267e-02
1.425539795309305191e-02
1.411284133791923523e-02
1.400673482567071915e-02
1.418586820363998413e-02
1.404433138668537140e-02
1.400529965758323669e-02
1.408619247376918793e-02
1.407178584486246109e-02
1.408303808420896530e-02
1.414581574499607086e-02
1.425799261778593063e-02
1.407674700021743774e-02
1.416704431176185608e-02
1.419881731271743774e-02
1.398847345262765884e-02
1.437205076217651367e-02
1.400228030979633331e-02
1.408833079040050507e-02
1.398984249681234360e-02
1.405870076268911362e-02
1.400930341333150864e-02
1.410349551588296890e-02
1.422314345836639404e-02
1.415023673325777054e-02
1.399569213390350342e-02
1.400076784193515778e-02
1.416839752346277237e-02
1.414920482784509659e-02
1.399401575326919556e-02
1.406985241919755936e-02
1.411053445190191269e-02
1.407762058079242706e-02
1.415981445461511612e-02
1.405027881264686584e-02
1.406313385814428329e-02
1.398246176540851593e-02
1.422285102307796478e-02
1.394156832247972488e-02
1.420397870242595673e-02
1.404460519552230835e-02
1.406458858400583267e-02
1.415499858558177948e-02
1.404940057545900345e-02
1.394688524305820465e-02
1.407807879149913788e-02
1.419559586793184280e-02
1.403144374489784241e-02
1.420080754905939102e-02
1.422085892409086227e-02
1.411152165383100510e-02
1.424341183155775070e-02
1.405628304928541183e-02
1.408122573047876358e-02
1.400107890367507935e-02
1.408309768885374069e-02
1.394208613783121109e-02
1.403349265456199646e-02
1.435656100511550903e-02
1.410697773098945618e-02
1.409997045993804932e-02
1.406546216458082199e-02
1.402764301747083664e-02
1.407325174659490585e-02
1.400183234363794327e-02
1.413898635655641556e-02
1.401158329099416733e-02
1.427016407251358032e-02
1.408991776406764984e-02
1.409147307276725769e-02
1.402192562818527222e-02
1.422961894422769547e-02
1.408081967383623123e-02
1.403937768191099167e-02
1.411747746169567108e-02
1.398794911801815033e-02
1.404515281319618225e-02
1.402806024998426437e-02
1.400234736502170563e-02
1.403390243649482727e-02
1.404422614723443985e-02
1.405334472656250000e-02
1.408959366381168365e-02
1.416136045008897781e-02
1.423367951065301895e-02
1.418110914528369904e-02
1.404317282140254974e-02
1.402871217578649521e-02
1.413493882864713669e-02
1.397375948727130890e-02
1.408336125314235687e-02
1.406697276979684830e-02
1.400213874876499176e-02
1.400854531675577164e-02
1.402676757425069809e-02
1.407013367861509323e-02
1.393460109829902649e-02
1.403842773288488388e-02
1.394485682249069214e-02
1.397306565195322037e-02
1.402805373072624207e-02
1.404118724167346954e-02
1.398766599595546722e-02
1.417785137891769409e-02
1.400771178305149078e-02
1.414747815579175949e-02
1.401646994054317474e-02
1.426776777952909470e-02
1.404977776110172272e-02
1.413717307150363922e-02
1.418275851756334305e-02
1.401513908058404922e-02
1.404287759214639664e-02
1.408208254724740982e-02
1.407373510301113129e-02
1.417917758226394653e-02
1.391223631799221039e-02
1.405828539282083511e-02
1.396882161498069763e-02
1.403198204934597015e-02
1.400263421237468719e-02
1.411012094467878342e-02
1.403527706861495972e-02
1.404530648142099380e-02
1.402048766613006592e-02
1.404627691954374313e-02
1.386309321969747543e-02
1.404313463717699051e-02
1.415695808827877045e-02
1.406939420849084854e-02
1.406070031225681305e-02
1.415981817990541458e-02
1.413906179368495941e-02
1.397275272756814957e-02
1.408149208873510361e-02
1.403486821800470352e-02
1.396540552377700806e-02
1.395842991769313812e-02
1.399213541299104691e-02
1.399331539869308472e-02
1.402446720749139786e-02
1.398683246225118637e-02
1.412410289049148560e-02
1.408478245139122009e-02
1.406310033053159714e-02
1.398232392966747284e-02
1.396314520388841629e-02
1.405207440257072449e-02
1.397041045129299164e-02
1.407322380691766739e-02
1.410500612109899521e-02
1.418484374880790710e-02
1.407470554113388062e-02
1.396030001342296600e-02
1.404329761862754822e-02
1.410991325974464417e-02
1.404098048806190491e-02
1.397728174924850464e-02
1.399337686598300934e-02
1.397556904703378677e-02
1.411264203488826752e-02
1.402105204761028290e-02
1.399512309581041336e-02
1.411839760839939117e-02
1.399995107203722000e-02
1.397586055099964142e-02
1.395323965698480606e-02
1.393866725265979767e-02
1.394036505371332169e-02
1.404367852956056595e-02
1.394216436892747879e-02
1.406331174075603485e-02
1.414981391280889511e-02
1.406145840883255005e-02
1.390524208545684814e-02
1.415580045431852341e-02
1.410016417503356934e-02
1.388045307248830795e-02
1.396256405860185623e-02
1.413983106613159180e-02
1.396188139915466309e-02
1.410298515111207962e-02
1.402209792286157608e-02
1.398315746337175369e-02
1.399440411478281021e-02
1.403599139302968979e-02
1.395459286868572235e-02
1.394239533692598343e-02
1.401848345994949341e-02
1.397206727415323257e-02
1.407682988792657852e-02
1.403890084475278854e-02
1.402224134653806686e-02
1.404498051851987839e-02
1.403925847262144089e-02
1.399118360131978989e-02
1.397545076906681061e-02
1.399163249880075455e-02
1.408782973885536194e-02
1.399584393948316574e-02
1.400326471775770187e-02
1.396015193313360214e-02
1.393267419189214706e-02
1.396965794265270233e-02
1.393660996109247208e-02
1.403866149485111237e-02
1.400992460548877716e-02
1.403678581118583679e-02
1.397580187767744064e-02
1.397666893899440765e-02
1.389665249735116959e-02
1.394203584641218185e-02
1.408079545944929123e-02
1.403921656310558319e-02
1.395105198025703430e-02
1.402154937386512756e-02
1.406585983932018280e-02
1.414015237241983414e-02
1.400093920528888702e-02
1.404735632240772247e-02
1.399657689034938812e-02
1.407435815781354904e-02
1.398413535207509995e-02
1.402038149535655975e-02
1.397537440061569214e-02
1.395495329052209854e-02
1.403936278074979782e-02
1.409034710377454758e-02
1.399220991879701614e-02
1.401901524513959885e-02
1.408011559396982193e-02
1.399280503392219543e-02
1.397862564772367477e-02
1.401913352310657501e-02
1.404405757784843445e-02
1.404378656297922134e-02
1.409229915589094162e-02
1.391854416579008102e-02
1.395349483937025070e-02
1.407091226428747177e-02
1.408537849783897400e-02
1.393142808228731155e-02
1.397363282740116119e-02
1.399982161819934845e-02
1.401905436068773270e-02
1.401196792721748352e-02
1.397292502224445343e-02
1.396587770432233810e-02
1.398871652781963348e-02
1.395181380212306976e-02
1.407141517847776413e-02
1.402346882969141006e-02
1.396115869283676147e-02
1.398870442062616348e-02
1.404052972793579102e-02
1.409201510250568390e-02
1.395217049866914749e-02
1.391275320202112198e-02
1.400699187070131302e-02
1.403802726417779922e-02
1.404907181859016418e-02
1.404257398098707199e-02
1.404179260134696960e-02
1.392144523561000824e-02
1.393611356616020203e-02
1.394868362694978714e-02
1.393660437315702438e-02
1.401338446885347366e-02
1.413108501583337784e-02
1.395332440733909607e-02
1.400302164256572723e-02
1.401557307690382004e-02
1.398554630577564240e-02
1.402317453175783157e-02
1.402088627219200134e-02
1.400788407772779465e-02
1.397651527076959610e-02
1.394441537559032440e-02
1.396671123802661896e-02
1.395347062498331070e-02
1.402124390006065369e-02
1.389180775731801987e-02
1.413636840879917145e-02
1.404501404613256454e-02
1.406413502991199493e-02
1.393974013626575470e-02
1.394236180931329727e-02
1.412181835621595383e-02
1.399695500731468201e-02
1.408492960035800934e-02
1.400229241698980331e-02
1.411969587206840515e-02
1.408728770911693573e-02
1.393308956176042557e-02
1.397029217332601547e-02
1.396474242210388184e-02
1.396885514259338379e-02
1.392841339111328125e-02
1.404106058180332184e-02
1.407310459762811661e-02
1.407659240067005157e-02
1.400771923363208771e-02
1.404686551541090012e-02
1.395790651440620422e-02
1.398517284542322159e-02
1.399356964975595474e-02
1.407827902585268021e-02
1.399452425539493561e-02
1.401061657816171646e-02
1.395037118345499039e-02
1.393491495400667191e-02
1.403967011719942093e-02
1.399372611194849014e-02
1.408070884644985199e-02
1.398279424756765366e-02
1.408438105136156082e-02
1.402434799820184708e-02
1.394301652908325195e-02
1.392502896487712860e-02
1.401919219642877579e-02
1.393514778465032578e-02
1.405933778733015060e-02
1.397472806274890900e-02
1.397010404616594315e-02
1.398705225437879562e-02
1.401000469923019409e-02
1.402116287499666214e-02
1.405534148216247559e-02
1.389482524245977402e-02
1.401782780885696411e-02
1.394676044583320618e-02
1.402451284229755402e-02
1.402383577078580856e-02
1.394773274660110474e-02
1.399379875510931015e-02
1.396149676293134689e-02
1.392160262912511826e-02
1.403632666915655136e-02
1.405055448412895203e-02
1.394714880734682083e-02
1.401774212718009949e-02
1.404372230172157288e-02
1.404540799558162689e-02
1.407261006534099579e-02
1.392832305282354355e-02
1.393661461770534515e-02
1.400601956993341446e-02
1.400076784193515778e-02
1.396832335740327835e-02
1.395155582576990128e-02
1.399475708603858948e-02
1.400017272680997849e-02
1.400168333202600479e-02
1.413772068917751312e-02
1.396162435412406921e-02
1.400288566946983337e-02
1.394584123045206070e-02
1.403010915964841843e-02
1.395476981997489929e-02
1.401513628661632538e-02
1.402381341904401779e-02
1.395011227577924728e-02
1.407537423074245453e-02
1.396108884364366531e-02
1.389407366514205933e-02
1.397234853357076645e-02
1.395886670798063278e-02
1.399224996566772461e-02
1.399291213601827621e-02
1.394749432802200317e-02
1.399950217455625534e-02
1.396231818944215775e-02
1.403019670397043228e-02
1.407906319946050644e-02
1.404236163944005966e-02
1.404048968106508255e-02
1.395427156239748001e-02
1.393231097608804703e-02
1.402711216360330582e-02
1.403993926942348480e-02
1.401769276708364487e-02
1.394706685096025467e-02
1.393667981028556824e-02
1.400237530469894409e-02
1.397381722927093506e-02
1.392965670675039291e-02
1.397704146802425385e-02
1.396629586815834045e-02
1.395541802048683167e-02
1.391603983938694000e-02
1.396490260958671570e-02
1.398913655430078506e-02
1.394119858741760254e-02
1.400986965745687485e-02
1.396172773092985153e-02
1.405691914260387421e-02
1.397105678915977478e-02
1.396554335951805115e-02
1.393458619713783264e-02
1.394060533493757248e-02
1.401143055409193039e-02
1.407705154269933701e-02
1.401774678379297256e-02
1.397631969302892685e-02
1.400220766663551331e-02
1.397040579468011856e-02
1.395582966506481171e-02
1.392637379467487335e-02
1.400972530245780945e-02
1.395180635154247284e-02
1.396829728037118912e-02
1.398316398262977600e-02
1.396191027015447617e-02
1.396251935511827469e-02
1.404840126633644104e-02
1.396224461495876312e-02
1.395817101001739502e-02
1.392973586916923523e-02
1.398804597556591034e-02
1.396155171096324921e-02
1.389440428465604782e-02
1.394956838339567184e-02
1.396720949560403824e-02
1.416465360671281815e-02
1.396581623703241348e-02
1.403839979320764542e-02
1.393851265311241150e-02
1.399287208914756775e-02
1.396368816494941711e-02
1.394921727478504181e-02
1.396605279296636581e-02
1.396126300096511841e-02
1.397096458822488785e-02
1.393720228224992752e-02
1.401458587497472763e-02
1.395063754171133041e-02
1.398674771189689636e-02
1.394413318485021591e-02
1.392362918704748154e-02
1.398117002099752426e-02
1.393780857324600220e-02
1.392962504178285599e-02
1.397198531776666641e-02
1.399348024278879166e-02
1.398270484060049057e-02
1.392204221338033676e-02
1.398811489343643188e-02
1.395118795335292816e-02
1.395367179065942764e-02
1.398651022464036942e-02
1.404858753085136414e-02
1.398976892232894897e-02
1.396719831973314285e-02
1.393073890358209610e-02
1.394053921103477478e-02
1.412460580468177795e-02
1.400178205221891403e-02
1.394083723425865173e-02
1.399264018982648849e-02
1.397160254418849945e-02
1.399884652346372604e-02
1.391202211380004883e-02
1.398670766502618790e-02
1.406369078904390335e-02
1.404309272766113281e-02
1.395277027040719986e-02
1.400403492152690887e-02
1.396188884973526001e-02
1.385447289794683456e-02
1.410379260778427124e-02
1.392110995948314667e-02
1.395897753536701202e-02
1.393807306885719299e-02
1.394363678991794586e-02
1.395228877663612366e-02
1.397452224045991898e-02
1.397360861301422119e-02
1.396800298243761063e-02
1.393892709165811539e-02
1.398123428225517273e-02
1.398827601224184036e-02
1.392926089465618134e-02
1.395589299499988556e-02
1.389936916530132294e-02
1.406428311020135880e-02
1.395027060061693192e-02
1.396523322910070419e-02
1.395132578909397125e-02
1.408368349075317383e-02
1.396115217357873917e-02
1.395768206566572189e-02
1.408093702048063278e-02
1.390451285988092422e-02
1.404491253197193146e-02
1.393486186861991882e-02
1.394029427319765091e-02
1.389434747397899628e-02
1.392237097024917603e-02
1.393486186861991882e-02
1.400366425514221191e-02
1.396980881690979004e-02
1.410991884768009186e-02
1.413987111300230026e-02
1.393244229257106781e-02
1.396205928176641464e-02
1.398958731442689896e-02
1.394317578524351120e-02
1.395205222070217133e-02
1.396915409713983536e-02
1.396674197167158127e-02
1.397620514035224915e-02
1.405573822557926178e-02
1.399764884263277054e-02
1.394338719546794891e-02
1.394448149949312210e-02
1.397030428051948547e-02
1.400004699826240540e-02
1.394978072494268417e-02
1.395103987306356430e-02
1.391609758138656616e-02
1.392948441207408905e-02
1.392468158155679703e-02
1.404205430299043655e-02
1.395963877439498901e-02
1.392505969852209091e-02
1.397622004151344299e-02
1.396910008043050766e-02
1.397044397890567780e-02
1.391052920371294022e-02
1.396150887012481689e-02
1.395378448069095612e-02
1.390234101563692093e-02
1.395741850137710571e-02
1.397112570703029633e-02
1.405874267220497131e-02
1.397514343261718750e-02
1.397061068564653397e-02
1.396227162331342697e-02
1.398195419460535049e-02
1.411488745361566544e-02
1.398809812963008881e-02
1.391112711280584335e-02
1.398731488734483719e-02
1.403363328427076340e-02
1.392099168151617050e-02
1.396229676902294159e-02
1.394409034401178360e-02
1.398536935448646545e-02
1.403927616775035858e-02
1.395175699144601822e-02
1.400072034448385239e-02
1.393621228635311127e-02
1.393579225987195969e-02
1.395898032933473587e-02
1.396585628390312195e-02
1.395854167640209198e-02
1.398938428610563278e-02
1.400392595678567886e-02
1.397003233432769775e-02
1.401204336434602737e-02
1.396909262984991074e-02
1.392263732850551605e-02
1.395810209214687347e-02
1.398797519505023956e-02
1.404141727834939957e-02
1.396750938147306442e-02
1.395870838314294815e-02
1.397982705384492874e-02
1.395960617810487747e-02
1.395069994032382965e-02
1.402090396732091904e-02
1.403249427676200867e-02
1.395975891500711441e-02
1.393268350511789322e-02
1.392401847988367081e-02
1.396604068577289581e-02
1.403338182717561722e-02
1.395246479660272598e-02
1.402363646775484085e-02
1.393493544310331345e-02
1.397022604942321777e-02
1.396254543215036392e-02
1.398962084203958511e-02
1.398880593478679657e-02
1.394046470522880554e-02
1.396741252392530441e-02
1.399723812937736511e-02
1.391614321619272232e-02
1.388542447239160538e-02
1.396454218775033951e-02
1.390951406210660934e-02
1.394987758249044418e-02
1.395431347191333771e-02
1.401834469288587570e-02
1.390282716602087021e-02
1.398514583706855774e-02
1.393351051956415176e-02
1.399172469973564148e-02
1.396520249545574188e-02
1.390538644045591354e-02
1.397719047963619232e-02
1.400782074779272079e-02
1.393327396363019943e-02
1.397894881665706635e-02
1.398128084838390350e-02
1.394073758274316788e-02
1.391967386007308960e-02
1.396246254444122314e-02
1.399777643382549286e-02
1.395765691995620728e-02
1.397043187171220779e-02
1.389676332473754883e-02
1.401712093502283096e-02
1.395732071250677109e-02
1.391144841909408569e-02
1.396523416042327881e-02
1.392643712460994720e-02
1.397102139890193939e-02
1.394979748874902725e-02
1.401912607252597809e-02
1.401418447494506836e-02
1.398317608982324600e-02
1.408144459128379822e-02
1.392290368676185608e-02
1.396462507545948029e-02
1.397108566015958786e-02
1.393386442214250565e-02
1.392988115549087524e-02
1.395819243043661118e-02
1.394464168697595596e-02
1.402646955102682114e-02
1.401303522288799286e-02
1.398588344454765320e-02
1.395915541797876358e-02
1.398391369730234146e-02
1.396888773888349533e-02
1.415078993886709213e-02
1.387912966310977936e-02
1.395976450294256210e-02
1.397461164742708206e-02
1.394111569970846176e-02
1.398766413331031799e-02
1.397866848856210709e-02
1.395149249583482742e-02
1.400747895240783691e-02
1.398263406008481979e-02
1.390928775072097778e-02
1.392059680074453354e-02
1.395541429519653320e-02
1.391928270459175110e-02
1.390205230563879013e-02
1.397190056741237640e-02
1.402359362691640854e-02
1.393713615834712982e-02
1.406146306544542313e-02
1.403627078980207443e-02
1.399508491158485413e-02
1.389414537698030472e-02
1.395212020725011826e-02
1.390273496508598328e-02
1.399190351366996765e-02
1.392962504178285599e-02
1.396629773080348969e-02
1.402030605822801590e-02
1.411579363048076630e-02
1.391709875315427780e-02
1.396651379764080048e-02
1.387843769043684006e-02
1.396423485130071640e-02
1.390399038791656494e-02
1.391767337918281555e-02
1.393659319728612900e-02
1.393162179738283157e-02
1.401300448924303055e-02
1.392764132469892502e-02
1.390444394201040268e-02
1.392812281847000122e-02
1.404912583529949188e-02
1.394715439528226852e-02
1.390477456152439117e-02
1.396007556468248367e-02
1.394337974488735199e-02
1.394886523485183716e-02
1.389174629002809525e-02
1.405739039182662964e-02
1.400015410035848618e-02
1.399641763418912888e-02
1.402757968753576279e-02
1.395592186599969864e-02
1.391204446554183960e-02
1.395389158278703690e-02
1.398576796054840088e-02
1.401948649436235428e-02
1.399641204625368118e-02
1.390891801565885544e-02
1.399720739573240280e-02
1.395036373287439346e-02
1.392678450793027878e-02
1.396066881716251373e-02
1.389169972389936447e-02
1.398120541125535965e-02
1.403268426656723022e-02
1.403812319040298462e-02
1.395530719310045242e-02
1.392102707177400589e-02
1.393464021384716034e-02
1.396421901881694794e-02
1.393285300582647324e-02
1.392318774014711380e-02
1.394713949412107468e-02
1.397219300270080566e-02
1.395250484347343445e-02
1.398268993943929672e-02
1.394388917833566666e-02
1.397714111953973770e-02
1.397403888404369354e-02
1.392436679452657700e-02
1.392283011227846146e-02
1.389977056533098221e-02
1.389379147440195084e-02
1.398578658699989319e-02
1.393934711813926697e-02
1.393080689013004303e-02
1.399614103138446808e-02
1.395479496568441391e-02
1.390752475708723068e-02
1.393698435276746750e-02
1.401439215987920761e-02
1.392265781760215759e-02
1.385211292654275894e-02
1.395360007882118225e-02
1.385860424488782883e-02
1.396213192492723465e-02
1.396149955689907074e-02
1.386591978371143341e-02
1.390584930777549744e-02
1.392520964145660400e-02
1.395265944302082062e-02
1.404037792235612869e-02
1.397306658327579498e-02
1.401491742581129074e-02
1.400711014866828918e-02
1.394844986498355865e-02
1.392082218080759048e-02
1.394524145871400833e-02
1.387565955519676208e-02
1.394723169505596161e-02
1.392322033643722534e-02
1.393020059913396835e-02
1.397803332656621933e-02
1.388578396290540695e-02
1.394384633749723434e-02
1.394498534500598907e-02
1.396782137453556061e-02
1.401374582201242447e-02
1.397846918553113937e-02
1.395196001976728439e-02
1.393542438745498657e-02
1.392337400466203690e-02
1.385238207876682281e-02
1.389139238744974136e-02
1.393034216016530991e-02
