5.957623124122619629e-01
1.281073838472366333e-01
3.216390684247016907e-02
1.703079603612422943e-02
1.472381129860877991e-02
1.430099830031394958e-02
1.429257262498140335e-02
1.424044836312532425e-02
1.429545786231756210e-02
1.427577808499336243e-02
1.429686415940523148e-02
1.422427967190742493e-02
1.424635946750640869e-02
1.424038037657737732e-02
1.423509232699871063e-02
1.417209673672914505e-02
1.422655954957008362e-02
1.415132731199264526e-02
1.418784353882074356e-02
1.422367710620164871e-02
1.417942531406879425e-02
1.419500540941953659e-02
1.416748389601707458e-02
1.415590476244688034e-02
1.413312554359436035e-02
1.410453580319881439e-02
1.415720954537391663e-02
1.414064876735210419e-02
1.412435062229633331e-02
1.411601994186639786e-02
1.405405066907405853e-02
1.409988384693861008e-02
1.408552005887031555e-02
1.411478873342275620e-02
1.411279570311307907e-02
1.406396087259054184e-02
1.404450647532939911e-02
1.406137738376855850e-02
1.410660613328218460e-02
1.404198072850704193e-02
1.408899668604135513e-02
1.409180834889411926e-02
1.407259330153465271e-02
1.404473371803760529e-02
1.406103838235139847e-02
1.404621638357639313e-02
1.404905039817094803e-02
1.404474955052137375e-02
1.403092686086893082e-02
1.405842974781990051e-02
1.401562523096799850e-02
1.405178476125001907e-02
1.401676982641220093e-02
1.402049791067838669e-02
1.402569096535444260e-02
1.398585829883813858e-02
1.405384764075279236e-02
1.403641235083341599e-02
1.402466651052236557e-02
1.400166656821966171e-02
1.399542018771171570e-02
1.402110420167446136e-02
1.396980416029691696e-02
1.400125212967395782e-02
1.405223738402128220e-02
1.399372145533561707e-02
1.402505300939083099e-02
1.401570811867713928e-02
1.397839188575744629e-02
1.396177336573600769e-02
1.401505339890718460e-02
1.399981882423162460e-02
1.402652170509099960e-02
1.397274527698755264e-02
1.398530509322881699e-02
1.394465472549200058e-02
1.399683766067028046e-02
1.395579893141984940e-02
1.399907283484935760e-02
1.395471300929784775e-02
1.397984381765127182e-02
1.388467010110616684e-02
1.398223452270030975e-02
1.395408436655998230e-02
1.398816891014575958e-02
1.398177444934844971e-02
1.394348498433828354e-02
1.395062170922756195e-02
1.394778490066528320e-02
1.395301800221204758e-02
1.392516773194074631e-02
1.398087758570909500e-02
1.398639101535081863e-02
1.396279968321323395e-02
1.392831653356552124e-02
1.399166509509086609e-02
1.396596059203147888e-02
1.395386736840009689e-02
1.398656331002712250e-02
1.397664751857519150e-02
1.395957358181476593e-02
1.391307916492223740e-02
1.391743961721658707e-02
1.393022574484348297e-02
1.396581623703241348e-02
1.391224749386310577e-02
1.395103055983781815e-02
1.396772917360067368e-02
1.393746677786111832e-02
1.395863108336925507e-02
1.392080821096897125e-02
1.394992321729660034e-02
1.391821075230836868e-02
1.395918056368827820e-02
1.394840981811285019e-02
1.394426263868808746e-02
1.391574181616306305e-02
1.396090909838676453e-02
1.396173983812332153e-02
1.394415181130170822e-02
1.393394451588392258e-02
1.396467629820108414e-02
1.391151919960975647e-02
1.396615430712699890e-02
1.394841913133859634e-02
1.392063777893781662e-02
1.397658325731754303e-02
1.391617394983768463e-02
1.393769774585962296e-02
1.394041627645492554e-02
1.394426636397838593e-02
1.394083257764577866e-02
1.393194217234849930e-02
1.392975822091102600e-02
1.392675377428531647e-02
1.393321249634027481e-02
1.394202932715415955e-02
1.392620149999856949e-02
1.393065880984067917e-02
1.391550339758396149e-02
1.396106276661157608e-02
1.393611077219247818e-02
1.392664480954408646e-02
1.394165121018886566e-02
1.391085051000118256e-02
1.394637208431959152e-02
1.390339341014623642e-02
1.390102785080671310e-02
1.393784116953611374e-02
1.392323244363069534e-02
1.394569315016269684e-02
1.393182016909122467e-02
1.392319425940513611e-02
1.392445713281631470e-02
1.391443423926830292e-02
1.389098912477493286e-02
1.392980106174945831e-02
1.392292045056819916e-02
1.393076032400131226e-02
1.393841020762920380e-02
1.394350919872522354e-02
1.387647632509469986e-02
1.390063390135765076e-02
1.392814423888921738e-02
1.389095839112997055e-02
1.389021240174770355e-02
1.393563393503427505e-02
1.389840058982372284e-02
1.389496680349111557e-02
1.389982458204030991e-02
1.392678171396255493e-02
1.389825530350208282e-02
1.391347125172615051e-02
1.391702145338058472e-02
1.391182839870452881e-02
1.391338650137186050e-02
1.388574112206697464e-02
1.390364207327365875e-02
1.393571216613054276e-02
1.391756627708673477e-02
1.391211804002523422e-02
1.389066036790609360e-02
1.391576044261455536e-02
1.388106029480695724e-02
1.391707733273506165e-02
1.390450354665517807e-02
1.390830334275960922e-02
1.391107216477394104e-02
1.392786297947168350e-02
1.389924064278602600e-02
1.389280706644058228e-02
1.392954681068658829e-02
1.390767842531204224e-02
1.388823427259922028e-02
1.388553809374570847e-02
1.387708541005849838e-02
1.389971561729907990e-02
1.388683449476957321e-02
1.390629168599843979e-02
1.392018143087625504e-02
1.389381382614374161e-02
1.391222979873418808e-02
1.392167620360851288e-02
1.393077801913022995e-02
1.391579583287239075e-02
1.390880811959505081e-02
1.392341405153274536e-02
1.392063312232494354e-02
1.388885453343391418e-02
1.389278937131166458e-02
1.390300877392292023e-02
1.390530820935964584e-02
1.390335150063037872e-02
1.389640849083662033e-02
1.388626452535390854e-02
1.391563378274440765e-02
1.388173457235097885e-02
1.388735324144363403e-02
1.387991104274988174e-02
1.391589269042015076e-02
1.390784140676259995e-02
1.391573436558246613e-02
1.391974277794361115e-02
1.391977816820144653e-02
1.390248909592628479e-02
1.389192417263984680e-02
1.390753686428070068e-02
1.390616968274116516e-02
1.390480995178222656e-02
1.394561678171157837e-02
1.391614135354757309e-02
1.391873508691787720e-02
1.389336772263050079e-02
1.390091050416231155e-02
1.388242468237876892e-02
1.389903668314218521e-02
1.389005128294229507e-02
1.391145028173923492e-02
1.390951219946146011e-02
1.389772165566682816e-02
1.391507871448993683e-02
1.389987673610448837e-02
1.392257306724786758e-02
1.390460692346096039e-02
1.390342880040407181e-02
1.391914580017328262e-02
1.390955876559019089e-02
1.390226464718580246e-02
1.393728237599134445e-02
1.390873081982135773e-02
1.391045004129409790e-02
1.391925942152738571e-02
1.388746872544288635e-02
1.387578248977661133e-02
1.391901168972253799e-02
1.390736177563667297e-02
1.391915045678615570e-02
1.390074472874403000e-02
1.389999873936176300e-02
1.390190143138170242e-02
1.389993261545896530e-02
1.386620476841926575e-02
1.390668936073780060e-02
1.387779973447322845e-02
1.389617938548326492e-02
1.392836403101682663e-02
1.388720422983169556e-02
1.388618722558021545e-02
1.390707865357398987e-02
1.387741044163703918e-02
1.388484612107276917e-02
1.387889962643384933e-02
1.388859562575817108e-02
1.391599979251623154e-02
1.389887090772390366e-02
1.390002574771642685e-02
1.388356741517782211e-02
1.392148714512586594e-02
1.390226092189550400e-02
1.388776209205389023e-02
1.388845313340425491e-02
1.391175203025341034e-02
1.391592994332313538e-02
1.388459652662277222e-02
1.393762975931167603e-02
1.390668842941522598e-02
1.389349065721035004e-02
1.392265129834413528e-02
1.391300559043884277e-02
1.389139052480459213e-02
1.390094123780727386e-02
1.390223950147628784e-02
1.390710938721895218e-02
1.388892810791730881e-02
1.390110142529010773e-02
1.390866655856370926e-02
1.391556207090616226e-02
1.388935931026935577e-02
1.391961984336376190e-02
1.390687003731727600e-02
1.389747392386198044e-02
1.389255840331315994e-02
1.389034185558557510e-02
1.390504837036132812e-02
1.390734687447547913e-02
1.387278363108634949e-02
1.387161761522293091e-02
1.391588803380727768e-02
1.388898491859436035e-02
1.388095691800117493e-02
1.390612684190273285e-02
1.391060464084148407e-02
1.390128582715988159e-02
1.389541011303663254e-02
1.388218626379966736e-02
1.390242390334606171e-02
1.388268917798995972e-02
1.391097065061330795e-02
1.388482749462127686e-02
1.388713810592889786e-02
1.389841735363006592e-02
1.387196779251098633e-02
1.390400528907775879e-02
1.390084438025951385e-02
1.387831196188926697e-02
1.391606498509645462e-02
1.387598272413015366e-02
1.392816752195358276e-02
1.389243546873331070e-02
1.388620585203170776e-02
1.390105206519365311e-02
1.388162840157747269e-02
1.390339061617851257e-02
1.388359349220991135e-02
1.392736751586198807e-02
1.391477230936288834e-02
1.390472240746021271e-02
1.387943141162395477e-02
1.389416400343179703e-02
1.390235032886266708e-02
1.391454506665468216e-02
1.390448119491338730e-02
1.389543153345584869e-02
1.389813702553510666e-02
1.387666258960962296e-02
1.393069885671138763e-02
1.390240900218486786e-02
1.389368716627359390e-02
1.387925632297992706e-02
1.388724241405725479e-02
1.393542718142271042e-02
1.389149669557809830e-02
1.391787547618150711e-02
1.389212161302566528e-02
1.389031298458576202e-02
1.388026680797338486e-02
1.390227768570184708e-02
1.388364937156438828e-02
1.391145493835210800e-02
1.389739755541086197e-02
1.389073207974433899e-02
1.389154884964227676e-02
1.392111275345087051e-02
1.389137376099824905e-02
1.389349997043609619e-02
1.390207372605800629e-02
1.388879306614398956e-02
1.393932569772005081e-02
1.388404611498117447e-02
1.391157321631908417e-02
1.390002481639385223e-02
1.389835588634014130e-02
1.387942954897880554e-02
1.387854106724262238e-02
1.387170702219009399e-02
1.387995481491088867e-02
1.390356849879026413e-02
1.388700865209102631e-02
1.388470921665430069e-02
1.388737466186285019e-02
1.389241684228181839e-02
1.388867571949958801e-02
1.389415934681892395e-02
1.390678621828556061e-02
1.390019245445728302e-02
1.389021705836057663e-02
1.390160620212554932e-02
1.389850303530693054e-02
1.392987184226512909e-02
1.390597783029079437e-02
1.389857567846775055e-02
1.389107573777437210e-02
1.387762278318405151e-02
1.388735603541135788e-02
1.389474887400865555e-02
1.388417650014162064e-02
1.391332037746906281e-02
1.389972306787967682e-02
1.389879826456308365e-02
1.386596169322729111e-02
1.389073859900236130e-02
1.387291401624679565e-02
1.389548089355230331e-02
1.389708369970321655e-02
1.387767214328050613e-02
1.388108078390359879e-02
1.390882581472396851e-02
1.389057375490665436e-02
1.388372574001550674e-02
1.389468368142843246e-02
1.387841627001762390e-02
1.390569098293781281e-02
1.389767415821552277e-02
1.389943528920412064e-02
1.387092564254999161e-02
1.388218440115451813e-02
1.390383299440145493e-02
1.388694718480110168e-02
1.388750690966844559e-02
1.388890668749809265e-02
1.389341335743665695e-02
1.388180162757635117e-02
1.388398464769124985e-02
1.387873664498329163e-02
1.388150453567504883e-02
1.387953013181686401e-02
1.386090833693742752e-02
1.390052493661642075e-02
1.390303950756788254e-02
1.389942504465579987e-02
1.390849705785512924e-02
1.387259084731340408e-02
1.390089187771081924e-02
1.388333644717931747e-02
1.388784870505332947e-02
1.391879376024007797e-02
1.387063320726156235e-02
1.387890987098217010e-02
1.387462113052606583e-02
1.388749107718467712e-02
1.387816388159990311e-02
1.388811320066452026e-02
1.390072889626026154e-02
1.388638745993375778e-02
1.389157958328723907e-02
1.387192215770483017e-02
1.388077903538942337e-02
1.389479171484708786e-02
1.389590371400117874e-02
1.390043087303638458e-02
1.391967665404081345e-02
1.389961969107389450e-02
1.388977374881505966e-02
1.390139013528823853e-02
1.390205323696136475e-02
1.386749185621738434e-02
1.387684699147939682e-02
1.388496905565261841e-02
1.388668548315763474e-02
1.389706972986459732e-02
1.388670410960912704e-02
1.390998903661966324e-02
1.389696635305881500e-02
1.385693065822124481e-02
1.388493832200765610e-02
1.388703472912311554e-02
1.388224773108959198e-02
1.386258192360401154e-02
1.388929598033428192e-02
1.390382368117570877e-02
1.389185991138219833e-02
1.391156855970621109e-02
1.384564675390720367e-02
1.389164570719003677e-02
1.388487964868545532e-02
1.387797202914953232e-02
1.388868503272533417e-02
1.388808060437440872e-02
1.387661695480346680e-02
1.388311106711626053e-02
1.386021357029676437e-02
1.390139944851398468e-02
1.388088613748550415e-02
1.389735005795955658e-02
1.388219092041254044e-02
1.384593266993761063e-02
1.389225665479898453e-02
1.387801673263311386e-02
1.390068791806697845e-02
1.387170329689979553e-02
1.387924049049615860e-02
1.388926617801189423e-02
1.388993114233016968e-02
1.388353388756513596e-02
1.388400606811046600e-02
1.390479318797588348e-02
1.386547740548849106e-02
1.390383299440145493e-02
1.389205362647771835e-02
1.389692351222038269e-02
1.387363392859697342e-02
1.389541476964950562e-02
1.387974526733160019e-02
1.385130453854799271e-02
1.389561500400304794e-02
1.388602703809738159e-02
1.389609649777412415e-02
1.385628804564476013e-02
1.389614492654800415e-02
1.388870365917682648e-02
1.387564092874526978e-02
1.388324145227670670e-02
1.387761905789375305e-02
1.388023421168327332e-02
1.387980673462152481e-02
1.388117577880620956e-02
1.388055551797151566e-02
1.387404650449752808e-02
1.386433094739913940e-02
1.386550161987543106e-02
1.387089490890502930e-02
1.388478465378284454e-02
1.385606918483972549e-02
1.388111151754856110e-02
1.390230748802423477e-02
1.390493102371692657e-02
1.388208195567131042e-02
1.387070212513208389e-02
1.392167899757623672e-02
1.386483106762170792e-02
1.390913035720586777e-02
1.389463804662227631e-02
1.388817746192216873e-02
1.390404347330331802e-02
1.387036684900522232e-02
1.390151493251323700e-02
1.385552529245615005e-02
1.385756768286228180e-02
1.386030111461877823e-02
1.387001015245914459e-02
1.388683822005987167e-02
1.386806741356849670e-02
1.386262569576501846e-02
1.389800384640693665e-02
1.387779600918292999e-02
1.387441065162420273e-02
1.387557666748762131e-02
1.386900711804628372e-02
1.388144027441740036e-02
1.389792654663324356e-02
1.390853431075811386e-02
1.386385876685380936e-02
1.386642642319202423e-02
1.388198509812355042e-02
1.388728246092796326e-02
1.388533692806959152e-02
1.387300062924623489e-02
1.388608571141958237e-02
1.388961263000965118e-02
1.387821976095438004e-02
1.388456765562295914e-02
1.389372441917657852e-02
1.389887742698192596e-02
1.389277540147304535e-02
1.388410758227109909e-02
1.387045439332723618e-02
1.385958585888147354e-02
1.389272883534431458e-02
1.384719088673591614e-02
1.388214156031608582e-02
1.390714012086391449e-02
1.388240326195955276e-02
1.387289073318243027e-02
1.387563254684209824e-02
1.386713795363903046e-02
1.391032431274652481e-02
1.389620359987020493e-02
1.384930126368999481e-02
1.387169398367404938e-02
1.385786570608615875e-02
1.389042288064956665e-02
1.389703899621963501e-02
1.386981457471847534e-02
1.388302166014909744e-02
1.388255134224891663e-02
1.384138595312833786e-02
1.388136763125658035e-02
1.387860346585512161e-02
1.389034371823072433e-02
1.390282250940799713e-02
1.386678405106067657e-02
1.387838833034038544e-02
1.388771459460258484e-02
1.387522649019956589e-02
1.386360079050064087e-02
1.390670984983444214e-02
1.389443036168813705e-02
1.388082839548587799e-02
1.389899104833602905e-02
1.385885849595069885e-02
1.388495694845914841e-02
1.385810784995555878e-02
1.389062032103538513e-02
1.387898717075586319e-02
1.386808883398771286e-02
1.389410905539989471e-02
1.385744288563728333e-02
1.386961340904235840e-02
1.390477456152439117e-02
1.388547010719776154e-02
1.385185495018959045e-02
1.385659724473953247e-02
1.389926206320524216e-02
1.386177632957696915e-02
1.387270633131265640e-02
1.388020627200603485e-02
1.387588772922754288e-02
1.388092059642076492e-02
1.389218028634786606e-02
1.386772003024816513e-02
1.386187877506017685e-02
1.385510992258787155e-02
1.384931989014148712e-02
1.389138773083686829e-02
1.384596340358257294e-02
1.387547515332698822e-02
1.391417160630226135e-02
1.388635952025651932e-02
1.388294156640768051e-02
1.386687066406011581e-02
1.385613437741994858e-02
1.387216988950967789e-02
1.386984810233116150e-02
1.386675704270601273e-02
1.387138664722442627e-02
1.389515493065118790e-02
1.388012338429689407e-02
1.387089304625988007e-02
1.387611404061317444e-02
1.387740112841129303e-02
1.387225091457366943e-02
1.385416649281978607e-02
1.389619801193475723e-02
1.383934915065765381e-02
1.389790792018175125e-02
1.389162335544824600e-02
1.387573871761560440e-02
1.388413179665803909e-02
1.386063173413276672e-02
1.384849846363067627e-02
1.389157399535179138e-02
1.386484969407320023e-02
1.385093480348587036e-02
1.388808526098728180e-02
1.387893315404653549e-02
1.386575121432542801e-02
1.388893276453018188e-02
1.386529859155416489e-02
1.382995769381523132e-02
1.386225409805774689e-02
1.386590581387281418e-02
1.390065252780914307e-02
1.386762131005525589e-02
1.387141272425651550e-02
1.385846268385648727e-02
1.389627158641815186e-02
1.389389950782060623e-02
1.387304812669754028e-02
1.388317253440618515e-02
1.390035729855298996e-02
1.385120302438735962e-02
1.387239899486303329e-02
1.390735898166894913e-02
1.386335864663124084e-02
1.387433987110853195e-02
1.388431340456008911e-02
1.387030072510242462e-02
1.386398822069168091e-02
1.389029249548912048e-02
1.388170756399631500e-02
1.387925911694765091e-02
1.389107666909694672e-02
1.388519071042537689e-02
1.386632956564426422e-02
1.388958469033241272e-02
1.386378798633813858e-02
1.388861145824193954e-02
1.386845204979181290e-02
1.386770140379667282e-02
1.386872399598360062e-02
1.386376190930604935e-02
1.386715937405824661e-02
1.386158075183629990e-02
1.391075644642114639e-02
1.387241389602422714e-02
1.389070041477680206e-02
1.391837187111377716e-02
1.389126665890216827e-02
1.388323958963155746e-02
1.387168560177087784e-02
1.388214342296123505e-02
1.388847921043634415e-02
1.387028209865093231e-02
1.387233752757310867e-02
1.388183701783418655e-02
1.386439427733421326e-02
1.389935985207557678e-02
1.387555804103612900e-02
1.385601703077554703e-02
1.386099774390459061e-02
1.388370804488658905e-02
1.389951352030038834e-02
1.388729736208915710e-02
1.386261451989412308e-02
1.388005912303924561e-02
1.386048831045627594e-02
1.387096848338842392e-02
1.387550588697195053e-02
1.388691272586584091e-02
1.385349500924348831e-02
1.387012656778097153e-02
1.387880649417638779e-02
1.387217082083225250e-02
1.389388088136911392e-02
1.386688463389873505e-02
1.389142312109470367e-02
1.388981379568576813e-02
1.387070957571268082e-02
1.389929093420505524e-02
1.386382151395082474e-02
1.387198641896247864e-02
1.391334179788827896e-02
1.388126797974109650e-02
1.385822426527738571e-02
1.389428414404392242e-02
1.386510301381349564e-02
1.387284509837627411e-02
1.385191362351179123e-02
1.387689076364040375e-02
1.387409586459398270e-02
1.385821681469678879e-02
1.385104004293680191e-02
1.385927479714155197e-02
1.385455857962369919e-02
1.389857567846775055e-02
1.388763636350631714e-02
1.387350633740425110e-02
1.385519281029701233e-02
1.389079447835683823e-02
1.386970747262239456e-02
1.388290431350469589e-02
1.388721913099288940e-02
1.385539118200540543e-02
1.386804133653640747e-02
1.385193038731813431e-02
1.388564705848693848e-02
1.385846640914678574e-02
1.387814246118068695e-02
1.388145145028829575e-02
1.385333575308322906e-02
1.387803815305233002e-02
1.385626662522554398e-02
1.382678747177124023e-02
1.387847494333982468e-02
1.385575253516435623e-02
1.388511992990970612e-02
1.386931631714105606e-02
1.386474445462226868e-02
1.387474033981561661e-02
1.388532854616641998e-02
1.389627624303102493e-02
1.386286783963441849e-02
1.384044624865055084e-02
1.391330547630786896e-02
1.387126650661230087e-02
1.386735215783119202e-02
1.387320179492235184e-02
1.386949140578508377e-02
1.388261280953884125e-02
1.386798545718193054e-02
1.389944367110729218e-02
1.389082334935665131e-02
1.386636588722467422e-02
1.387408282607793808e-02
1.386997476220130920e-02
1.386747043579816818e-02
1.384123042225837708e-02
1.386760268360376358e-02
1.387467235326766968e-02
1.384503953158855438e-02
1.388688664883375168e-02
1.388368476182222366e-02
1.386475749313831329e-02
1.388205867260694504e-02
1.387886889278888702e-02
1.384563557803630829e-02
1.390487141907215118e-02
1.387108955532312393e-02
1.389019563794136047e-02
1.389006339013576508e-02
1.383363828063011169e-02
1.384306605905294418e-02
1.385787874460220337e-02
1.389285363256931305e-02
1.386248879134654999e-02
1.388777419924736023e-02
1.385195180773735046e-02
1.387703511863946915e-02
1.387577503919601440e-02
1.387063413858413696e-02
1.386963203549385071e-02
1.386624295264482498e-02
1.387463044375181198e-02
1.386953983455896378e-02
1.388627942651510239e-02
1.385719515383243561e-02
1.386475749313831329e-02
1.387923583388328552e-02
1.386730559170246124e-02
1.386143732815980911e-02
1.387032866477966309e-02
1.388657931238412857e-02
1.386183314025402069e-02
1.386163476854562759e-02
1.384522859007120132e-02
1.385968457907438278e-02
1.387742906808853149e-02
1.384900882840156555e-02
1.385449618101119995e-02
1.388173736631870270e-02
1.387656759470701218e-02
1.387772057205438614e-02
1.386209018528461456e-02
1.387159246951341629e-02
1.386572513729333878e-02
1.387576572597026825e-02
1.386440359055995941e-02
1.388734113425016403e-02
1.385336555540561676e-02
1.388795953243970871e-02
1.389283034950494766e-02
1.388850994408130646e-02
1.387677621096372604e-02
1.388846058398485184e-02
1.387285441160202026e-02
1.386979036033153534e-02
1.386755052953958511e-02
1.386106200516223907e-02
1.385469455271959305e-02
1.388242654502391815e-02
1.385406963527202606e-02
1.387912500649690628e-02
1.386032439768314362e-02
1.386662013828754425e-02
1.386518590152263641e-02
1.386456191539764404e-02
1.387073472142219543e-02
1.386645250022411346e-02
1.385828107595443726e-02
1.389028504490852356e-02
1.389247551560401917e-02
1.392144244164228439e-02
1.389977522194385529e-02
1.389369368553161621e-02
1.387765631079673767e-02
1.386163197457790375e-02
1.386432163417339325e-02
1.387029420584440231e-02
1.387323532253503799e-02
1.387304160743951797e-02
1.390630006790161133e-02
1.388011127710342407e-02
1.386866066604852676e-02
1.385593134909868240e-02
1.386412326246500015e-02
1.388218812644481659e-02
1.385412551462650299e-02
1.386799663305282593e-02
1.384359970688819885e-02
1.389594841748476028e-02
1.385164540261030197e-02
1.385366823524236679e-02
1.389717310667037964e-02
1.386331580579280853e-02
1.386526972055435181e-02
1.383581664413213730e-02
1.383999548852443695e-02
1.385666895657777786e-02
1.385938469320535660e-02
1.385001838207244873e-02
1.387135591357946396e-02
1.387871149927377701e-02
1.384175196290016174e-02
1.385530643165111542e-02
1.385806594043970108e-02
1.386324502527713776e-02
1.385632809251546860e-02
1.386034581810235977e-02
1.384101714938879013e-02
1.387999486178159714e-02
1.385594531893730164e-02
1.386308949440717697e-02
1.387184206396341324e-02
1.385567896068096161e-02
1.385959982872009277e-02
1.385688781738281250e-02
1.387749984860420227e-02
1.391091383993625641e-02
1.388102490454912186e-02
1.384226884692907333e-02
1.385117229074239731e-02
1.384438201785087585e-02
1.389957126230001450e-02
1.384569611400365829e-02
1.386466808617115021e-02
1.385420840233564377e-02
1.387603208422660828e-02
1.386475376784801483e-02
1.390101946890354156e-02
1.386334840208292007e-02
1.383917406201362610e-02
1.384660787880420685e-02
1.386265642940998077e-02
1.386653725057840347e-02
1.386108435690402985e-02
1.387670077383518219e-02
1.384877879172563553e-02
1.389630883932113647e-02
1.388234924525022507e-02
1.388549152761697769e-02
1.385858282446861267e-02
1.386109925806522369e-02
1.381955016404390335e-02
1.386395748704671860e-02
1.386274490505456924e-02
1.384318433701992035e-02
1.387827191501855850e-02
1.389310881495475769e-02
1.385604217648506165e-02
1.386292371898889542e-02
1.387780904769897461e-02
1.386557891964912415e-02
1.385178230702877045e-02
1.386633981019258499e-02
1.384225022047758102e-02
1.386601850390434265e-02
1.386386528611183167e-02
1.386038865894079208e-02
1.384658645838499069e-02
1.387263741344213486e-02
1.384045649319887161e-02
1.386072393506765366e-02
1.384016778320074081e-02
1.387128047645092010e-02
1.385411154478788376e-02
1.386170275509357452e-02
1.386779639869928360e-02
1.387185603380203247e-02
1.384764630347490311e-02
1.386798545718193054e-02
1.385728176683187485e-02
1.388114038854837418e-02
1.386332977563142776e-02
1.390611100941896439e-02
1.387795433402061462e-02
1.384506188333034515e-02
1.388533506542444229e-02
1.387663837522268295e-02
1.384513918310403824e-02
1.386313792318105698e-02
1.386604644358158112e-02
1.385279931128025055e-02
1.386499684303998947e-02
1.386833935976028442e-02
1.388525217771530151e-02
1.386857312172651291e-02
1.383942924439907074e-02
1.385925337672233582e-02
1.386022288352251053e-02
1.384539622813463211e-02
1.386668253690004349e-02
1.385666616261005402e-02
1.386813167482614517e-02
1.385643891990184784e-02
1.385154388844966888e-02
1.387376338243484497e-02
1.386894751340150833e-02
1.387852244079113007e-02
1.384192146360874176e-02
1.387477386742830276e-02
1.386287715286016464e-02
1.387242041528224945e-02
1.386994216591119766e-02
1.386021357029676437e-02
1.386365853250026703e-02
1.388719025999307632e-02
1.387320458889007568e-02
1.386884227395057678e-02
1.386804599314928055e-02
1.385913696140050888e-02
