3.956048190593719482e-01
8.585400879383087158e-02
2.811177074909210205e-02
1.863155700266361237e-02
1.686541922390460968e-02
1.655881106853485107e-02
1.632292382419109344e-02
1.620486751198768616e-02
1.615150272846221924e-02
1.604892127215862274e-02
1.613999158143997192e-02
1.600729115307331085e-02
1.590382494032382965e-02
1.589756086468696594e-02
1.569914817810058594e-02
1.570457778871059418e-02
1.555714756250381470e-02
1.570546440780162811e-02
1.566824689507484436e-02
1.547867711633443832e-02
1.547248288989067078e-02
1.544210221618413925e-02
1.529754977673292160e-02
1.529453974217176437e-02
1.533849444240331650e-02
1.529873069375753403e-02
1.517443824559450150e-02
1.522820722311735153e-02
1.515790913254022598e-02
1.512932591140270233e-02
1.516658999025821686e-02
1.500573754310607910e-02
1.508736610412597656e-02
1.494660973548889160e-02
1.493623200803995132e-02
1.501325983554124832e-02
1.492973882704973221e-02
1.494391076266765594e-02
1.486956886947154999e-02
1.478440687060356140e-02
1.485620345920324326e-02
1.474930811673402786e-02
1.476114057004451752e-02
1.473587378859519958e-02
1.470026839524507523e-02
1.476343069225549698e-02
1.463052537292242050e-02
1.464315503835678101e-02
1.460111234337091446e-02
1.465802080929279327e-02
1.451191306114196777e-02
1.452685054391622543e-02
1.452598255127668381e-02
1.453650649636983871e-02
1.460055075585842133e-02
1.451054401695728302e-02
1.457386929541826248e-02
1.451326813548803329e-02
1.439489237964153290e-02
1.449631061404943466e-02
1.428647153079509735e-02
1.450099050998687744e-02
1.440151315182447433e-02
1.444618776440620422e-02
1.445401739329099655e-02
1.428034808486700058e-02
1.430279016494750977e-02
1.429930049926042557e-02
1.425355207175016403e-02
1.438430696725845337e-02
1.434179395437240601e-02
1.426189206540584564e-02
1.429824251681566238e-02
1.426253188401460648e-02
1.430497597903013229e-02
1.428936701267957687e-02
1.424370240420103073e-02
1.421570964157581329e-02
1.421456225216388702e-02
1.423589792102575302e-02
1.415048073977231979e-02
1.421822607517242432e-02
1.415016595274209976e-02
1.409403420984745026e-02
1.411471795290708542e-02
1.416925620287656784e-02
1.414304878562688828e-02
1.420470699667930603e-02
1.415386237204074860e-02
1.416071597486734390e-02
1.413855701684951782e-02
1.411194633692502975e-02
1.410065032541751862e-02
1.408549584448337555e-02
1.412867847830057144e-02
1.410108525305986404e-02
1.404730416834354401e-02
1.407155487686395645e-02
1.409912854433059692e-02
1.402396522462368011e-02
1.409640349447727203e-02
1.406901236623525620e-02
1.403861399739980698e-02
1.408488955348730087e-02
1.407252717763185501e-02
1.402614824473857880e-02
1.405382156372070312e-02
1.402193494141101837e-02
1.402297336608171463e-02
1.402701716870069504e-02
1.404170226305723190e-02
1.409424841403961182e-02
1.404929161071777344e-02
1.403814740478992462e-02
1.396000012755393982e-02
1.401797868311405182e-02
1.402611564844846725e-02
1.400491781532764435e-02
1.400161068886518478e-02
1.396937668323516846e-02
1.398658473044633865e-02
1.400401629507541656e-02
1.402278710156679153e-02
1.399038638919591904e-02
1.396885514259338379e-02
1.397634763270616531e-02
1.397492829710245132e-02
1.395925413817167282e-02
1.393923256546258926e-02
1.402560621500015259e-02
1.392214093357324600e-02
1.392223779112100601e-02
1.396101992577314377e-02
1.397192850708961487e-02
1.393687166273593903e-02
1.393271423876285553e-02
1.394981890916824341e-02
1.392417680472135544e-02
1.395820174366235733e-02
1.401267666369676590e-02
1.397511083632707596e-02
1.395291090011596680e-02
1.390227489173412323e-02
1.398316211998462677e-02
1.393319759517908096e-02
1.393482461571693420e-02
1.391516532748937607e-02
1.394153758883476257e-02
1.391643751412630081e-02
1.393335592001676559e-02
1.389739755541086197e-02
1.392621360719203949e-02
1.392215304076671600e-02
1.396305765956640244e-02
1.391968596726655960e-02
1.393323112279176712e-02
1.391328964382410049e-02
1.388853415846824646e-02
1.389799546450376511e-02
1.392524130642414093e-02
1.388557534664869308e-02
1.393444929271936417e-02
1.394012942910194397e-02
1.389301661401987076e-02
1.388333551585674286e-02
1.388680562376976013e-02
1.387632451951503754e-02
1.392357237637042999e-02
1.392098236829042435e-02
1.386266667395830154e-02
1.391181349754333496e-02
1.390979532152414322e-02
1.393585931509733200e-02
1.388974301517009735e-02
1.394280791282653809e-02
1.389947719871997833e-02
1.386196352541446686e-02
1.389118004590272903e-02
1.386149134486913681e-02
1.391054596751928329e-02
1.394930854439735413e-02
1.390687562525272369e-02
1.387766748666763306e-02
1.386455073952674866e-02
1.390293147414922714e-02
1.388967875391244888e-02
1.388554088771343231e-02
1.391225028783082962e-02
1.388583797961473465e-02
1.385824568569660187e-02
1.385998446494340897e-02
1.390605606138706207e-02
1.385248824954032898e-02
1.391357276588678360e-02
1.389018166810274124e-02
1.388193853199481964e-02
1.389233674854040146e-02
1.390773989260196686e-02
1.392017491161823273e-02
1.387962512671947479e-02
1.389945857226848602e-02
1.386674307286739349e-02
1.388264913111925125e-02
1.385868713259696960e-02
1.385438628494739532e-02
1.387845911085605621e-02
1.387022342532873154e-02
1.383759547024965286e-02
1.388355344533920288e-02
1.386380661278963089e-02
1.384579483419656754e-02
1.389726996421813965e-02
1.391275040805339813e-02
1.385759375989437103e-02
1.385471783578395844e-02
1.384184416383504868e-02
1.385282073169946671e-02
1.388835906982421875e-02
1.386576425284147263e-02
1.387745514512062073e-02
1.387508492916822433e-02
1.387963443994522095e-02
1.388260163366794586e-02
1.390312425792217255e-02
1.386211626231670380e-02
1.392205432057380676e-02
1.389058958739042282e-02
1.386941783130168915e-02
1.389279682189226151e-02
1.389716379344463348e-02
1.388924475759267807e-02
1.387550588697195053e-02
1.383948605507612228e-02
1.387664768844842911e-02
1.390631590038537979e-02
1.387744117528200150e-02
1.386054698377847672e-02
1.388444565236568451e-02
1.390404067933559418e-02
1.389895379543304443e-02
1.387460343539714813e-02
1.386762596666812897e-02
1.386863645166158676e-02
1.389766857028007507e-02
1.387617830187082291e-02
1.385355181992053986e-02
1.383928209543228149e-02
1.388554554432630539e-02
1.386517565697431564e-02
1.387615967541933060e-02
1.387321576476097107e-02
1.387952640652656555e-02
1.388221699744462967e-02
1.387589238584041595e-02
1.387487258762121201e-02
1.385249476879835129e-02
1.384747400879859924e-02
1.386326178908348083e-02
1.386637240648269653e-02
1.385323330760002136e-02
1.384380366653203964e-02
1.387422159314155579e-02
1.385759562253952026e-02
1.389034930616617203e-02
1.383794005960226059e-02
1.383447926491498947e-02
1.391515135765075684e-02
1.385871786624193192e-02
1.388901285827159882e-02
1.386503875255584717e-02
1.385282725095748901e-02
1.387908682227134705e-02
1.388708408921957016e-02
1.383688393980264664e-02
1.385519094765186310e-02
1.386845670640468597e-02
1.386552304029464722e-02
1.385227590799331665e-02
1.386933494359254837e-02
1.385203655809164047e-02
1.383120007812976837e-02
1.387250982224941254e-02
1.384715456515550613e-02
1.388445217162370682e-02
1.388547383248806000e-02
1.388436742126941681e-02
1.388910785317420959e-02
1.386052090674638748e-02
1.386863458901643753e-02
1.389071531593799591e-02
1.388211548328399658e-02
1.387601066380739212e-02
1.388398185372352600e-02
1.387238036841154099e-02
1.388764847069978714e-02
1.387823466211557388e-02
1.386045292019844055e-02
1.384032610803842545e-02
1.385290827602148056e-02
1.385570224374532700e-02
1.388563681393861771e-02
1.384817529469728470e-02
1.384867355227470398e-02
1.383647322654724121e-02
1.385928131639957428e-02
1.387897878885269165e-02
1.384228747338056564e-02
1.387284509837627411e-02
1.383937057107686996e-02
1.387753617018461227e-02
1.386210694909095764e-02
1.385876722633838654e-02
1.387991104274988174e-02
1.385550666600465775e-02
1.385598164051771164e-02
1.384742464870214462e-02
1.384448073804378510e-02
1.386842411011457443e-02
1.384703721851110458e-02
1.385461725294589996e-02
1.384794153273105621e-02
1.387379877269268036e-02
1.384024508297443390e-02
1.386368926614522934e-02
1.386289019137620926e-02
1.385298371315002441e-02
1.382941845804452896e-02
1.385837234556674957e-02
1.389129739254713058e-02
1.386997941881418228e-02
1.386972982436418533e-02
1.385736186057329178e-02
1.384904608130455017e-02
1.388301514089107513e-02
1.386511418968439102e-02
1.387174241244792938e-02
1.388553995639085770e-02
1.385464519262313843e-02
1.385989226400852203e-02
1.386381592601537704e-02
1.385876629501581192e-02
1.384780928492546082e-02
1.386851165443658829e-02
1.385771855711936951e-02
1.388471852988004684e-02
1.385966595262289047e-02
1.384448725730180740e-02
1.384536549448966980e-02
1.387633662670850754e-02
1.389046665281057358e-02
1.385377161204814911e-02
1.384997647255659103e-02
1.389668788760900497e-02
1.386771071702241898e-02
1.385147962719202042e-02
1.388009637594223022e-02
1.386763993650674820e-02
1.387762837111949921e-02
1.385623868554830551e-02
1.385955512523651123e-02
1.385183352977037430e-02
1.386792305856943130e-02
1.385274529457092285e-02
1.386664621531963348e-02
1.384241040796041489e-02
1.387253403663635254e-02
1.387860812246799469e-02
1.386066246777772903e-02
1.387472450733184814e-02
1.385690923780202866e-02
1.386580895632505417e-02
1.384433638304471970e-02
1.388750504702329636e-02
1.383614260703325272e-02
1.386028993874788284e-02
1.384698692709207535e-02
1.386311091482639313e-02
1.387174334377050400e-02
1.385807339102029800e-02
1.387832127511501312e-02
1.384703442454338074e-02
1.386662479490041733e-02
1.386251486837863922e-02
1.386092137545347214e-02
1.388217881321907043e-02
1.387647818773984909e-02
1.389251649379730225e-02
1.385372877120971680e-02
1.385198533535003662e-02
1.385886594653129578e-02
1.387380156666040421e-02
1.385851204395294189e-02
1.392923295497894287e-02
1.383755635470151901e-02
1.386092882603406906e-02
1.383379939943552017e-02
1.383865438401699066e-02
1.386901643127202988e-02
1.385133527219295502e-02
1.386916078627109528e-02
1.383787114173173904e-02
1.384508050978183746e-02
1.386042125523090363e-02
1.389414723962545395e-02
1.388270128518342972e-02
1.387696433812379837e-02
1.384410820901393890e-02
1.387163158506155014e-02
1.387247070670127869e-02
1.387002505362033844e-02
1.385039929300546646e-02
1.384670194238424301e-02
1.386670488864183426e-02
1.384072192013263702e-02
1.385388523340225220e-02
1.386638637632131577e-02
1.386092510074377060e-02
1.388760562986135483e-02
1.387282367795705795e-02
1.384542416781187057e-02
1.386578008532524109e-02
1.384378224611282349e-02
1.386396307498216629e-02
1.388048380613327026e-02
1.386165339499711990e-02
1.385475415736436844e-02
1.382805593311786652e-02
1.384198293089866638e-02
1.384671404957771301e-02
1.384688634425401688e-02
1.384972129017114639e-02
1.385655906051397324e-02
1.385523285716772079e-02
1.387328002601861954e-02
1.385245751589536667e-02
1.388604100793600082e-02
1.385443285107612610e-02
1.387058664113283157e-02
1.386699825525283813e-02
1.385416090488433838e-02
1.389218028634786606e-02
1.386896893382072449e-02
1.382431667298078537e-02
1.385728176683187485e-02
1.388250943273305893e-02
1.385631226003170013e-02
1.385929062962532043e-02
1.385793648660182953e-02
1.388475392013788223e-02
1.386295445263385773e-02
1.384712662547826767e-02
1.384913269430398941e-02
1.386067178100347519e-02
1.384566351771354675e-02
1.388081908226013184e-02
1.387754455208778381e-02
1.385692786425352097e-02
1.385870575904846191e-02
1.388145890086889267e-02
1.385006867349147797e-02
1.384783443063497543e-02
1.384656038135290146e-02
1.386808604001998901e-02
1.384343206882476807e-02
1.387139596045017242e-02
1.386634726077318192e-02
1.385806035250425339e-02
1.384164765477180481e-02
1.383331511169672012e-02
1.389022171497344971e-02
1.388213876634836197e-02
1.382604707032442093e-02
1.385166402906179428e-02
1.387186162173748016e-02
1.388036366552114487e-02
1.385571900755167007e-02
1.385875232517719269e-02
1.386337913572788239e-02
1.384964771568775177e-02
1.388972532004117966e-02
1.383058447390794754e-02
1.385850552469491959e-02
1.386262383311986923e-02
1.385689433664083481e-02
1.386075653135776520e-02
1.384924259036779404e-02
1.387870963662862778e-02
1.387746538966894150e-02
1.383796799927949905e-02
1.384612079709768295e-02
1.384294871240854263e-02
1.382384169846773148e-02
1.385328732430934906e-02
1.385482028126716614e-02
1.385839562863111496e-02
1.386170275509357452e-02
1.386093348264694214e-02
1.386348064988851547e-02
1.386439148336648941e-02
1.386705785989761353e-02
1.387476455420255661e-02
1.387537363916635513e-02
1.389162614941596985e-02
1.384575106203556061e-02
1.386280544102191925e-02
1.385137159377336502e-02
1.388650387525558472e-02
1.385835651308298111e-02
1.386129762977361679e-02
1.387347374111413956e-02
1.386762131005525589e-02
1.386691350489854813e-02
1.384614035487174988e-02
1.386961806565523148e-02
1.383528579026460648e-02
1.384313777089118958e-02
1.386269275099039078e-02
1.387210469692945480e-02
1.384970266371965408e-02
1.384811569005250931e-02
1.383784785866737366e-02
1.384389307349920273e-02
1.386140380054712296e-02
1.385583728551864624e-02
1.384756062179803848e-02
1.385184563696384430e-02
1.385215483605861664e-02
1.386832725256681442e-02
1.386748254299163818e-02
1.387113612145185471e-02
1.388720888644456863e-02
1.389482524245977402e-02
1.385384332388639450e-02
1.387593336403369904e-02
1.386772282421588898e-02
1.384473312646150589e-02
1.386568974703550339e-02
1.386142522096633911e-02
1.384055521339178085e-02
1.385546009987592697e-02
1.387416478246450424e-02
1.385519467294216156e-02
1.387526281177997589e-02
1.385110151022672653e-02
1.385042723268270493e-02
1.386091765016317368e-02
1.386662293225526810e-02
1.383663900196552277e-02
1.385933533310890198e-02
1.385970134288072586e-02
1.385043095797300339e-02
1.387286651879549026e-02
1.383389625698328018e-02
1.385965663939714432e-02
1.384794525802135468e-02
1.385113969445228577e-02
1.385298371315002441e-02
1.387580111622810364e-02
1.385280210524797440e-02
1.384324673563241959e-02
1.383725460618734360e-02
1.384208723902702332e-02
1.384771056473255157e-02
1.385593414306640625e-02
1.386002544313669205e-02
1.386552955955266953e-02
1.384797599166631699e-02
1.388280931860208511e-02
1.384130306541919708e-02
1.385665684938430786e-02
1.385156903415918350e-02
1.383480243384838104e-02
1.385457720607519150e-02
1.385174691677093506e-02
1.385634206235408783e-02
1.385625079274177551e-02
1.384686306118965149e-02
1.387000549584627151e-02
1.386017072945833206e-02
1.383546087890863419e-02
1.386182848364114761e-02
1.386582758277654648e-02
1.386416610330343246e-02
1.384330540895462036e-02
1.385269127786159515e-02
1.386824715882539749e-02
1.385993044823408127e-02
1.383834611624479294e-02
1.386235747486352921e-02
1.384701579809188843e-02
1.384628005325794220e-02
1.384400390088558197e-02
1.386734750121831894e-02
1.385434344410896301e-02
1.385475881397724152e-02
1.385694649070501328e-02
1.385676674544811249e-02
1.387278456240892410e-02
1.389137376099824905e-02
1.386764552444219589e-02
1.385531760752201080e-02
1.386760454624891281e-02
1.385201793164014816e-02
1.388229243457317352e-02
1.385089010000228882e-02
1.386161148548126221e-02
1.383951213210821152e-02
1.385265123099088669e-02
1.384273637086153030e-02
1.386168971657752991e-02
1.386690139770507812e-02
1.386599987745285034e-02
1.384428050369024277e-02
1.389452721923589706e-02
1.389019563794136047e-02
1.386196352541446686e-02
1.386403851211071014e-02
1.386149600148200989e-02
1.386136375367641449e-02
1.387176197022199631e-02
1.385869178920984268e-02
1.387664116919040680e-02
1.384436432272195816e-02
1.386661175638437271e-02
1.384799741208553314e-02
1.382988691329956055e-02
1.386841386556625366e-02
1.385042164474725723e-02
1.384942140430212021e-02
1.386382151395082474e-02
1.387858856469392776e-02
1.387294940650463104e-02
1.386054232716560364e-02
1.388212293386459351e-02
1.386401243507862091e-02
1.386495679616928101e-02
1.384576037526130676e-02
1.385438814759254456e-02
1.385051198303699493e-02
1.385045796632766724e-02
1.385825406759977341e-02
1.384306140244007111e-02
1.387642417103052139e-02
1.387181878089904785e-02
1.386206410825252533e-02
1.384805887937545776e-02
1.386286225169897079e-02
1.384030468761920929e-02
1.387063879519701004e-02
1.387025043368339539e-02
1.385498698800802231e-02
1.384857855737209320e-02
1.385336369276046753e-02
1.383121218532323837e-02
1.386073604226112366e-02
1.386235747486352921e-02
1.387142948806285858e-02
1.387937925755977631e-02
1.386174559593200684e-02
1.387387514114379883e-02
1.386592164635658264e-02
1.384448353201150894e-02
1.383438892662525177e-02
1.384349167346954346e-02
1.385492365807294846e-02
1.385126076638698578e-02
1.386700477451086044e-02
1.383145246654748917e-02
1.384426280856132507e-02
1.387369073927402496e-02
1.388162188231945038e-02
1.386576145887374878e-02
1.384925842285156250e-02
1.385637093335390091e-02
1.386031508445739746e-02
1.386678777635097504e-02
1.386634726077318192e-02
1.388788502663373947e-02
1.385141536593437195e-02
1.385120302438735962e-02
1.387077011168003082e-02
1.387267839163541794e-02
1.383494678884744644e-02
1.385029498487710953e-02
1.385824102908372879e-02
1.382984314113855362e-02
1.386043615639209747e-02
1.386918406933546066e-02
1.386733818799257278e-02
1.384355034679174423e-02
1.382613461464643478e-02
1.385353319346904755e-02
1.384186744689941406e-02
1.387301553040742874e-02
1.384099666029214859e-02
1.387198548763990402e-02
1.385655254125595093e-02
1.384171657264232635e-02
1.382764428853988647e-02
1.386162079870700836e-02
1.385741401463747025e-02
1.388176809996366501e-02
1.385753881186246872e-02
1.385790575295686722e-02
1.387595478445291519e-02
1.384117547422647476e-02
1.388513669371604919e-02
1.386885158717632294e-02
1.385820563882589340e-02
1.383954659104347229e-02
1.383210439234972000e-02
1.383760198950767517e-02
1.385350804775953293e-02
1.386101357638835907e-02
1.385222561657428741e-02
1.388056669384241104e-02
1.389923226088285446e-02
1.382954511791467667e-02
1.387452892959117889e-02
1.386612933129072189e-02
1.387554872781038284e-02
1.385596487671136856e-02
1.385288219898939133e-02
1.384721137583255768e-02
1.386494189500808716e-02
1.385337952524423599e-02
1.383702829480171204e-02
1.387838553637266159e-02
1.384979207068681717e-02
1.386231649667024612e-02
1.388388872146606445e-02
1.386833004653453827e-02
1.386223919689655304e-02
1.386519242078065872e-02
1.384869962930679321e-02
1.384152472019195557e-02
1.384960021823644638e-02
1.385385170578956604e-02
1.385439001023769379e-02
1.385614648461341858e-02
1.383061986416578293e-02
1.385048590600490570e-02
1.386804133653640747e-02
1.384622231125831604e-02
1.384932454675436020e-02
1.385644171386957169e-02
1.386432070285081863e-02
1.385097857564687729e-02
1.388942636549472809e-02
1.385544519871473312e-02
1.385279279202222824e-02
1.386047154664993286e-02
1.387229748070240021e-02
1.384333334863185883e-02
1.385757047683000565e-02
1.386683341115713120e-02
1.387486606836318970e-02
1.387242972850799561e-02
1.385288871824741364e-02
1.384110935032367706e-02
1.385021489113569260e-02
1.385841332376003265e-02
1.387137919664382935e-02
1.384975947439670563e-02
1.385874301195144653e-02
1.386350486427545547e-02
1.386221032589673996e-02
1.387117709964513779e-02
1.386291906237602234e-02
1.389027293771505356e-02
1.384791359305381775e-02
1.384694967418909073e-02
1.384976599365472794e-02
1.386140193790197372e-02
1.386289950460195541e-02
1.384855993092060089e-02
1.385763380676507950e-02
1.386051904410123825e-02
1.382734533399343491e-02
1.386742014437913895e-02
1.384785864502191544e-02
1.384046301245689392e-02
1.386165432631969452e-02
1.387542765587568283e-02
1.384345907717943192e-02
1.383760012686252594e-02
1.388900633901357651e-02
1.384246163070201874e-02
1.385207287967205048e-02
1.385468244552612305e-02
1.385122723877429962e-02
1.386991329491138458e-02
1.383857894688844681e-02
1.385214366018772125e-02
1.384525466710329056e-02
1.386021170765161514e-02
1.385060884058475494e-02
1.384460087865591049e-02
1.387388911098241806e-02
1.388943754136562347e-02
1.386528648436069489e-02
1.386680640280246735e-02
1.385244261473417282e-02
1.385802030563354492e-02
1.386916264891624451e-02
1.383887883275747299e-02
1.386820897459983826e-02
1.385499909520149231e-02
1.384795736521482468e-02
1.385934557765722275e-02
1.388286426663398743e-02
1.384742837399244308e-02
1.384977065026760101e-02
1.386019214987754822e-02
1.386077981442213058e-02
1.386910676956176758e-02
1.388263702392578125e-02
1.385753694921731949e-02
1.383704412728548050e-02
1.384731754660606384e-02
1.385463308542966843e-02
1.384892500936985016e-02
1.385001651942729950e-02
1.385075971484184265e-02
1.384967099875211716e-02
1.386589556932449341e-02
1.386393606662750244e-02
1.386515889316797256e-02
1.385750621557235718e-02
1.386578008532524109e-02
1.383046619594097137e-02
1.385741401463747025e-02
1.386926975101232529e-02
1.385730598121881485e-02
1.387226395308971405e-02
1.385895349085330963e-02
1.385455857962369919e-02
1.385813485831022263e-02
1.386275608092546463e-02
1.385261304676532745e-02
1.385347265750169754e-02
1.384984795004129410e-02
1.387222949415445328e-02
1.385823544114828110e-02
1.386100053787231445e-02
1.389681268483400345e-02
1.386270858347415924e-02
1.385165657848119736e-02
1.387922093272209167e-02
1.383293792605400085e-02
1.386089436709880829e-02
1.385057531297206879e-02
1.384538505226373672e-02
1.385309174656867981e-02
1.383693143725395203e-02
1.384255662560462952e-02
1.384176779538393021e-02
1.384318899363279343e-02
1.384728308767080307e-02
1.385598909109830856e-02
1.385749038308858871e-02
1.385500002652406693e-02
1.381548587232828140e-02
1.385397184640169144e-02
1.384929567575454712e-02
1.386404316872358322e-02
1.387230772525072098e-02
1.387651171535253525e-02
1.386865787208080292e-02
1.387186162173748016e-02
1.384911686182022095e-02
1.385709270834922791e-02
1.383364852517843246e-02
1.387326326221227646e-02
1.386773958802223206e-02
1.386194210499525070e-02
1.382404938340187073e-02
1.383163128048181534e-02
1.386152859777212143e-02
1.385675836354494095e-02
1.385047473013401031e-02
1.388788223266601562e-02
1.384425628930330276e-02
1.384592708200216293e-02
1.385714299976825714e-02
1.384698227047920227e-02
1.385410688817501068e-02
1.384991221129894257e-02
1.384921651333570480e-02
1.385364495217800140e-02
1.386470068246126175e-02
1.383654959499835968e-02
1.385256089270114899e-02
1.383656356483697891e-02
1.385387033224105835e-02
1.382155250757932663e-02
1.386688929051160812e-02
1.382535509765148163e-02
1.383237820118665695e-02
1.387368515133857727e-02
1.385838165879249573e-02
1.385853067040443420e-02
1.388734392821788788e-02
1.386086549609899521e-02
1.384450402110815048e-02
1.385929621756076813e-02
1.386723667383193970e-02
1.384004205465316772e-02
1.383950654417276382e-02
1.383669301867485046e-02
1.384338829666376114e-02
1.388146169483661652e-02
1.387165766209363937e-02
1.385715883225202560e-02
1.385744474828243256e-02
1.387238036841154099e-02
1.387508027255535126e-02
1.386725809425115585e-02
1.386912912130355835e-02
1.386151462793350220e-02
1.387561857700347900e-02
1.388416904956102371e-02
1.385586056858301163e-02
1.385913323611021042e-02
1.384726166725158691e-02
1.386612001806497574e-02
1.386733166873455048e-02
1.387904956936836243e-02
1.387952361255884171e-02
1.384081039577722549e-02
1.388177275657653809e-02
1.387831475585699081e-02
1.387207396328449249e-02
1.385023351758718491e-02
1.384139247238636017e-02
1.385287288576364517e-02
1.386909186840057373e-02
1.385300513356924057e-02
1.384041737765073776e-02
1.388119440525770187e-02
1.385785546153783798e-02
1.385552994906902313e-02
1.386289764195680618e-02
1.385904289782047272e-02
1.386134512722492218e-02
1.384123787283897400e-02
1.384607143700122833e-02
1.388227380812168121e-02
1.385617721825838089e-02
1.385010778903961182e-02
1.384794805198907852e-02
1.383593119680881500e-02
1.384312752634286880e-02
1.385254412889480591e-02
1.385937072336673737e-02
1.384811755269765854e-02
1.387099269777536392e-02
1.381902676075696945e-02
1.385160256177186966e-02
1.385610364377498627e-02
1.386120263487100601e-02
1.386121474206447601e-02
1.386781781911849976e-02
1.387000828981399536e-02
1.386285945773124695e-02
1.387872826308012009e-02
1.384469307959079742e-02
1.383899245411157608e-02
1.383024360984563828e-02
1.387607678771018982e-02
1.386215444654226303e-02
1.387266628444194794e-02
1.387736853212118149e-02
1.385450363159179688e-02
1.383987814188003540e-02
1.386160869151353836e-02
1.387340016663074493e-02
1.388074550777673721e-02
1.388761121779680252e-02
1.385497394949197769e-02
1.384708471596240997e-02
1.385260839015245438e-02
1.385045330971479416e-02
1.386867929250001907e-02
1.383355353027582169e-02
1.387658901512622833e-02
1.385972928255796432e-02
1.385883241891860962e-02
1.386881526559591293e-02
1.382760424166917801e-02
1.386787649244070053e-02
1.386283151805400848e-02
1.386159192770719528e-02
1.385910902172327042e-02
1.386207435280084610e-02
1.383559964597225189e-02
1.385666802525520325e-02
1.385397929698228836e-02
1.383057702332735062e-02
1.387460157275199890e-02
