2.497428469359874725e-02
1.505571044981479645e-02
1.481634285300970078e-02
1.545370277017354965e-02
1.505351532250642776e-02
1.470630709081888199e-02
1.477329619228839874e-02
1.513714622706174850e-02
1.521153096109628677e-02
1.490958407521247864e-02
1.520359609276056290e-02
1.532355882227420807e-02
1.473690755665302277e-02
1.471399050205945969e-02
1.489046774804592133e-02
1.516957767307758331e-02
1.498971413820981979e-02
1.488932222127914429e-02
1.464009005576372147e-02
1.489826012402772903e-02
1.480331737548112869e-02
1.524844951927661896e-02
1.536050904542207718e-02
1.454253308475017548e-02
1.492567081004381180e-02
1.550734415650367737e-02
1.510376948863267899e-02
1.471943873912096024e-02
1.437913253903388977e-02
1.507414970546960831e-02
1.514876913279294968e-02
1.496180705726146698e-02
1.508109830319881439e-02
1.500571891665458679e-02
1.469275075942277908e-02
1.482536830008029938e-02
1.483019534498453140e-02
1.456440798938274384e-02
1.494601275771856308e-02
1.516376901417970657e-02
1.430090144276618958e-02
1.496967021375894547e-02
1.452420465648174286e-02
1.466094329953193665e-02
1.509080734103918076e-02
1.461737230420112610e-02
1.472219638526439667e-02
1.476170774549245834e-02
1.512736640870571136e-02
1.455218438059091568e-02
1.457591168582439423e-02
1.488445233553647995e-02
1.457242015749216080e-02
1.441051531583070755e-02
1.520942244678735733e-02
1.471001096069812775e-02
1.472959201782941818e-02
1.446200162172317505e-02
1.449474785476922989e-02
1.525418087840080261e-02
1.449003349989652634e-02
1.460978295654058456e-02
1.443572156131267548e-02
1.440399233251810074e-02
1.479644887149333954e-02
1.494626421481370926e-02
1.475469209253787994e-02
1.466350909322500229e-02
1.474601682275533676e-02
1.487442106008529663e-02
1.442219782620668411e-02
1.452373340725898743e-02
1.431395579129457474e-02
1.465163193643093109e-02
1.478901226073503494e-02
1.457762252539396286e-02
1.445973291993141174e-02
1.439817622303962708e-02
1.423438917845487595e-02
1.427582465112209320e-02
1.445166021585464478e-02
1.448059733957052231e-02
1.471729576587677002e-02
1.476827729493379593e-02
1.441658101975917816e-02
1.461245585232973099e-02
1.429817173629999161e-02
1.466460246592760086e-02
1.474559865891933441e-02
1.458175852894783020e-02
1.458254456520080566e-02
1.412437763065099716e-02
1.448060665279626846e-02
1.469850819557905197e-02
1.417210791260004044e-02
1.449438184499740601e-02
1.426020916551351547e-02
1.443395018577575684e-02
1.441210787743330002e-02
1.458779349923133850e-02
1.422289386391639709e-02
1.445389539003372192e-02
1.428653486073017120e-02
1.442275848239660263e-02
1.441214792430400848e-02
1.433675363659858704e-02
1.428215578198432922e-02
1.448985096067190170e-02
1.417743042111396790e-02
1.430331822484731674e-02
1.430700626224279404e-02
1.410835050046443939e-02
1.427358854562044144e-02
1.430163066834211349e-02
1.466572470963001251e-02
1.424303092062473297e-02
1.427339389920234680e-02
1.416903175413608551e-02
1.437181327491998672e-02
1.432535611093044281e-02
1.426931470632553101e-02
1.422982383519411087e-02
1.423520874232053757e-02
1.446139253675937653e-02
1.431681402027606964e-02
1.421070564538240433e-02
1.428226009011268616e-02
1.439201273024082184e-02
1.421728730201721191e-02
1.416528038680553436e-02
1.429171208292245865e-02
1.425425335764884949e-02
1.425730530172586441e-02
1.417947933077812195e-02
1.434176228940486908e-02
1.427981350570917130e-02
1.422005798667669296e-02
1.428427267819643021e-02
1.423818245530128479e-02
1.434778701514005661e-02
1.439498271793127060e-02
1.425348594784736633e-02
1.412411499768495560e-02
1.409664936363697052e-02
1.405245903879404068e-02
1.418628823012113571e-02
1.440215855836868286e-02
1.434394810348749161e-02
1.415440347045660019e-02
1.410561800003051758e-02
1.418342161923646927e-02
1.433386467397212982e-02
1.422182470560073853e-02
1.429872214794158936e-02
1.426054630428552628e-02
1.446781121194362640e-02
1.415757182985544205e-02
1.408553589135408401e-02
1.402794942259788513e-02
1.430715154856443405e-02
1.413661614060401917e-02
1.413215789943933487e-02
1.418853271752595901e-02
1.420492678880691528e-02
1.406492851674556732e-02
1.407662034034729004e-02
1.397862285375595093e-02
1.417589467018842697e-02
1.406025141477584839e-02
1.439274940639734268e-02
1.416165474802255630e-02
1.429870352149009705e-02
1.410610321909189224e-02
1.410587225109338760e-02
1.408519409596920013e-02
1.412185560911893845e-02
1.451340969651937485e-02
1.421448774635791779e-02
1.400301232933998108e-02
1.419963408261537552e-02
1.404789928346872330e-02
1.417250465601682663e-02
1.407335605472326279e-02
1.414427254348993301e-02
1.404207013547420502e-02
1.411266811192035675e-02
1.417729910463094711e-02
1.424133591353893280e-02
1.418123207986354828e-02
1.390682626515626907e-02
1.407021563500165939e-02
1.417510397732257843e-02
1.413869857788085938e-02
1.416888553649187088e-02
1.403927057981491089e-02
1.417904254049062729e-02
1.414012629538774490e-02
1.411808095872402191e-02
1.405014563351869583e-02
1.414119359105825424e-02
1.430299319326877594e-02
1.398023776710033417e-02
1.398985460400581360e-02
1.396535709500312805e-02
1.402081549167633057e-02
1.402326114475727081e-02
1.412724051624536514e-02
1.410233136266469955e-02
1.405474450439214706e-02
1.405219268053770065e-02
1.401874143630266190e-02
1.399431191384792328e-02
1.404260192066431046e-02
1.405661180615425110e-02
1.424058526754379272e-02
1.401827391237020493e-02
1.414334680885076523e-02
1.393958833068609238e-02
1.404146663844585419e-02
1.410472206771373749e-02
1.411153841763734818e-02
1.410771626979112625e-02
1.410059444606304169e-02
1.429405808448791504e-02
1.412895601242780685e-02
1.402048580348491669e-02
1.402321457862854004e-02
1.413304079324007034e-02
1.422526873648166656e-02
1.407610252499580383e-02
1.397942565381526947e-02
1.404138654470443726e-02
1.404071785509586334e-02
1.406605634838342667e-02
1.403379626572132111e-02
1.412797160446643829e-02
1.403121370822191238e-02
1.393176801502704620e-02
1.403173431754112244e-02
1.402046158909797668e-02
1.401711720973253250e-02
1.402664463967084885e-02
1.399630866944789886e-02
1.399515196681022644e-02
1.413459796458482742e-02
1.397925987839698792e-02
1.398248691111803055e-02
1.413588691502809525e-02
1.403834111988544464e-02
1.400448568165302277e-02
1.399304810911417007e-02
1.406251266598701477e-02
1.405016984790563583e-02
1.414143200963735580e-02
1.400510407984256744e-02
1.400809455662965775e-02
1.400625891983509064e-02
1.406461000442504883e-02
1.412439625710248947e-02
1.398895587772130966e-02
1.408060174435377121e-02
1.404275558888912201e-02
1.400887127965688705e-02
1.398380193859338760e-02
1.399131864309310913e-02
1.397438999265432358e-02
1.393487490713596344e-02
1.400526892393827438e-02
1.412747614085674286e-02
1.401348691433668137e-02
1.398383080959320068e-02
1.390459015965461731e-02
1.398307085037231445e-02
1.413097046315670013e-02
1.402492169290781021e-02
1.406818162649869919e-02
1.395709905773401260e-02
1.411445997655391693e-02
1.403676159679889679e-02
1.409437227994203568e-02
1.403759699314832687e-02
1.394098624587059021e-02
1.395342405885457993e-02
1.401690207421779633e-02
1.402739249169826508e-02
1.401227992027997971e-02
1.411167159676551819e-02
1.397046912461519241e-02
1.406577508896589279e-02
1.411042083054780960e-02
1.401746831834316254e-02
1.400633621960878372e-02
1.397829782217741013e-02
1.410417072474956512e-02
1.399601995944976807e-02
1.397292688488960266e-02
1.403075642883777618e-02
1.397786103188991547e-02
1.393955945968627930e-02
1.402229536324739456e-02
1.401307340711355209e-02
1.405802369117736816e-02
1.398553512990474701e-02
1.398388482630252838e-02
1.399832125753164291e-02
1.404131297022104263e-02
1.394494902342557907e-02
1.406126748770475388e-02
1.399477664381265640e-02
1.395307015627622604e-02
1.392970886081457138e-02
1.396275218576192856e-02
1.399381086230278015e-02
1.406088843941688538e-02
1.405518315732479095e-02
1.402046158909797668e-02
1.397214736789464951e-02
1.401863526552915573e-02
1.397869642823934555e-02
1.401729881763458252e-02
1.398258190602064133e-02
1.415086071938276291e-02
1.391368824988603592e-02
1.392658427357673645e-02
1.401138771325349808e-02
1.398163754492998123e-02
1.411181688308715820e-02
1.398667693138122559e-02
1.401759404689073563e-02
1.395208016037940979e-02
1.396115962415933609e-02
1.402242109179496765e-02
1.401018630713224411e-02
1.396317128092050552e-02
1.402038801461458206e-02
1.394651457667350769e-02
1.398468669503927231e-02
1.403115503489971161e-02
1.393712125718593597e-02
1.396165974438190460e-02
1.412376761436462402e-02
1.400420907884836197e-02
1.404583081603050232e-02
1.409402955323457718e-02
1.396703254431486130e-02
1.409722305834293365e-02
1.407518424093723297e-02
1.408186927437782288e-02
1.395785436034202576e-02
1.394216157495975494e-02
1.411834824830293655e-02
1.410592906177043915e-02
1.404345687478780746e-02
1.409630663692951202e-02
1.405161246657371521e-02
1.399047486484050751e-02
1.402721740305423737e-02
1.394437067210674286e-02
1.401288900524377823e-02
1.396216079592704773e-02
1.396592333912849426e-02
1.415504515171051025e-02
1.399561669677495956e-02
1.407875865697860718e-02
1.398042216897010803e-02
1.392862573266029358e-02
1.394578535109758377e-02
1.400344911962747574e-02
1.403817161917686462e-02
1.403379254043102264e-02
1.395958196371793747e-02
1.409017201513051987e-02
1.399047300219535828e-02
1.400287542492151260e-02
1.400948222726583481e-02
1.388807408511638641e-02
1.394626405090093613e-02
1.402055844664573669e-02
1.392544154077768326e-02
1.397688779979944229e-02
1.397437136620283127e-02
1.397939678281545639e-02
1.397584751248359680e-02
1.397069171071052551e-02
1.411768514662981033e-02
1.403611246496438980e-02
1.397758629173040390e-02
1.399379223585128784e-02
1.396020315587520599e-02
1.395739894360303879e-02
1.392617356032133102e-02
1.402720063924789429e-02
1.396353356540203094e-02
1.402404997497797012e-02
1.399054378271102905e-02
1.403776183724403381e-02
1.405581925064325333e-02
1.403514761477708817e-02
1.394749898463487625e-02
1.393357850611209869e-02
1.397051475942134857e-02
1.392948068678379059e-02
1.391061954200267792e-02
1.400813739746809006e-02
1.395000983029603958e-02
1.394049264490604401e-02
1.395968440920114517e-02
1.408154703676700592e-02
1.400081906467676163e-02
1.394954230636358261e-02
1.397961378097534180e-02
1.399616152048110962e-02
1.395872049033641815e-02
1.395177375525236130e-02
1.394340954720973969e-02
1.407984457910060883e-02
1.406215224415063858e-02
1.387868542224168777e-02
1.397227961570024490e-02
1.391644496470689774e-02
1.398690789937973022e-02
1.407357491552829742e-02
1.399157010018825531e-02
1.403965801000595093e-02
1.401951070874929428e-02
1.393505651503801346e-02
1.398524641990661621e-02
1.392362918704748154e-02
1.404396165162324905e-02
1.397907547652721405e-02
1.397455576807260513e-02
1.401909068226814270e-02
1.409883331507444382e-02
1.399284787476062775e-02
1.394698582589626312e-02
1.393978018313646317e-02
1.403302792459726334e-02
1.393522135913372040e-02
1.391253620386123657e-02
1.401656679809093475e-02
1.404192950576543808e-02
1.395468600094318390e-02
1.399302482604980469e-02
1.392189413309097290e-02
1.399976667016744614e-02
1.398979593068361282e-02
1.396997179836034775e-02
1.393742207437753677e-02
1.396500505506992340e-02
1.400497369468212128e-02
1.399538945406675339e-02
1.394267845898866653e-02
1.397401094436645508e-02
1.393388584256172180e-02
1.397232431918382645e-02
1.399235613644123077e-02
1.389589346945285797e-02
1.407568529248237610e-02
1.393373589962720871e-02
1.397130079567432404e-02
1.398661173880100250e-02
1.390173379331827164e-02
1.392475236207246780e-02
1.400213222950696945e-02
1.403370406478643417e-02
1.394826546311378479e-02
1.393227092921733856e-02
1.393722090870141983e-02
1.393296942114830017e-02
1.395298261195421219e-02
1.396416220813989639e-02
1.398118399083614349e-02
1.401854772120714188e-02
1.392887160181999207e-02
1.394118368625640869e-02
1.402425486594438553e-02
1.402494683861732483e-02
1.388879586011171341e-02
1.396262273192405701e-02
1.403112057596445084e-02
1.422682777047157288e-02
1.393238361924886703e-02
1.396640948951244354e-02
1.396733522415161133e-02
1.388034224510192871e-02
1.395612116903066635e-02
1.394639443606138229e-02
1.392465736716985703e-02
1.394060999155044556e-02
1.394344307482242584e-02
1.397666335105895996e-02
1.391011197119951248e-02
1.394319720566272736e-02
1.399885118007659912e-02
1.398933120071887970e-02
1.393847912549972534e-02
1.391720306128263474e-02
1.395787298679351807e-02
1.398687530308961868e-02
1.395675167441368103e-02
1.398585550487041473e-02
1.402467582374811172e-02
1.406777463853359222e-02
1.395099982619285583e-02
1.395627949386835098e-02
1.393325999379158020e-02
1.398956868797540665e-02
1.393233891576528549e-02
1.394194643944501877e-02
1.400425843894481659e-02
1.401632837951183319e-02
1.391448639333248138e-02
1.393436919897794724e-02
1.392468437552452087e-02
1.402324996888637543e-02
1.397635880857706070e-02
1.400490757077932358e-02
1.397782005369663239e-02
1.396674476563930511e-02
1.400449499487876892e-02
1.392543129622936249e-02
1.398188062012195587e-02
1.393510773777961731e-02
1.395014673471450806e-02
1.398692559450864792e-02
1.386950537562370300e-02
1.397972274571657181e-02
1.401650067418813705e-02
1.414827257394790649e-02
1.396023202687501907e-02
1.393420621752738953e-02
1.392343267798423767e-02
1.401797588914632797e-02
1.401498820632696152e-02
1.400266587734222412e-02
1.391120254993438721e-02
1.392807066440582275e-02
1.404672116041183472e-02
1.402296219021081924e-02
1.393788587301969528e-02
1.396984327584505081e-02
1.395533792674541473e-02
1.390944793820381165e-02
1.401901245117187500e-02
1.392111647874116898e-02
1.399816386401653290e-02
1.400692854076623917e-02
1.397622004151344299e-02
1.409499533474445343e-02
1.401748042553663254e-02
1.390546653419733047e-02
1.394764333963394165e-02
1.395909395068883896e-02
1.397325005382299423e-02
1.392330229282379150e-02
1.389506831765174866e-02
1.396749541163444519e-02
1.402550376951694489e-02
1.393489539623260498e-02
1.393888518214225769e-02
1.398061588406562805e-02
1.398796401917934418e-02
1.390002574771642685e-02
1.389009132981300354e-02
1.393866352736949921e-02
1.394769642502069473e-02
1.396560017019510269e-02
1.398079469799995422e-02
1.406766194850206375e-02
1.395705249160528183e-02
1.400634087622165680e-02
1.395307015627622604e-02
1.396059244871139526e-02
1.397493388503789902e-02
1.399506907910108566e-02
1.407129876315593719e-02
1.393885631114244461e-02
1.399792078882455826e-02
1.392459869384765625e-02
1.393305230885744095e-02
1.393426768481731415e-02
1.396022643893957138e-02
1.394902169704437256e-02
1.395068503916263580e-02
1.398426480591297150e-02
1.397970132529735565e-02
1.392697356641292572e-02
1.397745031863451004e-02
1.389411184936761856e-02
1.394653134047985077e-02
1.398210413753986359e-02
1.393912825733423233e-02
1.390168257057666779e-02
1.401417609304189682e-02
1.392586901783943176e-02
1.403673551976680756e-02
1.395114324986934662e-02
1.396603696048259735e-02
1.398766599595546722e-02
1.399749331176280975e-02
1.403055153787136078e-02
1.396894734352827072e-02
1.403986848890781403e-02
1.393306441605091095e-02
1.398089900612831116e-02
1.396815106272697449e-02
1.391877979040145874e-02
1.392899174243211746e-02
1.396667584776878357e-02
1.398850884288549423e-02
1.396714150905609131e-02
1.385858934372663498e-02
1.392878592014312744e-02
1.390193775296211243e-02
1.401619147509336472e-02
1.395399216562509537e-02
1.399451214820146561e-02
1.401688624173402786e-02
1.410631649196147919e-02
1.403541211038827896e-02
1.392016559839248657e-02
1.403927616775035858e-02
1.397533528506755829e-02
1.400383096188306808e-02
1.390199642628431320e-02
1.400137599557638168e-02
1.397852133959531784e-02
1.395124662667512894e-02
1.394435856491327286e-02
1.395622827112674713e-02
1.397229824215173721e-02
1.394718233495950699e-02
1.388748362660408020e-02
1.389786042273044586e-02
1.399557385593652725e-02
1.397960912436246872e-02
1.393230631947517395e-02
1.393683534115552902e-02
1.402761414647102356e-02
1.394593063741922379e-02
1.397076249122619629e-02
1.392540149390697479e-02
1.392813306301832199e-02
1.396500505506992340e-02
1.392939593642950058e-02
1.398997753858566284e-02
1.391566637903451920e-02
1.392285153269767761e-02
1.395283360034227371e-02
1.402425486594438553e-02
1.392097957432270050e-02
1.403609104454517365e-02
1.395037863403558731e-02
1.392590813338756561e-02
1.403528358787298203e-02
1.394992601126432419e-02
1.396190002560615540e-02
1.389325689524412155e-02
1.393696852028369904e-02
1.388913113623857498e-02
1.397418044507503510e-02
1.392987743020057678e-02
1.389070320874452591e-02
1.394324935972690582e-02
1.394005771726369858e-02
1.401243638247251511e-02
1.389175187796354294e-02
1.391962915658950806e-02
1.390032190829515457e-02
1.404236815869808197e-02
1.410752907395362854e-02
1.393269747495651245e-02
1.392440684139728546e-02
1.391354575753211975e-02
1.392035372555255890e-02
1.390729099512100220e-02
1.395683735609054565e-02
1.392326969653367996e-02
1.394102070480585098e-02
1.394560746848583221e-02
1.403179764747619629e-02
1.390877738595008850e-02
1.392429415136575699e-02
1.397746149450540543e-02
1.394940167665481567e-02
1.393225602805614471e-02
1.396820973604917526e-02
1.396290399134159088e-02
1.397789642214775085e-02
1.399549935013055801e-02
1.391460467129945755e-02
1.393883582204580307e-02
1.388747896999120712e-02
1.393641531467437744e-02
1.393384020775556564e-02
1.409215945750474930e-02
1.391608361154794693e-02
1.390457432717084885e-02
1.392429228872060776e-02
1.401018444448709488e-02
1.395229808986186981e-02
1.402459107339382172e-02
1.392366643995046616e-02
1.398119796067476273e-02
1.400001905858516693e-02
1.391264051198959351e-02
1.398735027760267258e-02
1.394471805542707443e-02
1.390303019434213638e-02
1.393083762377500534e-02
1.396118290722370148e-02
1.395646948367357254e-02
1.391520351171493530e-02
1.396545767784118652e-02
1.389675494283437729e-02
1.389520056545734406e-02
1.390765979886054993e-02
1.393277570605278015e-02
1.389914657920598984e-02
1.406828686594963074e-02
1.393956691026687622e-02
1.389982458204030991e-02
1.395128015428781509e-02
1.395585294812917709e-02
1.397060602903366089e-02
1.393776107579469681e-02
1.389379333704710007e-02
1.399283297359943390e-02
1.394747290760278702e-02
1.391831412911415100e-02
1.398743689060211182e-02
1.401853561401367188e-02
1.397212874144315720e-02
1.392334327101707458e-02
1.391774136573076248e-02
1.393936481326818466e-02
1.393879950046539307e-02
1.392325386404991150e-02
1.391257345676422119e-02
1.387676596641540527e-02
1.405902020633220673e-02
1.397108379751443863e-02
1.393994968384504318e-02
1.395781431347131729e-02
1.400120649486780167e-02
1.391004119068384171e-02
1.390032656490802765e-02
1.398904528468847275e-02
1.395475771278142929e-02
1.399757433682680130e-02
1.392037980258464813e-02
1.397857815027236938e-02
1.392796263098716736e-02
1.390891056507825851e-02
1.391887664794921875e-02
1.390063110738992691e-02
1.395453140139579773e-02
1.402921322733163834e-02
1.402269490063190460e-02
1.391438860446214676e-02
1.398106385022401810e-02
1.392836403101682663e-02
1.392246223986148834e-02
1.390616223216056824e-02
1.393324322998523712e-02
1.396650355309247971e-02
1.393471099436283112e-02
1.399262342602014542e-02
1.400450151413679123e-02
1.415277924388647079e-02
1.397216226905584335e-02
1.394569966942071915e-02
1.394350267946720123e-02
1.392779499292373657e-02
1.389778777956962585e-02
1.388953998684883118e-02
1.398362498730421066e-02
1.400595623999834061e-02
1.405223459005355835e-02
1.389234606176614761e-02
1.399554125964641571e-02
1.394611783325672150e-02
1.398046687245368958e-02
1.392787508666515350e-02
1.389975845813751221e-02
1.385553088039159775e-02
1.399852707982063293e-02
1.392886228859424591e-02
1.392560917884111404e-02
1.397849991917610168e-02
1.397033967077732086e-02
1.391829364001750946e-02
1.389231812208890915e-02
1.392414327710866928e-02
1.393194310367107391e-02
1.384653244167566299e-02
1.390940789133310318e-02
1.394073851406574249e-02
1.397332083433866501e-02
1.391604356467723846e-02
1.391047984361648560e-02
1.390717085450887680e-02
1.390810590237379074e-02
1.395224314182996750e-02
1.392961293458938599e-02
1.393368933349847794e-02
1.389784086495637894e-02
1.388471666723489761e-02
1.389978453516960144e-02
1.394058391451835632e-02
1.385942846536636353e-02
1.395079120993614197e-02
1.390612777322530746e-02
1.390367187559604645e-02
1.394416484981775284e-02
1.398087199777364731e-02
1.388265565037727356e-02
1.393455732613801956e-02
1.396385580301284790e-02
1.392158493399620056e-02
1.390315033495426178e-02
1.391433086246252060e-02
1.397157832980155945e-02
1.396035403013229370e-02
1.390607748180627823e-02
1.400034222751855850e-02
1.391435787081718445e-02
1.393101643770933151e-02
1.392093487083911896e-02
1.389779150485992432e-02
1.393200550228357315e-02
1.392970979213714600e-02
1.395713165402412415e-02
1.387837901711463928e-02
1.394840981811285019e-02
1.395162753760814667e-02
1.391443144530057907e-02
1.393683161586523056e-02
1.393146999180316925e-02
1.397890597581863403e-02
1.398023776710033417e-02
1.395501662045717239e-02
1.392172090709209442e-02
1.397642120718955994e-02
1.392135117202997208e-02
1.394816208630800247e-02
1.396006345748901367e-02
1.385749969631433487e-02
1.392360776662826538e-02
1.395822037011384964e-02
1.392498333007097244e-02
1.399159617722034454e-02
1.392833329737186432e-02
1.392028108239173889e-02
1.390238385647535324e-02
1.394471153616905212e-02
1.397163607180118561e-02
1.393689494580030441e-02
1.394115574657917023e-02
1.395524572581052780e-02
1.393238827586174011e-02
1.406741328537464142e-02
1.405417546629905701e-02
1.391184143722057343e-02
1.392427273094654083e-02
1.391248125582933426e-02
1.394164655357599258e-02
1.390022132545709610e-02
1.392395608127117157e-02
1.391642913222312927e-02
1.389271486550569534e-02
1.399123575538396835e-02
1.395860966295003891e-02
1.395517494529485703e-02
1.392222102731466293e-02
1.395831443369388580e-02
1.390817202627658844e-02
1.393982395529747009e-02
1.393069420009851456e-02
1.390953082591295242e-02
1.390577480196952820e-02
1.392047945410013199e-02
1.400589011609554291e-02
1.390379667282104492e-02
1.391664613038301468e-02
1.395111996680498123e-02
1.395589299499988556e-02
1.392213720828294754e-02
1.388718280941247940e-02
1.391297020018100739e-02
1.394051313400268555e-02
1.388420257717370987e-02
1.393810659646987915e-02
1.390608493238687515e-02
1.406352408230304718e-02
1.395316235721111298e-02
1.395812071859836578e-02
1.392619218677282333e-02
1.391103770583868027e-02
1.386936288326978683e-02
1.400706544518470764e-02
1.393207162618637085e-02
1.392146386206150055e-02
1.392183173447847366e-02
1.395345199853181839e-02
1.390849985182285309e-02
1.393776573240756989e-02
1.396688818931579590e-02
1.390722487121820450e-02
1.393436267971992493e-02
1.396477036178112030e-02
1.391649711877107620e-02
1.392707973718643188e-02
1.390690077096223831e-02
1.389114279299974442e-02
1.390361506491899490e-02
1.393163762986660004e-02
1.395714655518531799e-02
1.390171516686677933e-02
1.389631163328886032e-02
1.391462236642837524e-02
1.395458076149225235e-02
1.393233425915241241e-02
1.405546441674232483e-02
1.388694439083337784e-02
1.391369942575693130e-02
1.396838203072547913e-02
1.390106603503227234e-02
1.392904669046401978e-02
1.399097777903079987e-02
1.396493799984455109e-02
1.389414444565773010e-02
1.390708796679973602e-02
1.390977390110492706e-02
1.391703542321920395e-02
1.391205657273530960e-02
1.391714345663785934e-02
1.392285432666540146e-02
1.401599775999784470e-02
1.394012197852134705e-02
1.396301016211509705e-02
1.397160906344652176e-02
1.393197290599346161e-02
1.391214877367019653e-02
1.401357818394899368e-02
1.394715439528226852e-02
1.393261551856994629e-02
1.388640236109495163e-02
1.390263345092535019e-02
1.389268133789300919e-02
1.395817380398511887e-02
1.391285657882690430e-02
1.396489888429641724e-02
1.396243646740913391e-02
1.393451262265443802e-02
1.397625543177127838e-02
1.394796371459960938e-02
1.389227993786334991e-02
1.392816752195358276e-02
1.393491961061954498e-02
1.387258805334568024e-02
1.397777348756790161e-02
1.391199603676795959e-02
1.392446458339691162e-02
1.394215412437915802e-02
1.393305882811546326e-02
1.395374443382024765e-02
1.404034066945314407e-02
1.395321171730756760e-02
1.389148458838462830e-02
1.394421048462390900e-02
1.397535111755132675e-02
1.389919128268957138e-02
1.391193363815546036e-02
1.393619552254676819e-02
1.393970102071762085e-02
1.391668897122144699e-02
1.384478807449340820e-02
1.394043583422899246e-02
1.391892787069082260e-02
1.393994037061929703e-02
1.391060091555118561e-02
1.387786213308572769e-02
1.398448459804058075e-02
1.394019275903701782e-02
1.396653614938259125e-02
1.394591294229030609e-02
1.386830396950244904e-02
1.389809139072895050e-02
1.397960074245929718e-02
1.386302802711725235e-02
1.387758553028106689e-02
1.392169483006000519e-02
1.394780725240707397e-02
1.400860771536827087e-02
1.389263197779655457e-02
1.391260884702205658e-02
1.392422523349523544e-02
1.391419582068920135e-02
1.390196848660707474e-02
