6.664568781852722168e-01
6.578528881072998047e-01
6.551626324653625488e-01
6.392455101013183594e-01
6.278349757194519043e-01
6.204429268836975098e-01
6.038916707038879395e-01
6.036849617958068848e-01
5.963723659515380859e-01
5.755780935287475586e-01
5.738992094993591309e-01
5.649376511573791504e-01
5.503981113433837891e-01
5.420230627059936523e-01
5.360767245292663574e-01
5.280926823616027832e-01
5.232380628585815430e-01
5.114933848381042480e-01
4.991059303283691406e-01
4.962915182113647461e-01
4.788056313991546631e-01
4.758053719997406006e-01
4.649178683757781982e-01
4.543016850948333740e-01
4.460159838199615479e-01
4.364705681800842285e-01
4.307733774185180664e-01
4.211743772029876709e-01
4.131807982921600342e-01
4.063458144664764404e-01
4.010162055492401123e-01
3.953467905521392822e-01
3.834174573421478271e-01
3.742376863956451416e-01
3.656525611877441406e-01
3.602956235408782959e-01
3.573163151741027832e-01
3.436534106731414795e-01
3.373375236988067627e-01
3.343569338321685791e-01
3.259803950786590576e-01
3.123946785926818848e-01
3.127551674842834473e-01
3.061397075653076172e-01
2.994219660758972168e-01
2.943945527076721191e-01
2.848346233367919922e-01
2.764843702316284180e-01
2.717427313327789307e-01
2.667728662490844727e-01
2.575044631958007812e-01
2.531167268753051758e-01
2.499883323907852173e-01
2.408544272184371948e-01
2.387863695621490479e-01
2.326914817094802856e-01
2.252193093299865723e-01
2.238913774490356445e-01
2.125479429960250854e-01
2.109667807817459106e-01
2.060760557651519775e-01
1.975650340318679810e-01
1.918601244688034058e-01
1.899250894784927368e-01
1.894993185997009277e-01
1.836391687393188477e-01
1.762736141681671143e-01
1.716389358043670654e-01
1.669914424419403076e-01
1.639060974121093750e-01
1.575989872217178345e-01
1.554389894008636475e-01
1.515029966831207275e-01
1.499813497066497803e-01
1.430233120918273926e-01
1.375063806772232056e-01
1.388134062290191650e-01
1.331632137298583984e-01
1.282825618982315063e-01
1.255509704351425171e-01
1.237267926335334778e-01
1.243614777922630310e-01
1.185912564396858215e-01
1.150498166680335999e-01
1.162049844861030579e-01
1.052518039941787720e-01
1.046652421355247498e-01
1.048689037561416626e-01
9.997510910034179688e-02
9.944405406713485718e-02
9.549469500780105591e-02
9.420023113489151001e-02
9.240770339965820312e-02
8.817867189645767212e-02
8.471716940402984619e-02
8.425910770893096924e-02
8.317223936319351196e-02
8.034916222095489502e-02
7.912769913673400879e-02
7.694016396999359131e-02
7.629594206809997559e-02
7.331538945436477661e-02
7.173384726047515869e-02
7.293256372213363647e-02
6.984420865774154663e-02
6.693417578935623169e-02
6.637524068355560303e-02
6.552329659461975098e-02
6.211731210350990295e-02
6.527347117662429810e-02
6.203258782625198364e-02
5.938942730426788330e-02
5.997245386242866516e-02
5.779998376965522766e-02
5.694560334086418152e-02
5.735262110829353333e-02
5.408294498920440674e-02
5.412471666932106018e-02
5.429447069764137268e-02
5.332523584365844727e-02
5.272371321916580200e-02
4.889564588665962219e-02
5.081939697265625000e-02
4.913154989480972290e-02
5.066877976059913635e-02
4.836780950427055359e-02
4.729947820305824280e-02
4.668144136667251587e-02
4.394850879907608032e-02
4.696591198444366455e-02
4.513553529977798462e-02
4.587580636143684387e-02
4.314085468649864197e-02
4.478575661778450012e-02
4.391879588365554810e-02
4.433656483888626099e-02
4.224672168493270874e-02
4.124702140688896179e-02
4.246208816766738892e-02
4.296532273292541504e-02
4.126247391104698181e-02
4.193574562668800354e-02
4.135823249816894531e-02
4.105455428361892700e-02
4.165250062942504883e-02
4.023620113730430603e-02
3.958369791507720947e-02
3.973058238625526428e-02
3.993928804993629456e-02
3.863501548767089844e-02
4.012813419103622437e-02
3.921740129590034485e-02
3.870278969407081604e-02
3.796405345201492310e-02
3.773184120655059814e-02
3.884696587920188904e-02
3.741920739412307739e-02
3.720172122120857239e-02
3.741268068552017212e-02
3.733932599425315857e-02
3.766392916440963745e-02
3.737049177289009094e-02
3.734432905912399292e-02
3.729271516203880310e-02
3.698367252945899963e-02
3.755918890237808228e-02
3.726009652018547058e-02
3.723142668604850769e-02
3.602884709835052490e-02
3.561664000153541565e-02
3.631192445755004883e-02
3.608260676264762878e-02
3.616374358534812927e-02
3.652110695838928223e-02
3.749204427003860474e-02
3.735096380114555359e-02
3.627250343561172485e-02
3.723376989364624023e-02
3.590176999568939209e-02
3.629330173134803772e-02
3.605807945132255554e-02
3.576246649026870728e-02
3.706228360533714294e-02
3.537928685545921326e-02
3.569626435637474060e-02
3.591099381446838379e-02
3.655152395367622375e-02
3.613567352294921875e-02
3.555286303162574768e-02
3.625293821096420288e-02
3.426218032836914062e-02
3.743666782975196838e-02
3.563072904944419861e-02
3.564591705799102783e-02
3.626266494393348694e-02
3.515345603227615356e-02
3.622095659375190735e-02
3.653763979673385620e-02
3.646504878997802734e-02
3.672890365123748779e-02
3.567773848772048950e-02
3.544752672314643860e-02
3.495404124259948730e-02
3.577941283583641052e-02
3.484280407428741455e-02
3.577718511223793030e-02
3.626511991024017334e-02
3.478960692882537842e-02
3.609089925885200500e-02
3.773356974124908447e-02
3.585546463727951050e-02
3.462557494640350342e-02
3.607827425003051758e-02
3.504239395260810852e-02
3.479083999991416931e-02
3.538876026868820190e-02
3.462338447570800781e-02
3.611266240477561951e-02
3.551939874887466431e-02
3.486995026469230652e-02
3.478308394551277161e-02
3.402540832757949829e-02
3.655555471777915955e-02
3.582144156098365784e-02
3.567816689610481262e-02
3.500999882817268372e-02
3.573747724294662476e-02
3.660094365477561951e-02
3.477998077869415283e-02
3.509218618273735046e-02
3.532088547945022583e-02
3.564777970314025879e-02
3.491891920566558838e-02
3.579678386449813843e-02
3.490776568651199341e-02
3.531233221292495728e-02
3.494807332754135132e-02
3.491345793008804321e-02
3.587615117430686951e-02
3.401970863342285156e-02
3.583524376153945923e-02
3.593636304140090942e-02
3.541896119713783264e-02
3.565822169184684753e-02
3.444166108965873718e-02
3.640768676996231079e-02
3.551525622606277466e-02
3.581952676177024841e-02
3.652917966246604919e-02
3.495936840772628784e-02
3.504250943660736084e-02
3.677904605865478516e-02
3.522052988409996033e-02
3.481782600283622742e-02
3.606350347399711609e-02
3.562773391604423523e-02
3.446516394615173340e-02
3.474264964461326599e-02
3.510053828358650208e-02
3.455647081136703491e-02
3.507133573293685913e-02
3.438670188188552856e-02
3.532007709145545959e-02
3.490383923053741455e-02
3.500938415527343750e-02
3.452363237738609314e-02
3.649251535534858704e-02
3.473249450325965881e-02
3.532302752137184143e-02
3.422340378165245056e-02
3.440801054239273071e-02
3.446057811379432678e-02
3.458663076162338257e-02
3.414412960410118103e-02
3.665488213300704956e-02
3.520777821540832520e-02
3.478870540857315063e-02
3.527009859681129456e-02
3.354458510875701904e-02
3.507258370518684387e-02
3.474701568484306335e-02
3.522782027721405029e-02
3.554665669798851013e-02
3.560370951890945435e-02
3.473718836903572083e-02
3.564330190420150757e-02
3.393005207180976868e-02
3.432904556393623352e-02
3.393813595175743103e-02
3.539069369435310364e-02
3.412909805774688721e-02
3.496327623724937439e-02
3.457211703062057495e-02
3.333237394690513611e-02
3.498575836420059204e-02
3.416462615132331848e-02
3.527847677469253540e-02
3.385026007890701294e-02
3.469918668270111084e-02
3.462083637714385986e-02
3.456623479723930359e-02
3.534545376896858215e-02
3.446042910218238831e-02
3.428925573825836182e-02
3.475555032491683960e-02
3.550057485699653625e-02
3.511404991149902344e-02
3.504149988293647766e-02
3.451805189251899719e-02
3.450474143028259277e-02
3.378895670175552368e-02
3.550671041011810303e-02
3.427027165889739990e-02
3.430365771055221558e-02
3.496292233467102051e-02
3.483900427818298340e-02
3.470740094780921936e-02
3.442540392279624939e-02
3.520234674215316772e-02
3.365781530737876892e-02
3.448718786239624023e-02
3.404142335057258606e-02
3.520973026752471924e-02
3.430322930216789246e-02
3.474967181682586670e-02
3.463223204016685486e-02
3.408212959766387939e-02
3.468717634677886963e-02
3.453201800584793091e-02
3.537955135107040405e-02
3.550137579441070557e-02
3.598381951451301575e-02
3.431463986635208130e-02
3.410192579030990601e-02
3.350025787949562073e-02
3.509151190519332886e-02
3.444975987076759338e-02
3.507793694734573364e-02
3.422821685671806335e-02
3.519091010093688965e-02
3.500729054212570190e-02
3.448666259646415710e-02
3.434054553508758545e-02
3.478863462805747986e-02
3.474898636341094971e-02
3.482296317815780640e-02
3.436615318059921265e-02
3.427011519670486450e-02
3.389366716146469116e-02
3.465695679187774658e-02
3.361862525343894958e-02
3.380763903260231018e-02
3.390712291002273560e-02
3.378360718488693237e-02
3.530721366405487061e-02
3.454580903053283691e-02
3.432275727391242981e-02
3.515092656016349792e-02
3.363932669162750244e-02
3.473091125488281250e-02
3.337477892637252808e-02
3.394024074077606201e-02
3.548339754343032837e-02
3.379827365279197693e-02
3.435528278350830078e-02
3.377439454197883606e-02
3.381524980068206787e-02
3.427242860198020935e-02
3.344965353608131409e-02
3.438070043921470642e-02
3.444661200046539307e-02
3.348601609468460083e-02
3.406456485390663147e-02
3.358440846204757690e-02
3.424501046538352966e-02
3.359240293502807617e-02
3.367452323436737061e-02
3.405225649476051331e-02
3.344295173883438110e-02
3.432552143931388855e-02
3.523025661706924438e-02
3.383988514542579651e-02
3.409418836236000061e-02
3.373973071575164795e-02
3.343418613076210022e-02
3.405922651290893555e-02
3.400622308254241943e-02
3.306829184293746948e-02
3.383552283048629761e-02
3.379149734973907471e-02
3.460711613297462463e-02
3.456899896264076233e-02
3.443725779652595520e-02
3.344621881842613220e-02
3.311878442764282227e-02
3.327410295605659485e-02
3.468106314539909363e-02
3.305660188198089600e-02
3.371370956301689148e-02
3.354836627840995789e-02
3.365515172481536865e-02
3.401913866400718689e-02
3.344619646668434143e-02
3.297453373670578003e-02
3.429957851767539978e-02
3.412010893225669861e-02
3.371481224894523621e-02
3.542073816061019897e-02
3.365530818700790405e-02
3.365525230765342712e-02
3.431078046560287476e-02
3.418509662151336670e-02
3.410302102565765381e-02
3.512738272547721863e-02
3.274296596646308899e-02
3.440796956419944763e-02
3.494808450341224670e-02
3.293709829449653625e-02
3.300645947456359863e-02
3.390612453222274780e-02
3.269996494054794312e-02
3.453637287020683289e-02
3.385719284415245056e-02
3.414303809404373169e-02
3.262685611844062805e-02
3.458651900291442871e-02
3.305690363049507141e-02
3.491788730025291443e-02
3.428334370255470276e-02
3.282652050256729126e-02
3.357789665460586548e-02
3.355288505554199219e-02
3.465004637837409973e-02
3.248489275574684143e-02
3.396224230527877808e-02
3.289807587862014771e-02
3.475099429488182068e-02
3.392897546291351318e-02
3.351970016956329346e-02
3.306111320853233337e-02
3.353367373347282410e-02
3.371566161513328552e-02
3.382140398025512695e-02
3.405361250042915344e-02
3.333696722984313965e-02
3.363061696290969849e-02
3.315505385398864746e-02
3.398608788847923279e-02
3.411851078271865845e-02
3.274012356996536255e-02
3.311746194958686829e-02
3.323176130652427673e-02
3.300938010215759277e-02
3.457124158740043640e-02
3.470937535166740417e-02
3.327829390764236450e-02
3.254905343055725098e-02
3.279979899525642395e-02
3.357879817485809326e-02
3.416157886385917664e-02
3.347484394907951355e-02
3.249668702483177185e-02
3.395857661962509155e-02
3.345854207873344421e-02
3.307887539267539978e-02
3.448429703712463379e-02
3.361337259411811829e-02
3.354470804333686829e-02
3.352319076657295227e-02
3.315746039152145386e-02
3.303671628236770630e-02
3.341217711567878723e-02
3.498419374227523804e-02
3.372899070382118225e-02
3.319698944687843323e-02
3.339976072311401367e-02
3.454786539077758789e-02
3.325281292200088501e-02
3.340886160731315613e-02
3.361535817384719849e-02
3.305471688508987427e-02
3.298304229974746704e-02
3.369615972042083740e-02
3.450108319520950317e-02
3.242825344204902649e-02
3.441141173243522644e-02
3.341399878263473511e-02
3.362142667174339294e-02
3.331462666392326355e-02
3.318130224943161011e-02
3.309294581413269043e-02
3.361730650067329407e-02
3.366405889391899109e-02
3.368670493364334106e-02
3.251790255308151245e-02
3.383676335215568542e-02
3.262204676866531372e-02
3.392311930656433105e-02
3.282738476991653442e-02
3.429881110787391663e-02
3.149928897619247437e-02
3.342955186963081360e-02
3.430508822202682495e-02
3.426500409841537476e-02
3.325301781296730042e-02
3.269957378506660461e-02
3.293303027749061584e-02
3.361568599939346313e-02
3.330933675169944763e-02
3.280087932944297791e-02
3.262579068541526794e-02
3.292838856577873230e-02
3.299586474895477295e-02
3.300942480564117432e-02
3.314230591058731079e-02
3.341868519783020020e-02
3.310721367597579956e-02
3.392553701996803284e-02
3.263000398874282837e-02
3.364948183298110962e-02
3.336342424154281616e-02
3.422042354941368103e-02
3.315114602446556091e-02
3.355104476213455200e-02
3.296638280153274536e-02
3.297175094485282898e-02
3.254151344299316406e-02
3.391665220260620117e-02
3.204372897744178772e-02
3.400939330458641052e-02
3.237184882164001465e-02
3.264342993497848511e-02
3.337065875530242920e-02
3.295968100428581238e-02
3.388483077287673950e-02
3.325608000159263611e-02
3.398336097598075867e-02
3.348582983016967773e-02
3.235976770520210266e-02
3.287318721413612366e-02
3.372479230165481567e-02
3.265852481126785278e-02
3.227659687399864197e-02
3.306054323911666870e-02
3.296062722802162170e-02
3.225568309426307678e-02
3.349824994802474976e-02
3.264980390667915344e-02
3.266282007098197937e-02
3.337188065052032471e-02
3.356369957327842712e-02
3.305713459849357605e-02
3.318357095122337341e-02
3.200030326843261719e-02
3.305752575397491455e-02
3.230300545692443848e-02
3.395575284957885742e-02
3.419347852468490601e-02
3.212872147560119629e-02
3.345363587141036987e-02
3.311643749475479126e-02
3.274990245699882507e-02
3.167835623025894165e-02
3.276212885975837708e-02
3.268828988075256348e-02
3.353970870375633240e-02
3.389753773808479309e-02
3.334140032529830933e-02
3.335332125425338745e-02
3.207363560795783997e-02
3.243688866496086121e-02
3.283520415425300598e-02
3.378547355532646179e-02
3.273835778236389160e-02
3.336111456155776978e-02
3.310569748282432556e-02
3.272473067045211792e-02
3.285588696599006653e-02
3.305660188198089600e-02
3.332392126321792603e-02
3.265630826354026794e-02
3.272891789674758911e-02
3.291907161474227905e-02
3.363071382045745850e-02
3.343807160854339600e-02
3.325927630066871643e-02
3.248457610607147217e-02
3.238367661833763123e-02
3.251043707132339478e-02
3.334991261363029480e-02
3.287291526794433594e-02
3.207471966743469238e-02
3.215597942471504211e-02
3.205636143684387207e-02
3.219638764858245850e-02
3.374742716550827026e-02
3.306519985198974609e-02
3.313400223851203918e-02
3.303964436054229736e-02
3.184074163436889648e-02
3.322689980268478394e-02
3.300581872463226318e-02
3.250928595662117004e-02
3.258981183171272278e-02
3.274688497185707092e-02
3.284995257854461670e-02
3.343458473682403564e-02
3.248170390725135803e-02
3.307671844959259033e-02
3.296045958995819092e-02
3.227490186691284180e-02
3.276112675666809082e-02
3.311724960803985596e-02
3.362713009119033813e-02
3.180273622274398804e-02
3.217440098524093628e-02
3.229906782507896423e-02
3.105465695261955261e-02
3.323324024677276611e-02
3.272553905844688416e-02
3.205010294914245605e-02
3.189344704151153564e-02
3.224923834204673767e-02
3.283500671386718750e-02
3.274675458669662476e-02
3.254413604736328125e-02
3.250877559185028076e-02
3.268935903906822205e-02
3.314314782619476318e-02
3.117157705128192902e-02
3.210435435175895691e-02
3.220432624220848083e-02
3.261158987879753113e-02
3.224917128682136536e-02
3.249644115567207336e-02
3.194637224078178406e-02
3.232062980532646179e-02
3.298465535044670105e-02
3.206289187073707581e-02
3.165012598037719727e-02
3.214083984494209290e-02
3.302234038710594177e-02
3.180284053087234497e-02
3.180067241191864014e-02
3.266914561390876770e-02
3.290488570928573608e-02
3.213448077440261841e-02
3.262642771005630493e-02
3.182175010442733765e-02
3.242377564311027527e-02
3.177876025438308716e-02
3.242115676403045654e-02
3.239740431308746338e-02
3.224207833409309387e-02
3.163393214344978333e-02
3.241414576768875122e-02
3.171321377158164978e-02
3.117952123284339905e-02
3.236555308103561401e-02
3.217196837067604065e-02
3.285057842731475830e-02
3.193644806742668152e-02
3.128401190042495728e-02
3.286328539252281189e-02
3.147637471556663513e-02
3.190520405769348145e-02
3.257120400667190552e-02
3.189108893275260925e-02
3.166560456156730652e-02
3.281494230031967163e-02
3.230972960591316223e-02
3.204268962144851685e-02
3.221655637025833130e-02
3.164287284016609192e-02
3.153258562088012695e-02
3.228395432233810425e-02
3.183765336871147156e-02
3.292064741253852844e-02
3.238982334733009338e-02
3.258407488465309143e-02
3.188871219754219055e-02
3.250417485833168030e-02
3.188397735357284546e-02
3.220569342374801636e-02
3.176201879978179932e-02
3.222406655550003052e-02
3.209858387708663940e-02
3.190624341368675232e-02
3.209180384874343872e-02
3.205846995115280151e-02
3.314648941159248352e-02
3.240155801177024841e-02
3.200820833444595337e-02
3.188229724764823914e-02
3.251533210277557373e-02
3.179037570953369141e-02
3.213201835751533508e-02
3.229700401425361633e-02
3.171306103467941284e-02
3.167010098695755005e-02
3.250985220074653625e-02
3.135642409324645996e-02
3.201482817530632019e-02
3.325318917632102966e-02
3.228801116347312927e-02
3.167166560888290405e-02
3.172926604747772217e-02
3.192453831434249878e-02
3.251477330923080444e-02
3.177255019545555115e-02
3.157610073685646057e-02
3.162772953510284424e-02
3.231307119131088257e-02
3.192545846104621887e-02
3.227055445313453674e-02
3.072494454681873322e-02
3.169813007116317749e-02
3.131612390279769897e-02
3.142470866441726685e-02
3.153357282280921936e-02
3.205238655209541321e-02
3.234485536813735962e-02
3.189907222986221313e-02
3.165820240974426270e-02
3.240146860480308533e-02
3.111286088824272156e-02
3.210966661572456360e-02
3.196973353624343872e-02
3.161833807826042175e-02
3.099573217332363129e-02
3.196788579225540161e-02
3.234363347291946411e-02
3.219005092978477478e-02
3.236008808016777039e-02
3.134096041321754456e-02
3.244073688983917236e-02
3.205326944589614868e-02
3.196254372596740723e-02
3.154570981860160828e-02
3.118119947612285614e-02
3.250945359468460083e-02
3.171303495764732361e-02
3.247584775090217590e-02
3.216788172721862793e-02
3.141179308295249939e-02
3.186941519379615784e-02
3.189008310437202454e-02
3.213269636034965515e-02
3.111539594829082489e-02
3.118717670440673828e-02
3.153111413121223450e-02
3.306224942207336426e-02
3.166867792606353760e-02
3.196145966649055481e-02
3.249051049351692200e-02
3.264025598764419556e-02
3.103197552263736725e-02
3.265581652522087097e-02
3.066459111869335175e-02
3.035686910152435303e-02
3.149534016847610474e-02
3.163453936576843262e-02
3.225696831941604614e-02
3.198738023638725281e-02
3.144463151693344116e-02
3.048501163721084595e-02
3.247812390327453613e-02
3.184612095355987549e-02
3.256353735923767090e-02
3.135788440704345703e-02
3.236081823706626892e-02
3.231279551982879639e-02
3.153429552912712097e-02
3.189264982938766479e-02
3.165132552385330200e-02
3.143678605556488037e-02
3.165494650602340698e-02
3.145206347107887268e-02
3.205410763621330261e-02
3.137676417827606201e-02
3.140906617045402527e-02
3.238951414823532104e-02
3.019329719245433807e-02
3.158568963408470154e-02
3.064879216253757477e-02
3.168135136365890503e-02
3.152832761406898499e-02
3.121876344084739685e-02
3.144498169422149658e-02
3.147947415709495544e-02
3.177748620510101318e-02
3.089862689375877380e-02
3.072148002684116364e-02
3.059205040335655212e-02
3.120314143598079681e-02
3.154171258211135864e-02
3.132518753409385681e-02
3.133409470319747925e-02
3.122240491211414337e-02
3.150902688503265381e-02
3.076873347163200378e-02
3.122617676854133606e-02
3.179669380187988281e-02
3.126391768455505371e-02
3.158408775925636292e-02
3.209734708070755005e-02
3.125778958201408386e-02
3.104094602167606354e-02
3.138995543122291565e-02
3.114501573145389557e-02
3.052624128758907318e-02
3.147352114319801331e-02
3.092997148633003235e-02
3.059317357838153839e-02
3.100566938519477844e-02
3.069224767386913300e-02
3.116304427385330200e-02
3.071620687842369080e-02
3.132376074790954590e-02
3.133073449134826660e-02
3.192487731575965881e-02
3.087261505424976349e-02
3.203384205698966980e-02
3.082616813480854034e-02
3.186866641044616699e-02
3.136165440082550049e-02
3.141140565276145935e-02
3.119512461125850677e-02
3.177669271826744080e-02
3.110049478709697723e-02
3.155926242470741272e-02
3.148318827152252197e-02
3.197972849011421204e-02
3.155687078833580017e-02
3.119597584009170532e-02
3.013963438570499420e-02
3.133868053555488586e-02
3.006652183830738068e-02
3.120262175798416138e-02
3.216532245278358459e-02
3.127616271376609802e-02
3.132292255759239197e-02
3.180565312504768372e-02
3.131529688835144043e-02
3.157030418515205383e-02
3.201053291559219360e-02
3.093701042234897614e-02
3.116498701274394989e-02
3.088938817381858826e-02
3.115375339984893799e-02
3.118038177490234375e-02
3.151736781001091003e-02
3.140114247798919678e-02
3.153211623430252075e-02
3.093405999243259430e-02
3.098052181303501129e-02
2.988553233444690704e-02
3.162971884012222290e-02
3.070348314940929413e-02
3.149317204952239990e-02
3.042707219719886780e-02
2.975229360163211823e-02
3.157032281160354614e-02
3.110857307910919189e-02
3.046946413815021515e-02
2.984984591603279114e-02
3.138241916894912720e-02
3.116324730217456818e-02
3.158123418688774109e-02
3.095236048102378845e-02
3.147689998149871826e-02
3.182813152670860291e-02
3.098500147461891174e-02
3.138546273112297058e-02
3.091234341263771057e-02
3.130435943603515625e-02
3.158195689320564270e-02
3.107360750436782837e-02
3.079854883253574371e-02
3.112814575433731079e-02
3.254444897174835205e-02
3.145813569426536560e-02
3.104864619672298431e-02
3.080350905656814575e-02
3.025173023343086243e-02
3.080336749553680420e-02
3.142919763922691345e-02
3.161002695560455322e-02
3.115388751029968262e-02
3.110252134501934052e-02
3.158736601471900940e-02
3.017613105475902557e-02
3.172849491238594055e-02
3.039715066552162170e-02
3.137156739830970764e-02
3.136949241161346436e-02
3.074300847947597504e-02
3.122396208345890045e-02
3.122218325734138489e-02
3.070647269487380981e-02
3.135405853390693665e-02
3.043535351753234863e-02
3.096862882375717163e-02
3.058785386383533478e-02
3.146290406584739685e-02
3.145732730627059937e-02
3.078838251531124115e-02
3.119181655347347260e-02
3.111012093722820282e-02
3.066815994679927826e-02
3.059530630707740784e-02
3.135155141353607178e-02
3.114864043891429901e-02
3.041510656476020813e-02
3.000533208250999451e-02
3.067698702216148376e-02
3.059711121022701263e-02
3.132202476263046265e-02
2.929218672215938568e-02
3.097660094499588013e-02
3.186235576868057251e-02
3.091968409717082977e-02
2.999520115554332733e-02
3.127909824252128601e-02
3.066592104732990265e-02
3.081605955958366394e-02
3.067832998931407928e-02
3.156298398971557617e-02
3.057841025292873383e-02
2.989857830107212067e-02
3.101564571261405945e-02
2.952047437429428101e-02
3.131017088890075684e-02
3.073702193796634674e-02
3.094293922185897827e-02
3.025972284376621246e-02
3.006420098245143890e-02
3.023072518408298492e-02
3.110365010797977448e-02
3.044911660254001617e-02
3.059376403689384460e-02
3.077730908989906311e-02
3.055802546441555023e-02
2.960558794438838959e-02
3.056140430271625519e-02
3.014795854687690735e-02
3.039934672415256500e-02
3.061039559543132782e-02
3.072111681103706360e-02
3.015123493969440460e-02
2.983196265995502472e-02
2.998421527445316315e-02
3.007027693092823029e-02
3.139886632561683655e-02
2.979680709540843964e-02
3.066728077828884125e-02
2.965969033539295197e-02
3.060104325413703918e-02
3.042142838239669800e-02
2.977540343999862671e-02
3.110877051949501038e-02
3.024576231837272644e-02
3.055448271334171295e-02
3.047755546867847443e-02
3.049023821949958801e-02
3.025752119719982147e-02
2.996890991926193237e-02
3.031759895384311676e-02
2.991676889359951019e-02
3.002271614968776703e-02
3.067942336201667786e-02
3.048623912036418915e-02
2.931044809520244598e-02
3.071371465921401978e-02
2.977238968014717102e-02
3.131499886512756348e-02
3.058200329542160034e-02
3.006665967404842377e-02
3.104716911911964417e-02
3.108901716768741608e-02
3.098987415432929993e-02
2.988719940185546875e-02
3.037546761333942413e-02
2.943410538136959076e-02
3.001759387552738190e-02
2.964329347014427185e-02
3.049085661768913269e-02
2.986192703247070312e-02
2.964533492922782898e-02
3.048146143555641174e-02
2.998407371342182159e-02
2.963301725685596466e-02
3.041094541549682617e-02
3.104247339069843292e-02
2.999496832489967346e-02
3.003784827888011932e-02
2.955139614641666412e-02
3.052601963281631470e-02
3.102943114936351776e-02
2.967139892280101776e-02
