4.714767038822174072e-01
4.648184478282928467e-01
4.567108750343322754e-01
4.470873475074768066e-01
4.369089901447296143e-01
4.259630739688873291e-01
4.146867394447326660e-01
4.028546512126922607e-01
3.906626403331756592e-01
3.784135282039642334e-01
3.659951388835906982e-01
3.534572422504425049e-01
3.409903943538665771e-01
3.286098539829254150e-01
3.165431916713714600e-01
3.045369684696197510e-01
2.928620874881744385e-01
2.812740206718444824e-01
2.698306143283843994e-01
2.587400972843170166e-01
2.479926049709320068e-01
2.376224100589752197e-01
2.274391353130340576e-01
2.174486666917800903e-01
2.077641189098358154e-01
1.986411809921264648e-01
1.897603720426559448e-01
1.811195909976959229e-01
1.728927791118621826e-01
1.648618429899215698e-01
1.571272313594818115e-01
1.496872454881668091e-01
1.426915973424911499e-01
1.359479874372482300e-01
1.294120103120803833e-01
1.231938377022743225e-01
1.172450557351112366e-01
1.115875765681266785e-01
1.060781627893447876e-01
1.009417697787284851e-01
9.610166400671005249e-02
9.134244173765182495e-02
8.695678412914276123e-02
8.268544077873229980e-02
7.859879732131958008e-02
7.491794973611831665e-02
7.131616026163101196e-02
6.789449602365493774e-02
6.474872678518295288e-02
6.164528802037239075e-02
5.874688550829887390e-02
5.612109974026679993e-02
5.359619483351707458e-02
5.104477331042289734e-02
4.870311915874481201e-02
4.664197191596031189e-02
4.448117315769195557e-02
4.264601320028305054e-02
4.077616706490516663e-02
3.916232660412788391e-02
3.754109889268875122e-02
3.612889349460601807e-02
3.477884456515312195e-02
3.351731225848197937e-02
3.237292170524597168e-02
3.108274377882480621e-02
3.006013669073581696e-02
2.912310324609279633e-02
2.813987806439399719e-02
2.718301862478256226e-02
2.636932954192161560e-02
2.566950768232345581e-02
2.490454912185668945e-02
2.427991665899753571e-02
2.362267673015594482e-02
2.301296405494213104e-02
2.241852134466171265e-02
2.189780399203300476e-02
2.149672992527484894e-02
2.097283303737640381e-02
2.060268446803092957e-02
2.017487771809101105e-02
1.980492286384105682e-02
1.938669383525848389e-02
1.911209151148796082e-02
1.878269948065280914e-02
1.850217767059803009e-02
1.828825287520885468e-02
1.794997788965702057e-02
1.774680241942405701e-02
1.762579381465911865e-02
1.738610677421092987e-02
1.732765883207321167e-02
1.712779514491558075e-02
1.681981794536113739e-02
1.665073819458484650e-02
1.660764776170253754e-02
1.641081832349300385e-02
1.634812541306018829e-02
1.625133305788040161e-02
1.605106517672538757e-02
1.602952741086483002e-02
1.593193784356117249e-02
1.580173335969448090e-02
1.574317179620265961e-02
1.568888314068317413e-02
1.561199594289064407e-02
1.560438238084316254e-02
1.547251362353563309e-02
1.538990717381238937e-02
1.539367903023958206e-02
1.534803118556737900e-02
1.532786618918180466e-02
1.522277574986219406e-02
1.508332509547472000e-02
1.524347160011529922e-02
1.515713520348072052e-02
1.507889851927757263e-02
1.506406441330909729e-02
1.502211019396781921e-02
1.503090746700763702e-02
1.496646646410226822e-02
1.495013386011123657e-02
1.500076521188020706e-02
1.492612715810537338e-02
1.490176282823085785e-02
1.489875279366970062e-02
1.485717203468084335e-02
1.489963196218013763e-02
1.492358371615409851e-02
1.474466361105442047e-02
1.466054003685712814e-02
1.479976065456867218e-02
1.479642000049352646e-02
1.474794559180736542e-02
1.485970430076122284e-02
1.484396215528249741e-02
1.479187794029712677e-02
1.467918697744607925e-02
1.469284202903509140e-02
1.481781620532274246e-02
1.471254881471395493e-02
1.469549071043729782e-02
1.471418235450983047e-02
1.473936252295970917e-02
1.470167376101016998e-02
1.469967141747474670e-02
1.471260096877813339e-02
1.466519106179475784e-02
1.472453121095895767e-02
1.470871921628713608e-02
1.467886939644813538e-02
1.470291428267955780e-02
1.472033187747001648e-02
1.464361045509576797e-02
1.462636329233646393e-02
1.460281200706958771e-02
1.476315874606370926e-02
1.464321371167898178e-02
1.462962850928306580e-02
1.466652657836675644e-02
1.465929392725229263e-02
1.457510329782962799e-02
1.470269262790679932e-02
1.462133787572383881e-02
1.466549932956695557e-02
1.463884208351373672e-02
1.469560712575912476e-02
1.468458957970142365e-02
1.463046669960021973e-02
1.468521263450384140e-02
1.469667069613933563e-02
1.465821079909801483e-02
1.469126064330339432e-02
1.460615545511245728e-02
1.469453051686286926e-02
1.454217173159122467e-02
1.452913414686918259e-02
1.460710074752569199e-02
1.457087602466344833e-02
1.459672674536705017e-02
1.455081813037395477e-02
1.465152297168970108e-02
1.457817014306783676e-02
1.468310318887233734e-02
1.457778830081224442e-02
1.459941547363996506e-02
1.454388722777366638e-02
1.463666744530200958e-02
1.464212778955698013e-02
1.464495155960321426e-02
1.456930115818977356e-02
1.454541645944118500e-02
1.464630290865898132e-02
1.458915602415800095e-02
1.450746133923530579e-02
1.461636368185281754e-02
1.459650881588459015e-02
1.460153795778751373e-02
1.462717540562152863e-02
1.464352943003177643e-02
1.459257956594228745e-02
1.457240059971809387e-02
1.450799219310283661e-02
1.453949417918920517e-02
1.446549315005540848e-02
1.456158235669136047e-02
1.458024047315120697e-02
1.455892715603113174e-02
1.458604075014591217e-02
1.448487769812345505e-02
1.449204701930284500e-02
1.463235076516866684e-02
1.462804153561592102e-02
1.458183303475379944e-02
1.451154518872499466e-02
1.447102613747119904e-02
1.466577313840389252e-02
1.451004110276699066e-02
1.450446341186761856e-02
1.459381077438592911e-02
1.450693234801292419e-02
1.463723648339509964e-02
1.456117909401655197e-02
1.454702485352754593e-02
1.451273076236248016e-02
1.450348552316427231e-02
1.456551905721426010e-02
1.448585744947195053e-02
1.450867485255002975e-02
1.443058624863624573e-02
1.451347861438989639e-02
1.451298501342535019e-02
1.454045344144105911e-02
1.455462351441383362e-02
1.458150148391723633e-02
1.448511425405740738e-02
1.444765366613864899e-02
1.442299224436283112e-02
1.451480947434902191e-02
1.450334675610065460e-02
1.448495034128427505e-02
1.448091957718133926e-02
1.447830535471439362e-02
1.455373317003250122e-02
1.449687685817480087e-02
1.449605915695428848e-02
1.456637494266033173e-02
1.454746536910533905e-02
1.451846677809953690e-02
1.442667469382286072e-02
1.445227861404418945e-02
1.453064475208520889e-02
1.455346494913101196e-02
1.450176537036895752e-02
1.444286387413740158e-02
1.448284555226564407e-02
1.439232379198074341e-02
1.444721221923828125e-02
1.445892360061407089e-02
1.453748252242803574e-02
1.454580854624509811e-02
1.447453815490007401e-02
1.439794991165399551e-02
1.455488521605730057e-02
1.443031337112188339e-02
1.448267698287963867e-02
1.437920331954956055e-02
1.450134906917810440e-02
1.444458775222301483e-02
1.448064949363470078e-02
1.448177546262741089e-02
1.455931644886732101e-02
1.442763768136501312e-02
1.453096978366374969e-02
1.448134426027536392e-02
1.435450278222560883e-02
1.449723541736602783e-02
1.446211244910955429e-02
1.451116986572742462e-02
1.447926834225654602e-02
1.441723015159368515e-02
1.445821952074766159e-02
1.438185665756464005e-02
1.445422600954771042e-02
1.436453219503164291e-02
1.441142149269580841e-02
1.434527337551116943e-02
1.438446529209613800e-02
1.436736527830362320e-02
1.443661749362945557e-02
1.444670744240283966e-02
1.443233527243137360e-02
1.440032571554183960e-02
1.444385573267936707e-02
1.444024592638015747e-02
1.448849681764841080e-02
1.443750970065593719e-02
1.449330896139144897e-02
1.442798972129821777e-02
1.448152307420969009e-02
1.449672505259513855e-02
1.449562516063451767e-02
1.442229654639959335e-02
1.444622967392206192e-02
1.447776518762111664e-02
1.443183608353137970e-02
1.442729588598012924e-02
1.442823559045791626e-02
1.436973363161087036e-02
1.448584347963333130e-02
1.447098050266504288e-02
1.444065663963556290e-02
1.446995604783296585e-02
1.446389220654964447e-02
1.444463152438402176e-02
1.444512791931629181e-02
1.439174823462963104e-02
1.445043925195932388e-02
1.443495880812406540e-02
1.442571263760328293e-02
1.444270834326744080e-02
1.443677116185426712e-02
1.437793113291263580e-02
1.446668244898319244e-02
1.447784062474966049e-02
1.440059486776590347e-02
1.441358868032693863e-02
1.434947643429040909e-02
1.439532451331615448e-02
1.451137755066156387e-02
1.443517766892910004e-02
1.442753709852695465e-02
1.443634927272796631e-02
1.444907300174236298e-02
1.439240016043186188e-02
1.438490301370620728e-02
1.442385651171207428e-02
1.433412451297044754e-02
1.437519770115613937e-02
1.442492567002773285e-02
1.435950770974159241e-02
1.437094621360301971e-02
1.434934698045253754e-02
1.435855310410261154e-02
1.434435416013002396e-02
1.439680624753236771e-02
1.437276136130094528e-02
1.441021542996168137e-02
1.440185122191905975e-02
1.439739670604467392e-02
1.437722332775592804e-02
1.437468081712722778e-02
1.440198812633752823e-02
1.426603831350803375e-02
1.439891662448644638e-02
1.434141304343938828e-02
1.438463293015956879e-02
1.427065301686525345e-02
1.435474585741758347e-02
1.443105190992355347e-02
1.435190811753273010e-02
1.443520840257406235e-02
1.437959354370832443e-02
1.435202639549970627e-02
1.439436152577400208e-02
1.443591155111789703e-02
1.435047760605812073e-02
1.434627361595630646e-02
1.434511691331863403e-02
1.435422245413064957e-02
1.435783784836530685e-02
1.432727370411157608e-02
1.441705785691738129e-02
1.437291130423545837e-02
1.437920890748500824e-02
1.433322485536336899e-02
1.434396766126155853e-02
1.433292776346206665e-02
1.431896444410085678e-02
1.428321097046136856e-02
1.435329951345920563e-02
1.429774705320596695e-02
1.432982739061117172e-02
1.430732943117618561e-02
1.426385436207056046e-02
1.439374219626188278e-02
1.431843265891075134e-02
1.440885569900274277e-02
1.436298713088035583e-02
1.432611700147390366e-02
1.440986245870590210e-02
1.437012758105993271e-02
1.429712865501642227e-02
1.428949274122714996e-02
1.435947697609663010e-02
1.434268988668918610e-02
1.437718141824007034e-02
1.430328469723463058e-02
1.432833820581436157e-02
1.432094536721706390e-02
1.432419940829277039e-02
1.433756388723850250e-02
1.431901659816503525e-02
1.429710723459720612e-02
1.427190192043781281e-02
1.431582029908895493e-02
1.436247397214174271e-02
1.433488167822360992e-02
1.435101404786109924e-02
1.429561153054237366e-02
1.432282850146293640e-02
1.424934621900320053e-02
1.434015110135078430e-02
1.429994031786918640e-02
1.429935917258262634e-02
1.427958067506551743e-02
1.438479591161012650e-02
1.434107124805450439e-02
1.431368198245763779e-02
1.438214350491762161e-02
1.431882288306951523e-02
1.422745361924171448e-02
1.430610846728086472e-02
1.431331969797611237e-02
1.433752290904521942e-02
1.424554269760847092e-02
1.424035523086786270e-02
1.429351698607206345e-02
1.422067638486623764e-02
1.432748883962631226e-02
1.430529635399580002e-02
1.436779554933309555e-02
1.421418227255344391e-02
1.433106977492570877e-02
1.430972944945096970e-02
1.429205574095249176e-02
1.431087497621774673e-02
1.426072604954242706e-02
1.424902305006980896e-02
1.427230238914489746e-02
1.427162997424602509e-02
1.421667542308568954e-02
1.432844903320074081e-02
1.432169601321220398e-02
1.436523906886577606e-02
1.432141661643981934e-02
1.432081963866949081e-02
1.419748831540346146e-02
1.426949165761470795e-02
1.431453879922628403e-02
1.427937950938940048e-02
1.429325249046087265e-02
1.427274476736783981e-02
1.429719571024179459e-02
1.432176399976015091e-02
1.428485102951526642e-02
1.432952750474214554e-02
1.426322665065526962e-02
1.433214172720909119e-02
1.436661090701818466e-02
1.431335974484682083e-02
1.425745058804750443e-02
1.426077168434858322e-02
1.417053584009408951e-02
1.429906953126192093e-02
1.429675053805112839e-02
1.427134405821561813e-02
1.425981521606445312e-02
1.426545158028602600e-02
1.434073317795991898e-02
1.422206684947013855e-02
1.423937920480966568e-02
1.424817461520433426e-02
1.419684011489152908e-02
1.428965758532285690e-02
1.432728953659534454e-02
1.416516490280628204e-02
1.428928505629301071e-02
1.427268516272306442e-02
1.424558367580175400e-02
1.423931866884231567e-02
1.429476588964462280e-02
1.428006403148174286e-02
1.424756553024053574e-02
1.419559027999639511e-02
1.420554146170616150e-02
1.422507688403129578e-02
1.425369456410408020e-02
1.417082548141479492e-02
1.426921691745519638e-02
1.423836406320333481e-02
1.426018774509429932e-02
1.424423605203628540e-02
1.429091300815343857e-02
1.428436115384101868e-02
1.423800364136695862e-02
1.434813905507326126e-02
1.419345755130052567e-02
1.427964214235544205e-02
1.419893372803926468e-02
1.428227592259645462e-02
1.418216153979301453e-02
1.418637298047542572e-02
1.428489666432142258e-02
1.420096866786479950e-02
1.426754891872406006e-02
1.425545942038297653e-02
1.428394299000501633e-02
1.422150712460279465e-02
1.423963718116283417e-02
1.425324380397796631e-02
1.426231022924184799e-02
1.421024557203054428e-02
1.420375425368547440e-02
1.425969507545232773e-02
1.423962693661451340e-02
1.426110230386257172e-02
1.422292180359363556e-02
1.424674503505229950e-02
1.423385832458734512e-02
1.421867217868566513e-02
1.425356138497591019e-02
1.423755008727312088e-02
1.425602473318576813e-02
1.420453004539012909e-02
1.425369363278150558e-02
1.414052583277225494e-02
1.412835903465747833e-02
1.421148516237735748e-02
1.409039646387100220e-02
1.419937051832675934e-02
1.418222021311521530e-02
1.426301430910825729e-02
1.426663435995578766e-02
1.419963221997022629e-02
1.420013699680566788e-02
1.423491351306438446e-02
1.422748435288667679e-02
1.419391017407178879e-02
1.430197246372699738e-02
1.425860729068517685e-02
1.414411328732967377e-02
1.422681473195552826e-02
1.418288145214319229e-02
1.414663903415203094e-02
1.420872937887907028e-02
1.425707433372735977e-02
1.426133606582880020e-02
1.418608706444501877e-02
1.419908460229635239e-02
1.417655311524868011e-02
1.422108709812164307e-02
1.427786145359277725e-02
1.421975810080766678e-02
1.428116951137781143e-02
1.418898813426494598e-02
1.427088398486375809e-02
1.414002943783998489e-02
1.419577747583389282e-02
1.418727170675992966e-02
1.418766379356384277e-02
1.422697771340608597e-02
1.414306368678808212e-02
1.414642948657274246e-02
1.424751151353120804e-02
1.420435309410095215e-02
1.421698555350303650e-02
1.422982662916183472e-02
1.413748785853385925e-02
1.418613642454147339e-02
1.422390434890985489e-02
1.415154244750738144e-02
1.422267686575651169e-02
1.424039993435144424e-02
1.423411536961793900e-02
1.415746752172708511e-02
1.417807023972272873e-02
1.423156447708606720e-02
1.418676227331161499e-02
1.419230084866285324e-02
1.419901102781295776e-02
1.418645493686199188e-02
1.417344342917203903e-02
1.416748110204935074e-02
1.420154422521591187e-02
1.414823532104492188e-02
1.417375355958938599e-02
1.415470149368047714e-02
1.417037565261125565e-02
1.420685835182666779e-02
1.414573844522237778e-02
1.418468542397022247e-02
1.423414796590805054e-02
1.420982740819454193e-02
1.415108982473611832e-02
1.420822739601135254e-02
1.416845340281724930e-02
1.414401456713676453e-02
1.419430691748857498e-02
1.416669040918350220e-02
1.409535761922597885e-02
1.416422519832849503e-02
1.418018620461225510e-02
1.407509576529264450e-02
1.413010340183973312e-02
1.409428846091032028e-02
1.418379042297601700e-02
1.410482730716466904e-02
1.408962719142436981e-02
1.415102370083332062e-02
1.416465826332569122e-02
1.422739960253238678e-02
1.411234308034181595e-02
1.422637701034545898e-02
1.420935336500406265e-02
1.408457104116678238e-02
1.416865736246109009e-02
1.420432701706886292e-02
1.414860598742961884e-02
1.414409000426530838e-02
1.410626247525215149e-02
1.409681979566812515e-02
1.417666673660278320e-02
1.412488706409931183e-02
1.414462085813283920e-02
1.415045652538537979e-02
1.415849383920431137e-02
1.416520774364471436e-02
1.416491251438856125e-02
1.416509691625833511e-02
1.415542140603065491e-02
1.421038992702960968e-02
1.416324824094772339e-02
1.415881142020225525e-02
1.417355239391326904e-02
1.416339538991451263e-02
1.416430342942476273e-02
1.419401820749044418e-02
1.415094546973705292e-02
1.409843843430280685e-02
1.415547262877225876e-02
1.421216875314712524e-02
1.414533890783786774e-02
1.417910400778055191e-02
1.417205575853586197e-02
1.410482730716466904e-02
1.416832860559225082e-02
1.420720294117927551e-02
1.416456513106822968e-02
1.419785059988498688e-02
1.411158032715320587e-02
1.419681403785943985e-02
1.414070744067430496e-02
1.409231033176183701e-02
1.409042254090309143e-02
1.420424040406942368e-02
1.420842576771974564e-02
1.419037207961082458e-02
1.408650819212198257e-02
1.415595877915620804e-02
1.412677112966775894e-02
1.415704935789108276e-02
1.409594155848026276e-02
1.406345050781965256e-02
1.412940677255392075e-02
1.411715801805257797e-02
1.416370179504156113e-02
1.410652324557304382e-02
1.414276566356420517e-02
1.414744742214679718e-02
1.411834824830293655e-02
1.408020127564668655e-02
1.412176340818405151e-02
1.407825388014316559e-02
1.415692456066608429e-02
1.410902664065361023e-02
1.412643305957317352e-02
1.413711439818143845e-02
1.411485392600297928e-02
1.411257404834032059e-02
1.411664299666881561e-02
1.410648599267005920e-02
1.416572276502847672e-02
1.406755112111568451e-02
1.415384374558925629e-02
1.415577251464128494e-02
1.416471879929304123e-02
1.417995244264602661e-02
1.406329683959484100e-02
1.409675274044275284e-02
1.413120143115520477e-02
1.406547520309686661e-02
1.406549196690320969e-02
1.412734482437372208e-02
1.406657602638006210e-02
1.412869617342948914e-02
1.411493215709924698e-02
1.410627365112304688e-02
1.420142222195863724e-02
1.411866489797830582e-02
1.408592332154512405e-02
1.410398818552494049e-02
1.415896601974964142e-02
1.406738068908452988e-02
1.406302955001592636e-02
1.414574775844812393e-02
1.414682343602180481e-02
1.420272421091794968e-02
1.415224187076091766e-02
1.413774210959672928e-02
1.414144877344369888e-02
1.406701654195785522e-02
1.411862019449472427e-02
1.409452501684427261e-02
1.413044426590204239e-02
1.411697361618280411e-02
1.417553797364234924e-02
1.414891239255666733e-02
1.413800287991762161e-02
1.408569235354661942e-02
1.412355992943048477e-02
1.406524609774351120e-02
1.412209495902061462e-02
1.408490817993879318e-02
1.410343684256076813e-02
1.409877929836511612e-02
1.406161673367023468e-02
1.409352198243141174e-02
1.409141905605792999e-02
1.408789400011301041e-02
1.404950581490993500e-02
1.410895586013793945e-02
1.409542933106422424e-02
1.410581357777118683e-02
1.411260757595300674e-02
1.412757858633995056e-02
1.409498602151870728e-02
1.405250187963247299e-02
1.402303017675876617e-02
1.410590764135122299e-02
1.412016805261373520e-02
1.409443747252225876e-02
1.409589592367410660e-02
1.412354409694671631e-02
1.403789874166250229e-02
1.404709927737712860e-02
1.410759333521127701e-02
1.411072537302970886e-02
1.414579432457685471e-02
1.414669398218393326e-02
1.409389451146125793e-02
1.408529561012983322e-02
1.403853017836809158e-02
1.409771200269460678e-02
1.411814801394939423e-02
1.402291283011436462e-02
1.404344849288463593e-02
1.414713729172945023e-02
1.407341845333576202e-02
1.412970665842294693e-02
1.412694249302148819e-02
1.406897604465484619e-02
1.407976727932691574e-02
1.412945147603750229e-02
1.405011117458343506e-02
1.401699706912040710e-02
1.405704580247402191e-02
1.410643942654132843e-02
1.404241006821393967e-02
1.408733520656824112e-02
1.406107377260923386e-02
1.412065140902996063e-02
1.408858783543109894e-02
1.412494387477636337e-02
1.409437600523233414e-02
1.411658246070146561e-02
1.403535902500152588e-02
1.405053772032260895e-02
1.407605595886707306e-02
1.407322380691766739e-02
1.406119577586650848e-02
1.411897595971822739e-02
1.407438050955533981e-02
1.408279128372669220e-02
1.407403219491243362e-02
1.406247820705175400e-02
1.403521280735731125e-02
1.410538889467716217e-02
1.411057729274034500e-02
1.406564377248287201e-02
1.404700614511966705e-02
1.406619045883417130e-02
1.408735569566488266e-02
1.410862896591424942e-02
1.411102991551160812e-02
1.410938519984483719e-02
1.414637453854084015e-02
1.406849268823862076e-02
1.407862640917301178e-02
1.409105956554412842e-02
1.406680420041084290e-02
1.406968198716640472e-02
1.401642337441444397e-02
1.406120136380195618e-02
1.406662538647651672e-02
1.407926343381404877e-02
1.409727986901998520e-02
1.409723050892353058e-02
1.410724315792322159e-02
1.405207440257072449e-02
1.399138942360877991e-02
1.411405671387910843e-02
1.412088982760906219e-02
1.406498998403549194e-02
1.408194284886121750e-02
1.409842539578676224e-02
1.414085179567337036e-02
1.404987461864948273e-02
1.411476451903581619e-02
1.405009627342224121e-02
1.406861282885074615e-02
1.406635809689760208e-02
1.413856912404298782e-02
1.404712162911891937e-02
1.411410607397556305e-02
1.406420394778251648e-02
1.406496111303567886e-02
1.407686620950698853e-02
1.411595474928617477e-02
1.412763446569442749e-02
1.408689282834529877e-02
1.406396087259054184e-02
1.409099157899618149e-02
1.407511439174413681e-02
1.408571749925613403e-02
1.406147051602602005e-02
1.408843044191598892e-02
1.404880359768867493e-02
1.404654793441295624e-02
1.406683586537837982e-02
1.408967375755310059e-02
1.408680062741041183e-02
1.408251933753490448e-02
1.406674738973379135e-02
1.403661258518695831e-02
1.407621707767248154e-02
1.403443142771720886e-02
1.407148316502571106e-02
1.403161324560642242e-02
1.409298088401556015e-02
1.404572185128927231e-02
1.407597586512565613e-02
1.410381216555833817e-02
1.406993996351957321e-02
1.404710579663515091e-02
1.401988044381141663e-02
1.407716795802116394e-02
1.406268496066331863e-02
1.412828546017408371e-02
1.407975424081087112e-02
1.407513115555047989e-02
1.402429305016994476e-02
1.402831729501485825e-02
1.403103675693273544e-02
1.403336506336927414e-02
1.399477943778038025e-02
1.411042176187038422e-02
1.407846901565790176e-02
1.409761048853397369e-02
1.401767600327730179e-02
1.402885653078556061e-02
1.404465269297361374e-02
1.407610252499580383e-02
1.410963293164968491e-02
1.402126159518957138e-02
1.410699356347322464e-02
1.402270700782537460e-02
1.404646132141351700e-02
1.406385097652673721e-02
1.408221293240785599e-02
1.408180687576532364e-02
1.398823689669370651e-02
1.411770191043615341e-02
1.406488753855228424e-02
1.401352416723966599e-02
1.406326331198215485e-02
1.403683051466941833e-02
1.404022984206676483e-02
1.401199679821729660e-02
1.406450290232896805e-02
1.408998388797044754e-02
1.404698099941015244e-02
1.405481528490781784e-02
1.402179617434740067e-02
1.403981447219848633e-02
1.404126081615686417e-02
1.404997613281011581e-02
1.406747475266456604e-02
1.403582748025655746e-02
1.402941346168518066e-02
1.409924123436212540e-02
1.403749547898769379e-02
1.400197856128215790e-02
1.408324390649795532e-02
1.403979025781154633e-02
1.405688561499118805e-02
1.399928517639636993e-02
1.403559371829032898e-02
1.404426060616970062e-02
1.403463538736104965e-02
1.407070178538560867e-02
1.398527994751930237e-02
1.403864752501249313e-02
1.399455685168504715e-02
1.406064536422491074e-02
1.409294363111257553e-02
1.397991366684436798e-02
1.400458719581365585e-02
1.404934283345937729e-02
1.401665713638067245e-02
1.399976946413516998e-02
1.402401272207498550e-02
1.403290219604969025e-02
1.405263226479291916e-02
1.403014082461595535e-02
1.403280720114707947e-02
1.399342622607946396e-02
1.397717650979757309e-02
1.401091273874044418e-02
1.402688026428222656e-02
1.394851785153150558e-02
1.409452687948942184e-02
1.404210645705461502e-02
1.403700932860374451e-02
1.401181984692811966e-02
1.400645822286605835e-02
1.403490919619798660e-02
1.401460543274879456e-02
1.401594653725624084e-02
1.396209374070167542e-02
1.399282459169626236e-02
1.405672263354063034e-02
1.405576150864362717e-02
1.406384911388158798e-02
1.399259269237518311e-02
1.404162682592868805e-02
1.406970154494047165e-02
1.398452185094356537e-02
1.403946429491043091e-02
1.401338912546634674e-02
1.402118895202875137e-02
1.401925552636384964e-02
1.402001269161701202e-02
1.402313821017742157e-02
1.405649539083242416e-02
1.403382513672113419e-02
1.404743827879428864e-02
1.404476165771484375e-02
1.402427162975072861e-02
1.402548048645257950e-02
1.403165329247713089e-02
1.403070148080587387e-02
1.399658527225255966e-02
1.406827755272388458e-02
1.408115401864051819e-02
1.405277755111455917e-02
1.405852846801280975e-02
1.398537587374448776e-02
1.404261402785778046e-02
1.397337950766086578e-02
1.399221923202276230e-02
1.406045723706483841e-02
1.403102558106184006e-02
1.399130932986736298e-02
1.405419036746025085e-02
1.396848913282155991e-02
1.402570959180593491e-02
1.399462576955556870e-02
1.401135884225368500e-02
1.404294651001691818e-02
1.399364136159420013e-02
1.402419619262218475e-02
1.403233781456947327e-02
1.391688920557498932e-02
1.406804379075765610e-02
1.403516530990600586e-02
1.399667467921972275e-02
1.400392875075340271e-02
1.396857202053070068e-02
1.386618800461292267e-02
1.402143202722072601e-02
1.400056015700101852e-02
1.399090327322483063e-02
1.398662570863962173e-02
1.401907391846179962e-02
1.394978165626525879e-02
1.404280494898557663e-02
1.402822602540254593e-02
1.403347402811050415e-02
