4.591777324676513672e-01
1.156675741076469421e-01
4.971594735980033875e-02
3.924536332488059998e-02
3.661799803376197815e-02
3.686907514929771423e-02
3.528387472033500671e-02
3.617442399263381958e-02
3.531993925571441650e-02
3.501503914594650269e-02
3.582797572016716003e-02
3.500594943761825562e-02
3.480606153607368469e-02
3.416956588625907898e-02
3.381888940930366516e-02
3.414053842425346375e-02
3.439259529113769531e-02
3.315104916691780090e-02
3.319260105490684509e-02
3.228679671883583069e-02
3.279097378253936768e-02
3.226098790764808655e-02
3.330492228269577026e-02
3.291460499167442322e-02
3.233790397644042969e-02
3.148218989372253418e-02
3.161461278796195984e-02
3.123714774847030640e-02
3.197618946433067322e-02
3.225314989686012268e-02
3.051330894231796265e-02
3.116098791360855103e-02
3.021603263914585114e-02
3.058595582842826843e-02
3.076198324561119080e-02
3.065461851656436920e-02
3.097342140972614288e-02
3.016585111618041992e-02
2.989913336932659149e-02
2.946519479155540466e-02
2.954882383346557617e-02
2.978897653520107269e-02
2.905468456447124481e-02
2.983775548636913300e-02
2.951596118509769440e-02
2.914998494088649750e-02
2.908595651388168335e-02
2.851193584501743317e-02
2.863675355911254883e-02
2.821446023881435394e-02
2.767876908183097839e-02
2.799378335475921631e-02
2.765895426273345947e-02
2.830813080072402954e-02
2.822848223149776459e-02
2.799899503588676453e-02
2.820976264774799347e-02
2.796298637986183167e-02
2.813439443707466125e-02
2.797213196754455566e-02
2.759825438261032104e-02
2.704691700637340546e-02
2.743839845061302185e-02
2.716971933841705322e-02
2.641884051263332367e-02
2.716306224465370178e-02
2.695363573729991913e-02
2.685858868062496185e-02
2.744095027446746826e-02
2.694839425384998322e-02
2.691275067627429962e-02
2.672692015767097473e-02
2.658691443502902985e-02
2.657337859272956848e-02
2.626574784517288208e-02
2.599506452679634094e-02
2.616912499070167542e-02
2.644796110689640045e-02
2.590802125632762909e-02
2.596002072095870972e-02
2.567081153392791748e-02
2.553203888237476349e-02
2.548949234187602997e-02
2.549684047698974609e-02
2.543447725474834442e-02
2.588227204978466034e-02
2.557552978396415710e-02
2.561810426414012909e-02
2.505967952311038971e-02
2.541957423090934753e-02
2.496996149420738220e-02
2.471013925969600677e-02
2.557170018553733826e-02
2.549439668655395508e-02
2.521917968988418579e-02
2.452167123556137085e-02
2.426711656153202057e-02
2.547121420502662659e-02
2.473135478794574738e-02
2.457557618618011475e-02
2.498800866305828094e-02
2.446107938885688782e-02
2.373335510492324829e-02
2.434071339666843414e-02
2.441340871155261993e-02
2.406509220600128174e-02
2.380893379449844360e-02
2.355351112782955170e-02
2.415023930370807648e-02
2.413388341665267944e-02
2.405235916376113892e-02
2.322951890528202057e-02
2.399881184101104736e-02
2.415132895112037659e-02
2.316304668784141541e-02
2.349268458783626556e-02
2.360628731548786163e-02
2.330763451755046844e-02
2.391646616160869598e-02
2.329754456877708435e-02
2.381802909076213837e-02
2.340324223041534424e-02
2.384105697274208069e-02
2.300333045423030853e-02
2.311403304338455200e-02
2.264813520014286041e-02
2.301072701811790466e-02
2.354396507143974304e-02
2.289929427206516266e-02
2.283542789518833160e-02
2.251250110566616058e-02
2.312720566987991333e-02
2.296908199787139893e-02
2.283129468560218811e-02
2.345967106521129608e-02
2.229558676481246948e-02
2.303649485111236572e-02
2.237891033291816711e-02
2.213806472718715668e-02
2.275932952761650085e-02
2.262729778885841370e-02
2.277931012213230133e-02
2.275132760405540466e-02
2.204469032585620880e-02
2.269233949482440948e-02
2.242564596235752106e-02
2.245626039803028107e-02
2.217909507453441620e-02
2.253496646881103516e-02
2.237752266228199005e-02
2.215041220188140869e-02
2.218574471771717072e-02
2.210556901991367340e-02
2.174680680036544800e-02
2.226674184203147888e-02
2.208104915916919708e-02
2.211172133684158325e-02
2.181912958621978760e-02
2.204557508230209351e-02
2.160244621336460114e-02
2.242836728692054749e-02
2.239880897104740143e-02
2.193988300859928131e-02
2.244974486529827118e-02
2.183930575847625732e-02
2.189948968589305878e-02
2.173560112714767456e-02
2.164446935057640076e-02
2.187666855752468109e-02
2.149581164121627808e-02
2.150171250104904175e-02
2.142724022269248962e-02
2.182273194193840027e-02
2.160776220262050629e-02
2.139118313789367676e-02
2.184698171913623810e-02
2.173963002860546112e-02
2.133103273808956146e-02
2.178825624287128448e-02
2.169561013579368591e-02
2.118618786334991455e-02
2.103552035987377167e-02
2.114051766693592072e-02
2.102796547114849091e-02
2.124649845063686371e-02
2.100308239459991455e-02
2.121636457741260529e-02
2.156353369355201721e-02
2.126038447022438049e-02
2.083668857812881470e-02
2.115694805979728699e-02
2.103272266685962677e-02
2.122508361935615540e-02
2.110319212079048157e-02
2.122707664966583252e-02
2.111790888011455536e-02
2.129818126559257507e-02
2.129880525171756744e-02
2.105304412543773651e-02
2.115179225802421570e-02
2.066186256706714630e-02
2.104534395039081573e-02
2.077226713299751282e-02
2.099654637277126312e-02
2.063818834722042084e-02
2.088531292974948883e-02
2.073121070861816406e-02
2.064500004053115845e-02
2.095259167253971100e-02
2.055437676608562469e-02
2.076086588203907013e-02
2.048503234982490540e-02
2.022656053304672241e-02
2.039354108273983002e-02
2.088069543242454529e-02
2.074782550334930420e-02
2.010279521346092224e-02
2.064567431807518005e-02
2.031979896128177643e-02
2.051427029073238373e-02
2.035346254706382751e-02
2.057727798819541931e-02
2.019600011408329010e-02
2.079365961253643036e-02
2.018627524375915527e-02
2.060688473284244537e-02
2.035687305033206940e-02
2.042521163821220398e-02
2.073322050273418427e-02
2.006608247756958008e-02
2.015546895563602448e-02
1.994552649557590485e-02
2.009117230772972107e-02
2.048494480550289154e-02
2.000143565237522125e-02
1.998345367610454559e-02
2.034746669232845306e-02
1.991567015647888184e-02
2.021338790655136108e-02
1.989417150616645813e-02
2.017069794237613678e-02
1.994400843977928162e-02
2.037677168846130371e-02
2.005020901560783386e-02
1.965522207319736481e-02
2.012842148542404175e-02
2.006058022379875183e-02
1.995865628123283386e-02
2.003804594278335571e-02
1.953329890966415405e-02
2.051019668579101562e-02
1.965049095451831818e-02
1.958320103585720062e-02
1.992677524685859680e-02
2.010673657059669495e-02
1.993810199201107025e-02
1.970268040895462036e-02
1.982370577752590179e-02
1.995665580034255981e-02
1.967397145926952362e-02
1.975456625223159790e-02
1.990053802728652954e-02
1.991390809416770935e-02
1.971040479838848114e-02
1.959156617522239685e-02
1.984443143010139465e-02
1.958049647510051727e-02
1.921754330396652222e-02
1.978488452732563019e-02
1.927839964628219604e-02
1.968928426504135132e-02
1.964240148663520813e-02
1.928304322063922882e-02
1.944215409457683563e-02
1.967490836977958679e-02
1.966196112334728241e-02
1.917647384107112885e-02
1.927446946501731873e-02
1.970447041094303131e-02
1.979087479412555695e-02
1.954905688762664795e-02
1.935639232397079468e-02
1.953324489295482635e-02
1.941932179033756256e-02
1.925590261816978455e-02
1.929906196892261505e-02
1.938968710601329803e-02
1.942303217947483063e-02
1.921333372592926025e-02
1.920735836029052734e-02
1.958136633038520813e-02
1.967573538422584534e-02
1.932387799024581909e-02
1.928883790969848633e-02
1.935667172074317932e-02
1.924157328903675079e-02
1.965673826634883881e-02
1.928444579243659973e-02
1.903157308697700500e-02
1.940075308084487915e-02
1.943450421094894409e-02
1.895403675734996796e-02
1.960384845733642578e-02
1.899706944823265076e-02
1.943040825426578522e-02
1.897161267697811127e-02
1.904955133795738220e-02
1.930148899555206299e-02
1.923377998173236847e-02
1.913282647728919983e-02
1.908973976969718933e-02
1.915818825364112854e-02
1.904817670583724976e-02
1.897703111171722412e-02
1.896149106323719025e-02
1.905406266450881958e-02
1.914578489959239960e-02
1.887388899922370911e-02
1.932524330914020538e-02
1.909220032393932343e-02
1.900929585099220276e-02
1.867744326591491699e-02
1.883917301893234253e-02
1.887252926826477051e-02
1.876289583742618561e-02
1.905971579253673553e-02
1.920029334723949432e-02
1.906791888177394867e-02
1.941385492682456970e-02
1.880601979792118073e-02
1.897610723972320557e-02
1.907434873282909393e-02
1.869354583323001862e-02
1.882221177220344543e-02
1.911090128123760223e-02
1.895369030535221100e-02
1.878902129828929901e-02
1.872983202338218689e-02
1.891261711716651917e-02
1.885439641773700714e-02
1.919957809150218964e-02
1.872559450566768646e-02
1.879675500094890594e-02
1.885069906711578369e-02
1.910680718719959259e-02
1.887107640504837036e-02
1.866983622312545776e-02
1.873840764164924622e-02
1.867728680372238159e-02
1.875391043722629547e-02
1.879740133881568909e-02
1.875598914921283722e-02
1.867992058396339417e-02
1.866400986909866333e-02
1.867320016026496887e-02
1.860810816287994385e-02
1.866223104298114777e-02
1.857074536383152008e-02
1.887522824108600616e-02
1.873009838163852692e-02
1.872212067246437073e-02
1.874370872974395752e-02
1.883046515285968781e-02
1.854884438216686249e-02
1.861374825239181519e-02
1.877631805837154388e-02
1.827307604253292084e-02
1.889736205339431763e-02
1.867264881730079651e-02
1.829116232693195343e-02
1.879012212157249451e-02
1.886883005499839783e-02
1.854724064469337463e-02
1.881340146064758301e-02
1.874426379799842834e-02
1.859483681619167328e-02
1.855872385203838348e-02
1.867687143385410309e-02
1.879284717142581940e-02
1.834595575928688049e-02
1.826542243361473083e-02
1.818090304732322693e-02
1.826325990259647369e-02
1.858370006084442139e-02
1.842084154486656189e-02
1.844490505754947662e-02
1.845601201057434082e-02
1.844090782105922699e-02
1.848486997187137604e-02
1.840945146977901459e-02
1.844254881143569946e-02
1.836284250020980835e-02
1.864700950682163239e-02
1.843199320137500763e-02
1.820249669253826141e-02
1.847776025533676147e-02
1.847504265606403351e-02
1.868116669356822968e-02
1.824660226702690125e-02
1.852687075734138489e-02
1.867821998894214630e-02
1.815854012966156006e-02
1.831206679344177246e-02
1.822815649211406708e-02
1.848204247653484344e-02
1.826876029372215271e-02
1.838332228362560272e-02
1.836663857102394104e-02
1.806204393506050110e-02
1.835517585277557373e-02
1.841462589800357819e-02
1.841551810503005981e-02
1.816627196967601776e-02
1.807825826108455658e-02
1.834547147154808044e-02
1.831413060426712036e-02
1.842945441603660583e-02
1.821484416723251343e-02
1.842334307730197906e-02
1.829915121197700500e-02
1.841492019593715668e-02
1.826034300029277802e-02
1.811809837818145752e-02
1.823481731116771698e-02
1.837708614766597748e-02
1.801383495330810547e-02
1.840069703757762909e-02
1.806614734232425690e-02
1.840079762041568756e-02
1.825241185724735260e-02
1.821275800466537476e-02
1.803529076278209686e-02
1.851654984056949615e-02
1.800595782697200775e-02
1.824299059808254242e-02
1.808841712772846222e-02
1.801010221242904663e-02
1.826663874089717865e-02
1.806272380053997040e-02
1.791541837155818939e-02
1.800960488617420197e-02
1.781338639557361603e-02
1.813485473394393921e-02
1.808633096516132355e-02
1.810828410089015961e-02
1.807252131402492523e-02
1.817508786916732788e-02
1.808557473123073578e-02
1.813389174640178680e-02
1.810554042458534241e-02
1.820430718362331390e-02
1.805581338703632355e-02
1.800524070858955383e-02
1.794014126062393188e-02
1.794549636542797089e-02
1.810385100543498993e-02
1.801058463752269745e-02
1.784699410200119019e-02
1.822827942669391632e-02
1.802308112382888794e-02
1.820560917258262634e-02
1.825028471648693085e-02
1.808104291558265686e-02
1.804092526435852051e-02
1.787625066936016083e-02
1.794782280921936035e-02
1.796399988234043121e-02
1.803972572088241577e-02
1.810801215469837189e-02
1.807790622115135193e-02
1.777925528585910797e-02
1.797682419419288635e-02
1.788426935672760010e-02
1.794682256877422333e-02
1.785882748663425446e-02
1.781184040009975433e-02
1.773667149245738983e-02
1.779438182711601257e-02
1.777296327054500580e-02
1.798716932535171509e-02
1.794654503464698792e-02
1.780642755329608917e-02
1.803449541330337524e-02
1.809554174542427063e-02
1.760323159396648407e-02
1.794888265430927277e-02
1.793191023170948029e-02
1.799605786800384521e-02
1.788876764476299286e-02
1.786001212894916534e-02
1.758945919573307037e-02
1.781824417412281036e-02
1.791880466043949127e-02
1.807023584842681885e-02
1.771501637995243073e-02
1.783061213791370392e-02
1.796421781182289124e-02
1.775692403316497803e-02
1.790807396173477173e-02
1.791753806173801422e-02
1.783207058906555176e-02
1.795115694403648376e-02
1.781481504440307617e-02
1.777674071490764618e-02
1.807103492319583893e-02
1.785571128129959106e-02
1.771822199225425720e-02
1.796142198145389557e-02
1.780531555414199829e-02
1.800879277288913727e-02
1.782650500535964966e-02
1.777514442801475525e-02
1.771721988916397095e-02
1.782635971903800964e-02
1.771174371242523193e-02
1.742698624730110168e-02
1.778538525104522705e-02
1.790950819849967957e-02
1.795222237706184387e-02
1.778657920658588409e-02
1.776775903999805450e-02
1.782533898949623108e-02
1.763883791863918304e-02
1.769785396754741669e-02
1.765918917953968048e-02
1.770566031336784363e-02
1.783012039959430695e-02
1.785032264888286591e-02
1.768289506435394287e-02
1.795906014740467072e-02
1.787998341023921967e-02
1.768826134502887726e-02
1.771535165607929230e-02
1.781778782606124878e-02
1.783830858767032623e-02
1.768466643989086151e-02
1.766912452876567841e-02
1.796482689678668976e-02
1.755424961447715759e-02
1.766378991305828094e-02
1.765898056328296661e-02
1.767975650727748871e-02
1.793972216546535492e-02
1.773525588214397430e-02
1.754573173820972443e-02
1.748601347208023071e-02
1.766530424356460571e-02
1.763432659208774567e-02
1.773791015148162842e-02
1.757472380995750427e-02
1.758671924471855164e-02
1.783083565533161163e-02
1.773953251540660858e-02
1.778640784323215485e-02
1.761166751384735107e-02
1.792418770492076874e-02
1.743888854980468750e-02
1.771743968129158020e-02
1.761281117796897888e-02
1.773099973797798157e-02
1.759990304708480835e-02
1.763992942869663239e-02
1.749771274626255035e-02
1.736628264188766479e-02
1.753664575517177582e-02
1.762519963085651398e-02
1.758090406656265259e-02
1.755351386964321136e-02
1.749193109571933746e-02
1.761807501316070557e-02
1.777952909469604492e-02
1.767084933817386627e-02
1.739606633782386780e-02
1.741660758852958679e-02
1.744567044079303741e-02
1.770372688770294189e-02
1.768515631556510925e-02
1.739266701042652130e-02
1.767270453274250031e-02
1.747868582606315613e-02
1.749167963862419128e-02
1.758571900427341461e-02
1.741630770266056061e-02
1.738682016730308533e-02
1.743973977863788605e-02
1.732259243726730347e-02
1.736663654446601868e-02
1.755897700786590576e-02
1.755185611546039581e-02
1.728244684636592865e-02
1.757317222654819489e-02
1.745013147592544556e-02
1.760372333228588104e-02
1.755997724831104279e-02
1.731740310788154602e-02
1.754929311573505402e-02
1.737463660538196564e-02
1.739182882010936737e-02
1.744914799928665161e-02
1.741777174174785614e-02
1.752899214625358582e-02
1.715897955000400543e-02
1.759320870041847229e-02
1.738710142672061920e-02
1.737498305737972260e-02
1.742813736200332642e-02
1.721155829727649689e-02
1.772728562355041504e-02
1.731029339134693146e-02
1.723481528460979462e-02
1.746011152863502502e-02
1.739688031375408173e-02
1.739684678614139557e-02
1.716163940727710724e-02
1.742381975054740906e-02
1.736473664641380310e-02
1.763300970196723938e-02
1.731203123927116394e-02
1.772776246070861816e-02
1.754052937030792236e-02
1.741421408951282501e-02
1.738154888153076172e-02
1.752913929522037506e-02
1.748531311750411987e-02
1.728303357958793640e-02
1.727727241814136505e-02
1.730587519705295563e-02
1.750213280320167542e-02
1.732438988983631134e-02
1.725077256560325623e-02
1.748428307473659515e-02
1.755891554057598114e-02
1.740618050098419189e-02
1.748648844659328461e-02
1.747150346636772156e-02
1.731153018772602081e-02
1.755605824291706085e-02
1.733049191534519196e-02
1.729326322674751282e-02
1.727115176618099213e-02
1.731099188327789307e-02
1.729002594947814941e-02
1.721201837062835693e-02
1.708184555172920227e-02
1.736466586589813232e-02
1.730452291667461395e-02
1.726112514734268188e-02
1.727959327399730682e-02
1.741229556500911713e-02
1.755327358841896057e-02
1.723621785640716553e-02
1.740794256329536438e-02
1.746337860822677612e-02
1.705523394048213959e-02
1.746008731424808502e-02
1.746842823922634125e-02
1.731886342167854309e-02
1.741456985473632812e-02
1.703689061105251312e-02
1.713094487786293030e-02
1.727989688515663147e-02
1.706372201442718506e-02
1.734665594995021820e-02
1.736029051244258881e-02
1.724497415125370026e-02
1.747174747288227081e-02
1.741952076554298401e-02
1.743031479418277740e-02
1.723232679069042206e-02
1.726090349256992340e-02
1.715617813169956207e-02
1.727811433374881744e-02
1.718569174408912659e-02
1.721701025962829590e-02
1.718910224735736847e-02
1.739350520074367523e-02
1.714124903082847595e-02
1.726460084319114685e-02
1.716334372758865356e-02
1.714611984789371490e-02
1.726273819804191589e-02
1.729666255414485931e-02
1.727936416864395142e-02
1.730505190789699554e-02
1.721359603106975555e-02
1.736571639776229858e-02
1.732726208865642548e-02
1.730509847402572632e-02
1.726401597261428833e-02
1.711182110011577606e-02
1.723361387848854065e-02
1.712341606616973877e-02
1.714150793850421906e-02
1.733641512691974640e-02
1.722881570458412170e-02
1.717667467892169952e-02
1.704764552414417267e-02
1.716845110058784485e-02
1.715910807251930237e-02
1.717106066644191742e-02
1.722661592066287994e-02
1.741929538547992706e-02
1.714739762246608734e-02
1.732392981648445129e-02
1.740206032991409302e-02
1.733619160950183868e-02
1.711024530231952667e-02
1.708161458373069763e-02
1.731912605464458466e-02
1.716907694935798645e-02
1.732902601361274719e-02
1.716548576951026917e-02
1.710654608905315399e-02
1.717429049313068390e-02
1.713012531399726868e-02
1.728899776935577393e-02
1.720779389142990112e-02
1.720900461077690125e-02
1.719954982399940491e-02
1.708457991480827332e-02
1.707977429032325745e-02
1.713056489825248718e-02
1.698114722967147827e-02
1.716791279613971710e-02
1.712687313556671143e-02
1.716374978423118591e-02
1.720211841166019440e-02
1.727751083672046661e-02
1.717567071318626404e-02
1.713400147855281830e-02
1.739959791302680969e-02
1.721270196139812469e-02
1.722339540719985962e-02
1.715335436165332794e-02
1.708213053643703461e-02
1.710988208651542664e-02
1.705294288694858551e-02
1.722418330609798431e-02
1.703092269599437714e-02
1.702824607491493225e-02
1.718796230852603912e-02
1.734258048236370087e-02
1.703956350684165955e-02
1.701799221336841583e-02
1.686193794012069702e-02
1.709162257611751556e-02
1.712161116302013397e-02
1.716922968626022339e-02
1.716852560639381409e-02
1.700221374630928040e-02
1.698350347578525543e-02
1.714654825627803802e-02
1.710464432835578918e-02
1.697253249585628510e-02
1.714430190622806549e-02
1.717048138380050659e-02
1.695225387811660767e-02
1.694548502564430237e-02
1.695851981639862061e-02
1.712676323950290680e-02
1.709761843085289001e-02
1.702433452010154724e-02
1.696321927011013031e-02
1.690561510622501373e-02
1.694956049323081970e-02
1.713725924491882324e-02
1.701838523149490356e-02
1.701040938496589661e-02
1.687218807637691498e-02
1.701357774436473846e-02
1.694678701460361481e-02
1.708390004932880402e-02
1.689835451543331146e-02
1.696596294641494751e-02
1.725402101874351501e-02
1.717370562255382538e-02
1.697704195976257324e-02
1.712718792259693146e-02
1.701382733881473541e-02
1.701208017766475677e-02
1.676636002957820892e-02
1.673559658229351044e-02
1.711828820407390594e-02
1.692681387066841125e-02
1.702583767473697662e-02
1.711342111229896545e-02
1.690357550978660583e-02
1.694951020181179047e-02
1.684762910008430481e-02
1.687395945191383362e-02
1.696158014237880707e-02
1.707273907959461212e-02
1.705509983003139496e-02
1.700736954808235168e-02
1.683654077351093292e-02
1.677156426012516022e-02
1.694813370704650879e-02
1.687944866716861725e-02
1.699846051633358002e-02
1.699410378932952881e-02
1.697614043951034546e-02
1.690825261175632477e-02
1.696880161762237549e-02
1.710238307714462280e-02
1.698356680572032928e-02
1.678571105003356934e-02
1.702525280416011810e-02
1.698132231831550598e-02
1.710122264921665192e-02
1.709153316915035248e-02
1.716436631977558136e-02
1.715348102152347565e-02
1.706403680145740509e-02
1.709083653986454010e-02
1.710752025246620178e-02
1.689689978957176208e-02
1.676843129098415375e-02
1.673894189298152924e-02
1.691181771457195282e-02
1.706556789577007294e-02
1.699574664235115051e-02
1.699132286012172699e-02
1.696281507611274719e-02
1.708344370126724243e-02
1.699186675250530243e-02
1.703634485602378845e-02
1.681701466441154480e-02
1.680759526789188385e-02
1.708824373781681061e-02
1.690265350043773651e-02
1.682420819997787476e-02
1.696753874421119690e-02
1.696693338453769684e-02
1.679949648678302765e-02
1.712781935930252075e-02
1.696446910500526428e-02
1.695845089852809906e-02
1.709839515388011932e-02
1.681905612349510193e-02
1.685920730233192444e-02
1.702953688800334930e-02
1.690697669982910156e-02
1.683701388537883759e-02
1.669845543801784515e-02
1.669940724968910217e-02
1.708698272705078125e-02
1.679239794611930847e-02
1.684921234846115112e-02
1.684137247502803802e-02
1.693277433514595032e-02
1.688626594841480255e-02
1.701270416378974915e-02
1.686401665210723877e-02
1.697306893765926361e-02
1.708958484232425690e-02
1.678539440035820007e-02
1.683610491454601288e-02
1.688010618090629578e-02
1.700878515839576721e-02
1.697385869920253754e-02
1.692919246852397919e-02
1.691389083862304688e-02
1.704389601945877075e-02
1.677648164331912994e-02
1.692139171063899994e-02
1.693540066480636597e-02
1.685984432697296143e-02
1.683991402387619019e-02
1.691420748829841614e-02
1.683455519378185272e-02
1.676990836858749390e-02
1.683552004396915436e-02
1.703429594635963440e-02
1.697156950831413269e-02
1.678652502596378326e-02
1.704263128340244293e-02
1.712418161332607269e-02
1.680646464228630066e-02
1.691300608217716217e-02
1.676764898002147675e-02
1.673079095780849457e-02
1.694481261074542999e-02
1.684000529348850250e-02
1.694742403924465179e-02
1.680267974734306335e-02
1.686649583280086517e-02
1.679037883877754211e-02
1.679489761590957642e-02
1.704324036836624146e-02
1.676584407687187195e-02
1.664926297962665558e-02
1.682846620678901672e-02
1.692839525640010834e-02
1.671954989433288574e-02
1.690522767603397369e-02
1.681549288332462311e-02
1.670422777533531189e-02
1.675813645124435425e-02
1.691089197993278503e-02
1.697701402008533478e-02
1.690480858087539673e-02
1.683931611478328705e-02
1.688740402460098267e-02
1.678942330181598663e-02
1.678369194269180298e-02
1.686929911375045776e-02
1.676446199417114258e-02
1.695907302200794220e-02
1.675208285450935364e-02
1.673662103712558746e-02
1.676803641021251678e-02
1.689046062529087067e-02
1.676551252603530884e-02
1.668649725615978241e-02
1.686440221965312958e-02
1.680011488497257233e-02
1.702854037284851074e-02
1.666498556733131409e-02
1.675953716039657593e-02
1.687600836157798767e-02
1.698685251176357269e-02
1.682714186608791351e-02
1.664826832711696625e-02
1.682650297880172729e-02
1.672657951712608337e-02
1.690785214304924011e-02
1.670240238308906555e-02
1.685774698853492737e-02
1.674491912126541138e-02
1.667661033570766449e-02
1.689377985894680023e-02
1.692915335297584534e-02
1.657918281853199005e-02
1.687853969633579254e-02
1.669724658131599426e-02
1.685050502419471741e-02
1.679439283907413483e-02
1.681790128350257874e-02
1.669348403811454773e-02
1.665854826569557190e-02
1.697360537946224213e-02
1.684402674436569214e-02
1.661198586225509644e-02
1.670362800359725952e-02
1.670225709676742554e-02
1.658402383327484131e-02
1.694675348699092865e-02
1.670977100729942322e-02
1.686906814575195312e-02
1.673026755452156067e-02
1.664528623223304749e-02
1.668151468038558960e-02
1.683666743338108063e-02
1.666511222720146179e-02
1.686975732445716858e-02
1.655669137835502625e-02
1.679543219506740570e-02
1.669001579284667969e-02
1.692507974803447723e-02
1.668967492878437042e-02
1.669926568865776062e-02
1.669337972998619080e-02
1.669572852551937103e-02
1.692299544811248779e-02
1.659634336829185486e-02
1.680453680455684662e-02
1.663169637322425842e-02
1.677810214459896088e-02
1.665016263723373413e-02
1.674446277320384979e-02
1.672132872045040131e-02
1.687810942530632019e-02
1.670452766120433807e-02
1.674275100231170654e-02
1.681926473975181580e-02
1.685693673789501190e-02
1.681296527385711670e-02
1.686176471412181854e-02
1.660799607634544373e-02
1.659290492534637451e-02
1.670499704778194427e-02
1.686496660113334656e-02
1.681486330926418304e-02
1.677777245640754700e-02
1.673174835741519928e-02
1.669458486139774323e-02
1.655481941998004913e-02
1.670953445136547089e-02
1.677272282540798187e-02
1.658046059310436249e-02
1.659742742776870728e-02
1.684984378516674042e-02
1.655590720474720001e-02
1.656455174088478088e-02
1.660166867077350616e-02
1.684831827878952026e-02
1.668382994830608368e-02
1.663339696824550629e-02
1.668962277472019196e-02
1.672289334237575531e-02
