1.051953554153442383e+00
9.608681797981262207e-01
8.700491786003112793e-01
7.800093293190002441e-01
6.912701129913330078e-01
6.056699752807617188e-01
5.240558385848999023e-01
4.481030404567718506e-01
3.792052268981933594e-01
3.194250166416168213e-01
2.690640389919281006e-01
2.268821895122528076e-01
1.916437447071075439e-01
1.623357236385345459e-01
1.378269791603088379e-01
1.173529326915740967e-01
1.005524694919586182e-01
8.621969819068908691e-02
7.449508458375930786e-02
6.484734266996383667e-02
5.650917813181877136e-02
4.993852227926254272e-02
4.413379728794097900e-02
3.968461230397224426e-02
3.560032323002815247e-02
3.250063955783843994e-02
2.989938482642173767e-02
2.768248878419399261e-02
2.607494778931140900e-02
2.428907528519630432e-02
2.320212125778198242e-02
2.205282263457775116e-02
2.125086262822151184e-02
2.038548700511455536e-02
2.003071643412113190e-02
1.942358352243900299e-02
1.906129531562328339e-02
1.857658103108406067e-02
1.832376234233379364e-02
1.813070476055145264e-02
1.814522035419940948e-02
1.774488203227519989e-02
1.771133393049240112e-02
1.765979267656803131e-02
1.747817359864711761e-02
1.740276813507080078e-02
1.736185885965824127e-02
1.729317568242549896e-02
1.714854687452316284e-02
1.720548421144485474e-02
1.725471206009387970e-02
1.699721068143844604e-02
1.724385842680931091e-02
1.695120334625244141e-02
1.704854890704154968e-02
1.692649535834789276e-02
1.705233752727508545e-02
1.710336655378341675e-02
1.701284013688564301e-02
1.710061728954315186e-02
1.697584800422191620e-02
1.690898649394512177e-02
1.694093272089958191e-02
1.691884920001029968e-02
1.682291366159915924e-02
1.693036034703254700e-02
1.686611399054527283e-02
1.687968708574771881e-02
1.679741404950618744e-02
1.677891425788402557e-02
1.691294461488723755e-02
1.686486974358558655e-02
1.692610420286655426e-02
1.688876003026962280e-02
1.679804176092147827e-02
1.686056889593601227e-02
1.680940762162208557e-02
1.677534915506839752e-02
1.691447198390960693e-02
1.666662469506263733e-02
1.669293083250522614e-02
1.679413206875324249e-02
1.681197062134742737e-02
1.681784354150295258e-02
1.680331304669380188e-02
1.676070690155029297e-02
1.669638603925704956e-02
1.674935780465602875e-02
1.679250225424766541e-02
1.667337492108345032e-02
1.681705377995967865e-02
1.668675057590007782e-02
1.656040921807289124e-02
1.679838262498378754e-02
1.664579845964908600e-02
1.658223383128643036e-02
1.655377447605133057e-02
1.667555421590805054e-02
1.658475026488304138e-02
1.657828129827976227e-02
1.659934781491756439e-02
1.663849689066410065e-02
1.656394451856613159e-02
1.663452573120594025e-02
1.661184430122375488e-02
1.664126291871070862e-02
1.651924848556518555e-02
1.655139774084091187e-02
1.653392612934112549e-02
1.648124866187572479e-02
1.656115427613258362e-02
1.637079194188117981e-02
1.656576246023178101e-02
1.648123562335968018e-02
1.663899607956409454e-02
1.646565832197666168e-02
1.645834557712078094e-02
1.653938926756381989e-02
1.649471931159496307e-02
1.639627665281295776e-02
1.651781983673572540e-02
1.646515913307666779e-02
1.655777730047702789e-02
1.649766974151134491e-02
1.646477729082107544e-02
1.624569855630397797e-02
1.641302742063999176e-02
1.646285876631736755e-02
1.642604917287826538e-02
1.634368300437927246e-02
1.617995463311672211e-02
1.642714813351631165e-02
1.636170409619808197e-02
1.646667532622814178e-02
1.637597009539604187e-02
1.636104099452495575e-02
1.634509116411209106e-02
1.639829948544502258e-02
1.630738936364650726e-02
1.654612086713314056e-02
1.628399267792701721e-02
1.631008088588714600e-02
1.652431674301624298e-02
1.629506424069404602e-02
1.637512631714344025e-02
1.619596406817436218e-02
1.642021723091602325e-02
1.635201461613178253e-02
1.627679914236068726e-02
1.619195565581321716e-02
1.636855304241180420e-02
1.629167050123214722e-02
1.631161943078041077e-02
1.620762795209884644e-02
1.624108664691448212e-02
1.622037217020988464e-02
1.598890312016010284e-02
1.620023883879184723e-02
1.619258709251880646e-02
1.621419563889503479e-02
1.622754149138927460e-02
1.611092314124107361e-02
1.622812077403068542e-02
1.619451306760311127e-02
1.633134298026561737e-02
1.613621227443218231e-02
1.619350910186767578e-02
1.618537679314613342e-02
1.628034189343452454e-02
1.613817736506462097e-02
1.599372737109661102e-02
1.624182425439357758e-02
1.613748446106910706e-02
1.627003774046897888e-02
1.612464711070060730e-02
1.608653552830219269e-02
1.605575904250144958e-02
1.607336848974227905e-02
1.608599163591861725e-02
1.597924344241619110e-02
1.600798405706882477e-02
1.585576683282852173e-02
1.593422144651412964e-02
1.619589328765869141e-02
1.601587794721126556e-02
1.600212045013904572e-02
1.604723557829856873e-02
1.597716845571994781e-02
1.594616100192070007e-02
1.607570610940456390e-02
1.608549244701862335e-02
1.588826626539230347e-02
1.604509912431240082e-02
1.613793522119522095e-02
1.607353053987026215e-02
1.593887247145175934e-02
1.593449711799621582e-02
1.598864793777465820e-02
1.592929102480411530e-02
1.586535945534706116e-02
1.599955931305885315e-02
1.602426730096340179e-02
1.607369817793369293e-02
1.605883613228797913e-02
1.597863808274269104e-02
1.599903590977191925e-02
1.587871648371219635e-02
1.582128554582595825e-02
1.596879586577415466e-02
1.602320745587348938e-02
1.596382074058055878e-02
1.598262600600719452e-02
1.590015925467014313e-02
1.596210524439811707e-02
1.593087241053581238e-02
1.599882729351520538e-02
1.573734730482101440e-02
1.578985340893268585e-02
1.585902459919452667e-02
1.586055196821689606e-02
1.585252769291400909e-02
1.589653827250003815e-02
1.588156074285507202e-02
1.581068895757198334e-02
1.574542932212352753e-02
1.597576402127742767e-02
1.587242074310779572e-02
1.568524725735187531e-02
1.591558754444122314e-02
1.599732600152492523e-02
1.576078869402408600e-02
1.589526422321796417e-02
1.574703678488731384e-02
1.575140841305255890e-02
1.561763696372509003e-02
1.586136966943740845e-02
1.567871682345867157e-02
1.574701629579067230e-02
1.570783741772174835e-02
1.581550389528274536e-02
1.574833691120147705e-02
1.577756926417350769e-02
1.581718958914279938e-02
1.573698967695236206e-02
1.583318971097469330e-02
1.563436165452003479e-02
1.585481688380241394e-02
1.560374815016984940e-02
1.571708917617797852e-02
1.557463966310024261e-02
1.567192561924457550e-02
1.554883364588022232e-02
1.552179735153913498e-02
1.567194238305091858e-02
1.557448599487543106e-02
1.581449806690216064e-02
1.578419655561447144e-02
1.570534519851207733e-02
1.548988930881023407e-02
1.568232290446758270e-02
1.563604734838008881e-02
1.555138267576694489e-02
1.565544120967388153e-02
1.574889384210109711e-02
1.570046693086624146e-02
1.567202620208263397e-02
1.590049266815185547e-02
1.554901711642742157e-02
1.552540715783834457e-02
1.570005528628826141e-02
1.557127106934785843e-02
1.566631533205509186e-02
1.565909758210182190e-02
1.550132688134908676e-02
1.562702469527721405e-02
1.562930829823017120e-02
1.567677780985832214e-02
1.568296737968921661e-02
1.561937294900417328e-02
1.557032670825719833e-02
1.560172531753778458e-02
1.553596649318933487e-02
1.545339729636907578e-02
1.567765511572360992e-02
1.551313046365976334e-02
1.542771514505147934e-02
1.565982215106487274e-02
1.558089442551136017e-02
1.558396313339471817e-02
1.561204809695482254e-02
1.554636470973491669e-02
1.539149414747953415e-02
1.550629828125238419e-02
1.550705172121524811e-02
1.555552612990140915e-02
1.537643279880285263e-02
1.541655138134956360e-02
1.553808059543371201e-02
1.540474873036146164e-02
1.554217841476202011e-02
1.531731244176626205e-02
1.549116708338260651e-02
1.537265814840793610e-02
1.542616169899702072e-02
1.541093550622463226e-02
1.541777607053518295e-02
1.547261234372854233e-02
1.541943382471799850e-02
1.549227628856897354e-02
1.550213620066642761e-02
1.534679438918828964e-02
1.550524309277534485e-02
1.538267731666564941e-02
1.538714766502380371e-02
1.544827967882156372e-02
1.540278457105159760e-02
1.541553344577550888e-02
1.539077796041965485e-02
1.534342952072620392e-02
1.547124609351158142e-02
1.546996645629405975e-02
1.546957436949014664e-02
1.543275639414787292e-02
1.546563953161239624e-02
1.536354888230562210e-02
1.544582657516002655e-02
1.542603317648172379e-02
1.524573564529418945e-02
1.525611523538827896e-02
1.531621441245079041e-02
1.543843187391757965e-02
1.529937237501144409e-02
1.541914511471986771e-02
1.537210587412118912e-02
1.540037617087364197e-02
1.547696068882942200e-02
1.542756147682666779e-02
1.540875900536775589e-02
1.528355386108160019e-02
1.529782824218273163e-02
1.545736286789178848e-02
1.533994637429714203e-02
1.539277750998735428e-02
1.535722520202398300e-02
1.524025108665227890e-02
1.526625826954841614e-02
1.530351955443620682e-02
1.526036113500595093e-02
1.536543015390634537e-02
1.527162082493305206e-02
1.535140629857778549e-02
1.520284824073314667e-02
1.533085480332374573e-02
1.527969259768724442e-02
1.528284978121519089e-02
1.519688032567501068e-02
1.530893892049789429e-02
1.523824781179428101e-02
1.528104208409786224e-02
1.511130481958389282e-02
1.517817005515098572e-02
1.512376870959997177e-02
1.515341084450483322e-02
1.521732565015554428e-02
1.523681916296482086e-02
1.523537747561931610e-02
1.523186173290014267e-02
1.511032693088054657e-02
1.516993902623653412e-02
1.519605237990617752e-02
1.525127049535512924e-02
1.529498677700757980e-02
1.518419664353132248e-02
1.521969120949506760e-02
1.526247803121805191e-02
1.514066290110349655e-02
1.513429451733827591e-02
1.508978754281997681e-02
1.508426014333963394e-02
1.516565028578042984e-02
1.517690066248178482e-02
1.511683780699968338e-02
1.517334952950477600e-02
1.520671695470809937e-02
1.529894769191741943e-02
1.519649289548397064e-02
1.529506873339414597e-02
1.522339507937431335e-02
1.520478073507547379e-02
1.507089659571647644e-02
1.520491298288106918e-02
1.519468054175376892e-02
1.509308628737926483e-02
1.509677805006504059e-02
1.505967415869235992e-02
1.507254596799612045e-02
1.514534186571836472e-02
1.510282047092914581e-02
1.517384592443704605e-02
1.505146361887454987e-02
1.507559139281511307e-02
1.506816223263740540e-02
1.503560785204172134e-02
1.510359533131122589e-02
1.500873267650604248e-02
1.513159088790416718e-02
1.502371765673160553e-02
1.517818216234445572e-02
1.516446098685264587e-02
1.503956969827413559e-02
1.500001270323991776e-02
1.501771062612533569e-02
1.501944754272699356e-02
1.504103746265172958e-02
1.498519815504550934e-02
1.514306198805570602e-02
1.507644355297088623e-02
1.522303279489278793e-02
1.498344447463750839e-02
1.502202264964580536e-02
1.508234720677137375e-02
1.501885429024696350e-02
1.508085522800683975e-02
1.498369872570037842e-02
1.505373045802116394e-02
1.508532650768756866e-02
1.494734361767768860e-02
1.491967588663101196e-02
1.505415793508291245e-02
1.496838591992855072e-02
1.507623773068189621e-02
1.499970350414514542e-02
1.494409050792455673e-02
1.498980540782213211e-02
1.500863116234540939e-02
1.490013487637042999e-02
1.496567577123641968e-02
1.487771607935428619e-02
1.500717550516128540e-02
1.493786554783582687e-02
1.502654980868101120e-02
1.492914091795682907e-02
1.498214062303304672e-02
1.490032114088535309e-02
1.505929604172706604e-02
1.500342320650815964e-02
1.504116039723157883e-02
1.497591380029916763e-02
1.497131120413541794e-02
1.490444689989089966e-02
1.496122125536203384e-02
1.489381212741136551e-02
1.497770100831985474e-02
1.493495795875787735e-02
1.505465805530548096e-02
1.495259627699851990e-02
1.497563999146223068e-02
1.503534894436597824e-02
1.494138129055500031e-02
1.487544551491737366e-02
1.486975792795419693e-02
1.487251278012990952e-02
1.489204913377761841e-02
1.499311346560716629e-02
1.491189189255237579e-02
1.495424378663301468e-02
1.494767609983682632e-02
1.487164944410324097e-02
1.493103429675102234e-02
1.479998603463172913e-02
1.490433793514966965e-02
1.490651722997426987e-02
1.480953581631183624e-02
1.484391279518604279e-02
1.490480080246925354e-02
1.491642929613590240e-02
1.482791267335414886e-02
1.495455764234066010e-02
1.490669883787631989e-02
1.482526119798421860e-02
1.501054409891366959e-02
1.490001659840345383e-02
1.483376417309045792e-02
1.480213180184364319e-02
1.475912239402532578e-02
1.479435712099075317e-02
1.482682209461927414e-02
1.481464412063360214e-02
1.485413871705532074e-02
1.485674921423196793e-02
1.490395795553922653e-02
1.494978927075862885e-02
1.478396356105804443e-02
1.478401571512222290e-02
1.487005874514579773e-02
1.484861969947814941e-02
1.488394010812044144e-02
1.497128978371620178e-02
1.491990871727466583e-02
1.474292483180761337e-02
1.474193762987852097e-02
1.485027838498353958e-02
1.471822150051593781e-02
1.475979853421449661e-02
1.480596326291561127e-02
1.475365832448005676e-02
1.485820394009351730e-02
1.480308827012777328e-02
1.475109253078699112e-02
1.473765540868043900e-02
1.482132449746131897e-02
1.481764577329158783e-02
1.478741969913244247e-02
1.473625376820564270e-02
1.481274142861366272e-02
1.481879875063896179e-02
1.471333950757980347e-02
1.473153010010719299e-02
1.477614045143127441e-02
1.475264970213174820e-02
1.488688401877880096e-02
1.486117485910654068e-02
1.480377744883298874e-02
1.482338458299636841e-02
1.467315014451742172e-02
1.469839457422494888e-02
1.480585522949695587e-02
1.473187468945980072e-02
1.479510031640529633e-02
1.478125341236591339e-02
1.476750709116458893e-02
1.481900364160537720e-02
1.474662404507398605e-02
1.478377450257539749e-02
1.457035727798938751e-02
1.468007452785968781e-02
1.475359871983528137e-02
1.477625779807567596e-02
1.465326454490423203e-02
1.480861194431781769e-02
1.472677104175090790e-02
1.476071868091821671e-02
1.481783483177423477e-02
1.470112614333629608e-02
1.475893426686525345e-02
1.468007452785968781e-02
1.477603334933519363e-02
1.466984301805496216e-02
1.467229519039392471e-02
1.468557585030794144e-02
1.474433299154043198e-02
1.471375487744808197e-02
1.468484755605459213e-02
1.467739231884479523e-02
1.474547851830720901e-02
1.465307362377643585e-02
1.471511460840702057e-02
1.474827807396650314e-02
1.466622855514287949e-02
1.474343240261077881e-02
1.468703988939523697e-02
1.469099335372447968e-02
1.470555365085601807e-02
1.465884316712617874e-02
1.468921639025211334e-02
1.464439835399389267e-02
1.477235648781061172e-02
1.466297917068004608e-02
1.464573945850133896e-02
1.457901764661073685e-02
1.471560075879096985e-02
1.464155223220586777e-02
1.462328061461448669e-02
1.468126848340034485e-02
1.479438692331314087e-02
1.461621839553117752e-02
1.465083565562963486e-02
1.472362969070672989e-02
1.470050215721130371e-02
1.465801429003477097e-02
1.464240625500679016e-02
1.471771858632564545e-02
1.468121819198131561e-02
1.470534689724445343e-02
1.455346681177616119e-02
1.459027919918298721e-02
1.450668461620807648e-02
1.463759317994117737e-02
1.462762616574764252e-02
1.458495017141103745e-02
1.457753311842679977e-02
1.460195332765579224e-02
1.465280912816524506e-02
1.466042920947074890e-02
1.457656268030405045e-02
1.456897798925638199e-02
1.464597042649984360e-02
1.463595684617757797e-02
1.447778195142745972e-02
1.464169379323720932e-02
1.459387317299842834e-02
1.463274657726287842e-02
1.454930752515792847e-02
1.461998745799064636e-02
1.462405454367399216e-02
1.456357631832361221e-02
1.457435265183448792e-02
1.449222862720489502e-02
1.444982085376977921e-02
1.462384499609470367e-02
1.454188022762537003e-02
1.458320021629333496e-02
1.455252896994352341e-02
1.451428793370723724e-02
1.465492229908704758e-02
1.460947655141353607e-02
1.445999741554260254e-02
1.446080952882766724e-02
1.455715205520391464e-02
1.454025413841009140e-02
1.456167176365852356e-02
1.457074098289012909e-02
1.450571510940790176e-02
1.457746885716915131e-02
1.461571082472801208e-02
1.450977288186550140e-02
1.456880383193492889e-02
1.456780545413494110e-02
1.451666094362735748e-02
1.449550502002239227e-02
1.452507823705673218e-02
1.445850357413291931e-02
1.457973010838031769e-02
1.454324368387460709e-02
1.453543361276388168e-02
1.450592465698719025e-02
1.455364841967821121e-02
1.444482058286666870e-02
1.452101767063140869e-02
1.458726078271865845e-02
1.462144870311021805e-02
1.457246951758861542e-02
1.450293418020009995e-02
1.456594746559858322e-02
1.457221712917089462e-02
1.457261573523283005e-02
1.451745163649320602e-02
1.450749859213829041e-02
1.443509943783283234e-02
1.449950784444808960e-02
1.447340473532676697e-02
1.445273403078317642e-02
1.453191693872213364e-02
1.447958033531904221e-02
1.442382112145423889e-02
1.445989031344652176e-02
1.441900804638862610e-02
1.439320202916860580e-02
1.450996100902557373e-02
1.455479580909013748e-02
1.455124095082283020e-02
1.452477090060710907e-02
1.456095930188894272e-02
1.447118353098630905e-02
1.453273836523294449e-02
1.450531836599111557e-02
1.447054371237754822e-02
1.448192633688449860e-02
1.444962713867425919e-02
1.456904597580432892e-02
1.450265292078256607e-02
1.447810977697372437e-02
1.451304368674755096e-02
1.450414303690195084e-02
1.447003893554210663e-02
1.455833669751882553e-02
1.432094536721706390e-02
1.449719443917274475e-02
1.448136940598487854e-02
1.449077390134334564e-02
1.440855022519826889e-02
1.450670324265956879e-02
1.450792420655488968e-02
1.445017475634813309e-02
1.449867337942123413e-02
1.444877777248620987e-02
1.446476299315690994e-02
1.448320597410202026e-02
1.445716153830289841e-02
1.442853827029466629e-02
1.438719220459461212e-02
1.445007324218750000e-02
1.439509820193052292e-02
1.439752709120512009e-02
1.443459559231996536e-02
1.443810947239398956e-02
1.447866205126047134e-02
1.446153596043586731e-02
1.442846190184354782e-02
1.448380295187234879e-02
1.452184468507766724e-02
1.446862332522869110e-02
1.448186486959457397e-02
1.445938274264335632e-02
1.446544472128152847e-02
1.440829038619995117e-02
1.445124112069606781e-02
1.447393093258142471e-02
1.440826524049043655e-02
1.440405566245317459e-02
1.444820594042539597e-02
1.437510829418897629e-02
1.442584954202175140e-02
1.442239806056022644e-02
1.439652871340513229e-02
1.436312310397624969e-02
1.445672102272510529e-02
1.431793440133333206e-02
1.444108691066503525e-02
1.441479846835136414e-02
1.443778816610574722e-02
1.439511962234973907e-02
1.451356615871191025e-02
1.442960277199745178e-02
1.435475796461105347e-02
1.443973090499639511e-02
1.445426978170871735e-02
1.440700422972440720e-02
1.438588462769985199e-02
1.435923390090465546e-02
1.436054334044456482e-02
1.444132439792156219e-02
1.437218394130468369e-02
1.437482703477144241e-02
1.434466149657964706e-02
1.444134209305047989e-02
1.439119130373001099e-02
1.431350596249103546e-02
1.434635650366544724e-02
1.439488958567380905e-02
1.436851266771554947e-02
1.435843482613563538e-02
1.439513266086578369e-02
1.441655028611421585e-02
1.435875426977872849e-02
1.434577535837888718e-02
1.441777404397726059e-02
1.435608416795730591e-02
1.432143524289131165e-02
1.445227395743131638e-02
1.428406313061714172e-02
1.436370611190795898e-02
1.435497030615806580e-02
1.433581579476594925e-02
1.438331604003906250e-02
1.436070818454027176e-02
1.433394663035869598e-02
1.435867603868246078e-02
1.439299900084733963e-02
1.444219145923852921e-02
1.437034644186496735e-02
1.430784538388252258e-02
1.428912207484245300e-02
1.438844390213489532e-02
1.448142435401678085e-02
1.430132612586021423e-02
1.435676589608192444e-02
1.434535067528486252e-02
1.430563163012266159e-02
1.427431125193834305e-02
1.437157392501831055e-02
1.432059518992900848e-02
1.430700067430734634e-02
1.428959425538778305e-02
1.435152348130941391e-02
1.430843397974967957e-02
1.433829311281442642e-02
1.436873059719800949e-02
1.434225589036941528e-02
1.431233994662761688e-02
1.427517551928758621e-02
1.432792283594608307e-02
1.432212442159652710e-02
1.428528130054473877e-02
1.434690132737159729e-02
1.438127364963293076e-02
1.433699950575828552e-02
1.434446312487125397e-02
1.431161630898714066e-02
1.433887798339128494e-02
1.429509930312633514e-02
1.437732018530368805e-02
1.426352560520172119e-02
1.433945633471012115e-02
1.441010180860757828e-02
1.431574672460556030e-02
1.433888822793960571e-02
1.434909179806709290e-02
1.431155018508434296e-02
1.430883072316646576e-02
1.435874961316585541e-02
1.430744677782058716e-02
1.427808869630098343e-02
1.428705640137195587e-02
1.424204744398593903e-02
1.428743638098239899e-02
1.436072029173374176e-02
1.430226024240255356e-02
1.435586530715227127e-02
1.433997042477130890e-02
1.428318303078413010e-02
1.428315229713916779e-02
1.431103050708770752e-02
1.435906812548637390e-02
1.439819671213626862e-02
1.432247459888458252e-02
1.434360351413488388e-02
1.428681332617998123e-02
1.428644452244043350e-02
1.430951897054910660e-02
1.419971790164709091e-02
1.431048102676868439e-02
1.428789645433425903e-02
1.428891159594058990e-02
1.422118488699197769e-02
1.432895660400390625e-02
1.432141475379467010e-02
1.426760107278823853e-02
1.433603186160326004e-02
1.412134896963834763e-02
1.431093830615282059e-02
1.426631398499011993e-02
1.432558335363864899e-02
1.431156601756811142e-02
1.431534811854362488e-02
1.431068591773509979e-02
1.430027745664119720e-02
1.428919192403554916e-02
1.419716235250234604e-02
1.429838035255670547e-02
1.428154017776250839e-02
1.431804616004228592e-02
1.428823452442884445e-02
1.425973791629076004e-02
1.419685129076242447e-02
1.429791282862424850e-02
1.422027125954627991e-02
1.418633013963699341e-02
1.426524668931961060e-02
1.423739455640316010e-02
1.419696211814880371e-02
1.423394028097391129e-02
1.432298962026834488e-02
1.423676684498786926e-02
1.427914574742317200e-02
1.423266343772411346e-02
1.428901590406894684e-02
1.425547711551189423e-02
1.427821815013885498e-02
1.425744313746690750e-02
1.417894847691059113e-02
1.416482962667942047e-02
1.424588263034820557e-02
1.428803056478500366e-02
1.418616343289613724e-02
1.427014544606208801e-02
1.427094824612140656e-02
1.422450784593820572e-02
1.422638446092605591e-02
1.422340981662273407e-02
1.421047933399677277e-02
1.419015508145093918e-02
1.425728015601634979e-02
1.426711399108171463e-02
1.425997167825698853e-02
1.422661170363426208e-02
1.418303512036800385e-02
1.418273989111185074e-02
1.427660882472991943e-02
1.425869576632976532e-02
1.424828171730041504e-02
1.426684483885765076e-02
1.425778213888406754e-02
1.421123929321765900e-02
1.428177114576101303e-02
1.421953458338975906e-02
1.414784044027328491e-02
1.429794076830148697e-02
1.417868863791227341e-02
1.412775553762912750e-02
1.420843042433261871e-02
1.420210208743810654e-02
1.417343970388174057e-02
1.419481635093688965e-02
1.425179094076156616e-02
1.421004999428987503e-02
1.427786145359277725e-02
1.424314174801111221e-02
1.419604849070310593e-02
1.418894808739423752e-02
1.425713859498500824e-02
1.417920365929603577e-02
1.425723731517791748e-02
1.417922694236040115e-02
1.424997393041849136e-02
1.421438995748758316e-02
1.419003214687108994e-02
1.423072163015604019e-02
1.416000723838806152e-02
1.419788505882024765e-02
1.420033629983663559e-02
1.415987312793731689e-02
1.424940302968025208e-02
1.422313135117292404e-02
1.420431863516569138e-02
1.418898534029722214e-02
1.418920326977968216e-02
1.415739487856626511e-02
1.420064456760883331e-02
1.412808522582054138e-02
1.422898098826408386e-02
1.416082493960857391e-02
1.415561884641647339e-02
1.416577026247978210e-02
1.422199141234159470e-02
1.420112699270248413e-02
1.418946217745542526e-02
1.420013234019279480e-02
1.425715070217847824e-02
1.415112428367137909e-02
1.424986030906438828e-02
1.418263651430606842e-02
1.415779069066047668e-02
1.421881839632987976e-02
1.418422907590866089e-02
1.417086180299520493e-02
1.415678486227989197e-02
1.417829003185033798e-02
1.412472222000360489e-02
1.413266267627477646e-02
1.409125141799449921e-02
1.423253118991851807e-02
1.423735730350017548e-02
1.413776446133852005e-02
1.411158312112092972e-02
1.413380447775125504e-02
1.413181796669960022e-02
1.416072808206081390e-02
1.408362202346324921e-02
1.415280345827341080e-02
1.420033816248178482e-02
1.417307555675506592e-02
1.418352127075195312e-02
1.413310598582029343e-02
1.422087103128433228e-02
1.411277707666158676e-02
1.424163673073053360e-02
1.411413680762052536e-02
1.409917045384645462e-02
1.414331607520580292e-02
1.421174407005310059e-02
1.411574613302946091e-02
1.418772060424089432e-02
1.409194525331258774e-02
1.425622776150703430e-02
1.415231730788946152e-02
1.414988469332456589e-02
1.419754326343536377e-02
1.413094904273748398e-02
1.417827606201171875e-02
1.418993528932332993e-02
1.412058155983686447e-02
1.414277497678995132e-02
1.412304863333702087e-02
1.410604268312454224e-02
1.409728731960058212e-02
1.408576034009456635e-02
1.416895817965269089e-02
1.409122999757528305e-02
1.410335302352905273e-02
1.416291296482086182e-02
1.417681947350502014e-02
1.412705611437559128e-02
1.416627783328294754e-02
1.413940917700529099e-02
1.412319671362638474e-02
1.416901592165231705e-02
1.411070860922336578e-02
1.413438748568296432e-02
1.413629762828350067e-02
1.414595544338226318e-02
1.415081787854433060e-02
1.414967700839042664e-02
1.413534488528966904e-02
1.411806046962738037e-02
1.415377575904130936e-02
1.406723167747259140e-02
1.419551298022270203e-02
1.417109929025173187e-02
1.417432259768247604e-02
