3.242315351963043213e-01
1.697402819991111755e-02
1.505958847701549530e-02
1.460578665137290955e-02
1.428629364818334579e-02
1.413593254983425140e-02
1.399163436144590378e-02
1.401793118566274643e-02
1.396164111793041229e-02
1.397215202450752258e-02
1.395523175597190857e-02
1.395045872777700424e-02
1.390457153320312500e-02
1.397941354662179947e-02
1.398277096450328827e-02
1.394458580762147903e-02
1.401698496192693710e-02
1.399058103561401367e-02
1.394333504140377045e-02
1.396700926125049591e-02
1.394553296267986298e-02
1.394679769873619080e-02
1.395501475781202316e-02
1.396652497351169586e-02
1.405768096446990967e-02
1.398887671530246735e-02
1.395871862769126892e-02
1.402453333139419556e-02
1.393675338476896286e-02
1.398958265781402588e-02
1.400884240865707397e-02
1.391775719821453094e-02
1.399047579616308212e-02
1.399425975978374481e-02
1.398345455527305603e-02
1.397676300257444382e-02
1.392467878758907318e-02
1.395758055150508881e-02
1.397359557449817657e-02
1.393534336239099503e-02
1.392636727541685104e-02
1.397785358130931854e-02
1.392650138586759567e-02
1.405082829296588898e-02
1.397338416427373886e-02
1.396614313125610352e-02
1.395872980356216431e-02
1.396219525486230850e-02
1.394433062523603439e-02
1.395707111805677414e-02
1.392798312008380890e-02
1.396233029663562775e-02
1.391316391527652740e-02
1.396865490823984146e-02
1.396365184336900711e-02
1.400034967809915543e-02
1.399858854711055756e-02
1.399449352174997330e-02
1.396696921437978745e-02
1.396475732326507568e-02
1.396729517728090286e-02
1.396018918603658676e-02
1.391811389476060867e-02
1.404130086302757263e-02
1.393203437328338623e-02
1.396250072866678238e-02
1.395123358815908432e-02
1.399307418614625931e-02
1.387822534888982773e-02
1.390558481216430664e-02
1.392497681081295013e-02
1.408616360276937485e-02
1.391489617526531219e-02
1.405586302280426025e-02
1.397334691137075424e-02
1.392692327499389648e-02
1.400333177298307419e-02
1.388603355735540390e-02
1.385368499904870987e-02
1.395321637392044067e-02
1.396681275218725204e-02
1.390801370143890381e-02
1.396493613719940186e-02
1.390339620411396027e-02
1.395689137279987335e-02
1.387200225144624710e-02
1.396742835640907288e-02
1.402493100613355637e-02
1.399195846170186996e-02
1.395747158676385880e-02
1.399673987179994583e-02
1.390490029007196426e-02
1.392291299998760223e-02
1.399897877126932144e-02
1.398121286183595657e-02
1.390527933835983276e-02
1.389330253005027771e-02
1.399287674576044083e-02
1.392668765038251877e-02
1.392004732042551041e-02
1.390758622437715530e-02
1.393812429159879684e-02
1.393648888915777206e-02
1.390055846422910690e-02
1.392961014062166214e-02
1.395603734999895096e-02
1.401709113270044327e-02
1.395241636782884598e-02
1.398005615919828415e-02
1.395823247730731964e-02
1.400414481759071350e-02
1.392338983714580536e-02
1.393919903784990311e-02
1.394775416702032089e-02
1.394459791481494904e-02
1.393936853855848312e-02
1.387381087988615036e-02
1.392866577953100204e-02
1.394313108175992966e-02
1.389261707663536072e-02
1.389655936509370804e-02
1.390817668288946152e-02
1.388369500637054443e-02
1.388697139918804169e-02
1.400598697364330292e-02
1.388505473732948303e-02
1.391489896923303604e-02
1.389960292726755142e-02
1.396559085696935654e-02
1.385400537401437759e-02
1.394553016871213913e-02
1.396974176168441772e-02
1.396444719284772873e-02
1.393976528197526932e-02
1.393753476440906525e-02
1.397382095456123352e-02
1.391602773219347000e-02
1.391427777707576752e-02
1.395599450916051865e-02
1.402066741138696671e-02
1.405376661568880081e-02
1.390745211392641068e-02
1.397231593728065491e-02
1.398259401321411133e-02
1.389542873948812485e-02
1.399198081344366074e-02
1.396935340017080307e-02
1.392472162842750549e-02
1.395253185182809830e-02
1.389684993773698807e-02
1.395500730723142624e-02
1.392469555139541626e-02
1.397826615720987320e-02
1.402070000767707825e-02
1.394247543066740036e-02
1.391866151243448257e-02
1.391017064452171326e-02
1.401240751147270203e-02
1.393047720193862915e-02
1.393467094749212265e-02
1.393493544310331345e-02
1.390627864748239517e-02
1.392746716737747192e-02
1.392042730003595352e-02
1.389298867434263229e-02
1.406266260892152786e-02
1.396139804273843765e-02
1.392168551683425903e-02
1.390528865158557892e-02
1.392953284084796906e-02
1.398575678467750549e-02
1.393652241677045822e-02
1.396513171494007111e-02
1.392994821071624756e-02
1.402777433395385742e-02
1.392043288797140121e-02
1.395488064736127853e-02
1.396839413791894913e-02
1.394722890108823776e-02
1.397510617971420288e-02
1.394056342542171478e-02
1.394567172974348068e-02
1.390756200999021530e-02
1.397293806076049805e-02
1.391709875315427780e-02
1.388496998697519302e-02
1.396874617785215378e-02
1.393901277333498001e-02
1.394536439329385757e-02
1.397431455552577972e-02
1.395197492092847824e-02
1.395088341087102890e-02
1.397011708468198776e-02
1.394101139158010483e-02
1.393216010183095932e-02
1.394048519432544708e-02
1.392793003469705582e-02
1.399533171206712723e-02
1.392149180173873901e-02
1.393480785191059113e-02
1.390680018812417984e-02
1.392869651317596436e-02
1.390532497316598892e-02
1.391552668064832687e-02
1.403287891298532486e-02
1.392566505819559097e-02
1.394431944936513901e-02
1.395068131387233734e-02
1.391589548438787460e-02
1.389124896377325058e-02
1.396249793469905853e-02
1.388865150511264801e-02
1.385980565100908279e-02
1.395671628415584564e-02
1.395447645336389542e-02
1.392381545156240463e-02
1.397211197763681412e-02
1.393094193190336227e-02
1.388759631663560867e-02
1.398165617138147354e-02
1.396663393825292587e-02
1.395705714821815491e-02
1.392068248242139816e-02
1.393443811684846878e-02
1.392511278390884399e-02
1.396393030881881714e-02
1.394744683057069778e-02
1.393941417336463928e-02
1.392484642565250397e-02
1.400137413293123245e-02
1.396566163748502731e-02
1.397167518734931946e-02
1.388951577246189117e-02
1.395502127707004547e-02
1.394497975707054138e-02
1.390689704567193985e-02
1.392703782767057419e-02
1.395754981786012650e-02
1.393556874245405197e-02
1.390199363231658936e-02
1.389890909194946289e-02
1.387469843029975891e-02
1.390470564365386963e-02
1.399129163473844528e-02
1.391381863504648209e-02
1.395454723387956619e-02
1.390342600643634796e-02
1.398439239710569382e-02
1.392511837184429169e-02
1.391829550266265869e-02
1.399711985141038895e-02
1.392942853271961212e-02
1.396358199417591095e-02
1.388993300497531891e-02
1.391922775655984879e-02
1.391411479562520981e-02
1.387997157871723175e-02
1.391072105616331100e-02
1.389083825051784515e-02
1.393011026084423065e-02
1.395477354526519775e-02
1.397338509559631348e-02
1.394136156886816025e-02
1.393586397171020508e-02
1.393746864050626755e-02
1.391082443296909332e-02
1.391616184264421463e-02
1.393395848572254181e-02
1.392119750380516052e-02
1.391563750803470612e-02
1.392476167529821396e-02
1.400028821080923080e-02
1.390323601663112640e-02
1.390326395630836487e-02
1.393160969018936157e-02
1.393243763595819473e-02
1.382726244628429413e-02
1.393384579569101334e-02
1.392896100878715515e-02
1.388991251587867737e-02
1.396761834621429443e-02
1.395868789404630661e-02
1.395742688328027725e-02
1.398887950927019119e-02
1.394207868725061417e-02
1.402925513684749603e-02
1.389595493674278259e-02
1.386701222509145737e-02
1.390572544187307358e-02
1.394658442586660385e-02
1.391823962330818176e-02
1.393774431198835373e-02
1.392102986574172974e-02
1.394616905599832535e-02
1.395234744995832443e-02
1.397889014333486557e-02
1.394265890121459961e-02
1.390970777720212936e-02
1.389679126441478729e-02
1.388123724609613419e-02
1.387645956128835678e-02
1.395574957132339478e-02
1.391582842916250229e-02
1.391937676817178726e-02
1.389794237911701202e-02
1.395469438284635544e-02
1.390915084630250931e-02
1.397752109915018082e-02
1.390738319605588913e-02
1.396233960986137390e-02
1.390867400914430618e-02
1.397265307605266571e-02
1.400487311184406281e-02
1.395590696483850479e-02
1.396226603537797928e-02
1.393976807594299316e-02
1.394878793507814407e-02
1.397847197949886322e-02
1.393872965127229691e-02
1.391750760376453400e-02
1.395970024168491364e-02
1.398214697837829590e-02
1.398735772818326950e-02
1.391122303903102875e-02
1.398052740842103958e-02
1.393286511301994324e-02
1.398267783224582672e-02
1.387509983032941818e-02
1.395426690578460693e-02
1.394564099609851837e-02
1.391236204653978348e-02
1.391246356070041656e-02
1.391445007175207138e-02
1.393170841038227081e-02
1.390205789357423782e-02
1.393394172191619873e-02
1.393063738942146301e-02
1.392856612801551819e-02
1.393773779273033142e-02
1.391261350363492966e-02
1.388637162744998932e-02
1.388918980956077576e-02
1.392991747707128525e-02
1.393395103514194489e-02
1.394102349877357483e-02
1.393246464431285858e-02
1.393394824117422104e-02
1.390680484473705292e-02
1.398819219321012497e-02
1.389904320240020752e-02
1.389821246266365051e-02
1.389618869870901108e-02
1.388030219823122025e-02
1.396765746176242828e-02
1.393329538404941559e-02
1.395303476601839066e-02
1.390126440674066544e-02
1.396137662231922150e-02
1.396551914513111115e-02
1.390750985592603683e-02
1.399108394980430603e-02
1.388763263821601868e-02
1.396213378757238388e-02
1.395231019705533981e-02
1.394866965711116791e-02
1.397760771214962006e-02
1.398548949509859085e-02
1.397805940359830856e-02
1.392766088247299194e-02
1.395370718091726303e-02
1.389895379543304443e-02
1.397827640175819397e-02
1.394316460937261581e-02
1.396845094859600067e-02
1.395109109580516815e-02
1.397053059190511703e-02
1.397974602878093719e-02
1.389017701148986816e-02
1.391342654824256897e-02
1.389748696237802505e-02
1.390076894313097000e-02
1.403073966503143311e-02
1.390841417014598846e-02
1.390469726175069809e-02
1.393018849194049835e-02
1.393523253500461578e-02
1.397331897169351578e-02
1.394230034202337265e-02
1.388542447239160538e-02
1.393984351307153702e-02
1.393978390842676163e-02
1.393008697777986526e-02
1.399561855942010880e-02
1.403920445591211319e-02
1.396982464939355850e-02
1.388648059219121933e-02
1.391385402530431747e-02
1.391721237450838089e-02
1.398109644651412964e-02
1.390669401735067368e-02
1.393907796591520309e-02
1.391753833740949631e-02
1.398594025522470474e-02
1.388952229171991348e-02
1.392289716750383377e-02
1.392259262502193451e-02
1.390540506690740585e-02
1.395949348807334900e-02
1.390991546213626862e-02
1.389801315963268280e-02
1.393873151391744614e-02
1.390852313488721848e-02
1.383850350975990295e-02
1.397722586989402771e-02
1.393796224147081375e-02
1.392236258834600449e-02
1.390578690916299820e-02
1.389521174132823944e-02
1.394646894186735153e-02
1.391576975584030151e-02
1.395611930638551712e-02
1.391543913632631302e-02
1.396230235695838928e-02
1.392522640526294708e-02
1.393731962889432907e-02
1.390681136399507523e-02
1.392630115151405334e-02
1.391256507486104965e-02
1.393739320337772369e-02
1.398768555372953415e-02
1.396844163537025452e-02
1.393525861203670502e-02
1.392421685159206390e-02
1.391833834350109100e-02
1.392812374979257584e-02
1.391907222568988800e-02
1.391887944191694260e-02
1.397820003330707550e-02
1.392555516213178635e-02
1.396535243839025497e-02
1.391836442053318024e-02
1.396660692989826202e-02
1.396674197167158127e-02
1.391943544149398804e-02
1.392563711851835251e-02
1.388580910861492157e-02
1.397513691335916519e-02
1.392081007361412048e-02
1.391731109470129013e-02
1.394235529005527496e-02
1.395918615162372589e-02
1.390640623867511749e-02
1.391174271702766418e-02
1.392676308751106262e-02
1.399858668446540833e-02
1.393389981240034103e-02
1.393724232912063599e-02
1.393026206642389297e-02
1.395540218800306320e-02
1.390587911009788513e-02
1.388338953256607056e-02
1.391805335879325867e-02
1.389549952000379562e-02
1.388135459274053574e-02
1.397514063864946365e-02
1.399431191384792328e-02
1.389297656714916229e-02
1.394035015255212784e-02
1.391138602048158646e-02
1.393195893615484238e-02
1.395670045167207718e-02
1.401225849986076355e-02
1.390431635081768036e-02
1.391307264566421509e-02
1.393821462988853455e-02
1.385674346238374710e-02
1.397103350609540939e-02
1.393310911953449249e-02
1.392352022230625153e-02
1.398063823580741882e-02
1.392125617712736130e-02
1.397025212645530701e-02
1.395550090819597244e-02
1.386226341128349304e-02
1.388476323336362839e-02
1.388720422983169556e-02
1.398771535605192184e-02
1.388080976903438568e-02
1.390304882079362869e-02
1.396455336362123489e-02
1.389244571328163147e-02
1.392224337905645370e-02
1.396396663039922714e-02
1.394634414464235306e-02
1.388134527951478958e-02
1.391854416579008102e-02
1.391091477125883102e-02
1.389430277049541473e-02
1.389866787940263748e-02
1.398378796875476837e-02
1.390032656490802765e-02
1.392927672713994980e-02
1.391776744276285172e-02
1.394050009548664093e-02
1.391010265797376633e-02
1.391118858009576797e-02
1.396309025585651398e-02
1.398511417210102081e-02
1.390347816050052643e-02
1.386296935379505157e-02
1.388384308665990829e-02
1.396548561751842499e-02
1.393118686974048615e-02
1.391017995774745941e-02
1.390945818275213242e-02
1.395327318459749222e-02
1.391919516026973724e-02
1.390646677464246750e-02
1.391625218093395233e-02
1.393458619713783264e-02
1.388888247311115265e-02
1.398890279233455658e-02
1.395276561379432678e-02
1.386496145278215408e-02
1.393493544310331345e-02
1.390780974179506302e-02
1.392090879380702972e-02
1.393213588744401932e-02
1.396761275827884674e-02
1.390904467552900314e-02
1.394793763756752014e-02
1.387391984462738037e-02
1.387563813477754593e-02
1.400239113718271255e-02
1.392945460975170135e-02
1.387828122824430466e-02
1.396766211837530136e-02
1.394749339669942856e-02
1.396738179028034210e-02
1.391860563308000565e-02
1.393057499080896378e-02
1.387704722583293915e-02
1.396474707871675491e-02
1.388455368578433990e-02
1.391057390719652176e-02
1.400655321776866913e-02
1.390439644455909729e-02
1.388532854616641998e-02
1.392150111496448517e-02
1.394142955541610718e-02
1.399433985352516174e-02
1.389936823397874832e-02
1.391851343214511871e-02
1.393213588744401932e-02
1.388779003173112869e-02
1.393004693090915680e-02
1.390717457979917526e-02
1.392713189125061035e-02
1.392921153455972672e-02
1.394702587276697159e-02
1.390198711305856705e-02
1.396443787962198257e-02
1.390848495066165924e-02
1.393038034439086914e-02
1.397545263171195984e-02
1.389905717223882675e-02
1.394951436668634415e-02
1.394427660852670670e-02
1.390369515866041183e-02
1.392542012035846710e-02
1.392444316297769547e-02
1.390457805246114731e-02
1.387947425246238708e-02
1.394678559154272079e-02
1.389787718653678894e-02
1.392925623804330826e-02
1.390572823584079742e-02
1.390532217919826508e-02
1.394472271203994751e-02
1.393538154661655426e-02
1.386320404708385468e-02
1.392147596925497055e-02
1.395696215331554413e-02
1.390676479786634445e-02
1.394243352115154266e-02
1.392463874071836472e-02
1.385833043605089188e-02
1.389303244650363922e-02
1.391739118844270706e-02
1.395025383681058884e-02
1.395593117922544479e-02
1.396412681788206100e-02
1.392574608325958252e-02
1.390801835805177689e-02
1.394815277308225632e-02
1.394149288535118103e-02
1.388991996645927429e-02
1.395446993410587311e-02
1.391014922410249710e-02
1.390742324292659760e-02
1.393599621951580048e-02
1.388653367757797241e-02
1.388715021312236786e-02
1.390883699059486389e-02
1.391641702502965927e-02
1.392065174877643585e-02
1.389901898801326752e-02
1.398121938109397888e-02
1.390214730054140091e-02
1.397172082215547562e-02
1.396980322897434235e-02
1.390056312084197998e-02
1.396155543625354767e-02
1.389685645699501038e-02
1.390013564378023148e-02
1.390790008008480072e-02
1.391988527029752731e-02
1.394899096339941025e-02
1.391499117016792297e-02
1.396978087723255157e-02
1.395851094275712967e-02
1.390210725367069244e-02
1.395531278103590012e-02
1.392204500734806061e-02
1.392546948045492172e-02
1.394496113061904907e-02
1.390336547046899796e-02
1.389363687485456467e-02
1.389051601290702820e-02
1.390168722718954086e-02
1.401143241673707962e-02
1.396241690963506699e-02
1.394003722816705704e-02
1.392448041588068008e-02
1.388754695653915405e-02
1.397985778748989105e-02
1.394148450344800949e-02
1.397500187158584595e-02
1.389825902879238129e-02
1.388364937156438828e-02
1.391089335083961487e-02
1.395232882350683212e-02
1.390006765723228455e-02
1.393337268382310867e-02
1.391677837818861008e-02
1.393246185034513474e-02
1.390448864549398422e-02
1.396092586219310760e-02
1.395472977310419083e-02
1.393670123070478439e-02
1.392555516213178635e-02
1.394806522876024246e-02
1.392875798046588898e-02
1.394185703247785568e-02
1.389377471059560776e-02
1.391607057303190231e-02
1.394951995462179184e-02
1.397347263991832733e-02
1.391816884279251099e-02
1.397212967276573181e-02
1.398667972534894943e-02
1.394532993435859680e-02
1.391677558422088623e-02
1.390327606350183487e-02
1.395375467836856842e-02
1.398172695189714432e-02
1.395429484546184540e-02
1.391863636672496796e-02
1.391192432492971420e-02
1.388367358595132828e-02
1.392271090298891068e-02
1.389743015170097351e-02
1.395153719931840897e-02
1.390724163502454758e-02
1.393857505172491074e-02
1.392830722033977509e-02
1.388348639011383057e-02
1.390007697045803070e-02
1.394271198660135269e-02
1.394490618258714676e-02
1.392118353396654129e-02
1.397809665650129318e-02
1.389735285192728043e-02
1.391872763633728027e-02
1.390254404395818710e-02
1.392258983105421066e-02
1.391200441867113113e-02
1.396959368139505386e-02
1.391792017966508865e-02
1.390607003122568130e-02
1.393903885036706924e-02
1.390404067933559418e-02
1.392288226634263992e-02
1.394342631101608276e-02
1.391435135155916214e-02
1.394087541848421097e-02
1.392026059329509735e-02
1.391396019607782364e-02
1.402385439723730087e-02
1.387352030724287033e-02
1.393726840615272522e-02
1.396309025585651398e-02
1.390125509351491928e-02
1.395749393850564957e-02
1.391946431249380112e-02
1.390346977859735489e-02
1.390359923243522644e-02
1.392870303243398666e-02
1.389228925108909607e-02
1.391356717795133591e-02
1.392395608127117157e-02
1.401433814316987991e-02
1.392961293458938599e-02
1.392577402293682098e-02
1.394952367991209030e-02
1.392744760960340500e-02
1.394186913967132568e-02
1.392367109656333923e-02
1.391952857375144958e-02
1.389231532812118530e-02
1.395682711154222488e-02
1.394065096974372864e-02
1.393048372119665146e-02
1.392509881407022476e-02
1.396058406680822372e-02
1.392325107008218765e-02
1.385123841464519501e-02
1.391416694968938828e-02
1.398232951760292053e-02
1.396996621042490005e-02
1.394370757043361664e-02
1.390677690505981445e-02
1.393828541040420532e-02
1.389655470848083496e-02
1.395136304199695587e-02
1.392480917274951935e-02
1.391409896314144135e-02
1.390209235250949860e-02
1.390216872096061707e-02
1.388632226735353470e-02
1.398975029587745667e-02
1.388172339648008347e-02
1.391437277197837830e-02
1.389069668948650360e-02
1.396808307617902756e-02
1.389425061643123627e-02
1.392226852476596832e-02
1.388722658157348633e-02
1.392811629921197891e-02
1.394208800047636032e-02
1.390432380139827728e-02
1.389783713966608047e-02
1.393265835940837860e-02
1.391126587986946106e-02
1.397357881069183350e-02
1.390814594924449921e-02
1.388348732143640518e-02
1.393337827175855637e-02
1.393156964331865311e-02
1.388054247945547104e-02
1.393560133874416351e-02
1.391340419650077820e-02
1.391033641993999481e-02
1.391265355050563812e-02
1.394759118556976318e-02
1.381651312112808228e-02
1.394587755203247070e-02
1.392571814358234406e-02
1.389846950769424438e-02
1.393396127969026566e-02
1.391969155520200729e-02
1.388878654688596725e-02
1.389208436012268066e-02
1.396554242819547653e-02
1.392824575304985046e-02
1.394641958177089691e-02
1.399798225611448288e-02
1.392840594053268433e-02
1.390118151903152466e-02
1.390461437404155731e-02
1.387349236756563187e-02
1.395969092845916748e-02
1.392629649490118027e-02
1.388370897620916367e-02
1.390147861093282700e-02
1.393458805978298187e-02
1.392440497875213623e-02
1.395181100815534592e-02
1.395081728696823120e-02
1.391161605715751648e-02
1.389349624514579773e-02
1.390663906931877136e-02
1.393455732613801956e-02
1.393162086606025696e-02
1.391928549855947495e-02
1.390016637742519379e-02
1.390249654650688171e-02
1.401375792920589447e-02
1.392248831689357758e-02
1.397661585360765457e-02
1.392159331589937210e-02
1.388300023972988129e-02
1.392282638698816299e-02
1.394744031131267548e-02
1.389672048389911652e-02
1.391649246215820312e-02
1.392802596092224121e-02
1.391561236232519150e-02
1.391585078090429306e-02
1.394376438111066818e-02
1.389305386692285538e-02
1.388425845652818680e-02
1.393049303442239761e-02
1.390010770410299301e-02
1.393608935177326202e-02
1.392705645412206650e-02
1.394274644553661346e-02
1.390169188380241394e-02
1.392584480345249176e-02
1.390726026147603989e-02
1.388948690146207809e-02
1.395865436643362045e-02
1.392620429396629333e-02
1.389569044113159180e-02
1.391749735921621323e-02
1.392269134521484375e-02
1.388111151754856110e-02
1.396054308861494064e-02
1.388125866651535034e-02
1.391066238284111023e-02
1.389296445995569229e-02
1.395463757216930389e-02
1.391190290451049805e-02
1.385077834129333496e-02
1.389085408300161362e-02
1.391536369919776917e-02
1.391921937465667725e-02
1.391608919948339462e-02
1.396034006029367447e-02
1.394352316856384277e-02
1.397899817675352097e-02
1.392724458128213882e-02
1.388430781662464142e-02
1.391561608761548996e-02
1.398400031030178070e-02
1.391211617738008499e-02
1.391659397631883621e-02
1.394114363938570023e-02
1.397429592907428741e-02
1.393562275916337967e-02
1.391067169606685638e-02
1.386072579771280289e-02
1.392880082130432129e-02
1.393783651292324066e-02
1.390510704368352890e-02
1.392670255154371262e-02
1.394973602145910263e-02
1.390131376683712006e-02
1.391384657472372055e-02
1.393459644168615341e-02
1.392466016113758087e-02
1.388278044760227203e-02
1.389308087527751923e-02
1.391939073801040649e-02
1.393500901758670807e-02
1.392262987792491913e-02
1.390742603689432144e-02
1.393134053796529770e-02
1.389702036976814270e-02
1.389330904930830002e-02
1.394098624587059021e-02
1.393938064575195312e-02
1.388883590698242188e-02
1.397670619189739227e-02
1.391445565968751907e-02
1.395264919847249985e-02
1.389389019459486008e-02
1.392541732639074326e-02
1.390056591480970383e-02
1.388848386704921722e-02
1.392688881605863571e-02
1.395085826516151428e-02
1.390426512807607651e-02
1.392212882637977600e-02
1.396334543824195862e-02
1.393137872219085693e-02
1.394919119775295258e-02
1.392006129026412964e-02
1.390398666262626648e-02
1.394443213939666748e-02
1.396377664059400558e-02
1.385511457920074463e-02
1.389717310667037964e-02
1.395581196993589401e-02
1.391492970287799835e-02
1.391073036938905716e-02
1.388409174978733063e-02
1.392845530062913895e-02
1.392856426537036896e-02
1.393712870776653290e-02
1.393817644566297531e-02
1.395444106310606003e-02
1.388186216354370117e-02
1.393978856503963470e-02
1.390622183680534363e-02
1.392378844320774078e-02
1.393759343773126602e-02
1.390492543578147888e-02
1.393712684512138367e-02
1.388779934495687485e-02
1.390730962157249451e-02
1.386679708957672119e-02
1.390713080763816833e-02
1.393258385360240936e-02
1.390855200588703156e-02
1.389757543802261353e-02
1.393460296094417572e-02
1.388929691165685654e-02
1.392230391502380371e-02
1.392275001853704453e-02
1.393590122461318970e-02
1.391020789742469788e-02
1.398414000868797302e-02
1.392574328929185867e-02
1.391896232962608337e-02
1.391765102744102478e-02
1.388920005410909653e-02
1.391116715967655182e-02
1.392129156738519669e-02
1.392052695155143738e-02
1.394583191722631454e-02
1.394424773752689362e-02
1.390452217310667038e-02
1.391061674803495407e-02
1.389696821570396423e-02
1.389758381992578506e-02
1.392441429197788239e-02
1.391176413744688034e-02
1.390202250331640244e-02
1.388016995042562485e-02
1.391113176941871643e-02
1.389375515282154083e-02
1.396235171705484390e-02
1.391577720642089844e-02
1.390894595533609390e-02
1.388381980359554291e-02
1.391272246837615967e-02
1.386362221091985703e-02
1.393883302807807922e-02
1.392806600779294968e-02
1.391493156552314758e-02
1.391199324280023575e-02
1.391287147998809814e-02
1.394804380834102631e-02
1.397272199392318726e-02
1.391451712697744370e-02
1.389252021908760071e-02
1.389814354479312897e-02
1.394872646778821945e-02
1.393158361315727234e-02
1.393877156078815460e-02
1.396260131150484085e-02
1.390577759593725204e-02
1.389861293137073517e-02
1.393746677786111832e-02
1.393833477050065994e-02
1.389522571116685867e-02
1.391204074025154114e-02
1.388854347169399261e-02
1.388900540769100189e-02
1.388018205761909485e-02
1.391702145338058472e-02
1.391261909157037735e-02
1.391775719821453094e-02
1.392799802124500275e-02
1.388555485755205154e-02
1.388867013156414032e-02
1.392899639904499054e-02
1.390543300658464432e-02
1.389196328818798065e-02
1.389307994395494461e-02
1.391065493226051331e-02
1.390268001705408096e-02
1.391089335083961487e-02
1.386371161788702011e-02
1.391220558434724808e-02
1.387969590723514557e-02
1.393286511301994324e-02
1.394664123654365540e-02
1.389536727219820023e-02
1.391270197927951813e-02
1.389408763498067856e-02
1.392937358468770981e-02
1.387834269553422928e-02
1.390133984386920929e-02
1.392969954758882523e-02
1.389043219387531281e-02
1.391952764242887497e-02
1.389820966869592667e-02
1.391066238284111023e-02
