3.422613441944122314e-01
1.871127188205718994e-01
1.173042058944702148e-01
9.427368640899658203e-02
8.411672711372375488e-02
7.596935331821441650e-02
6.944575160741806030e-02
6.285093724727630615e-02
5.686229467391967773e-02
5.086183175444602966e-02
4.624502360820770264e-02
4.173921048641204834e-02
3.741491213440895081e-02
3.358463197946548462e-02
3.034733235836029053e-02
2.738594636321067810e-02
2.491800859570503235e-02
2.287087030708789825e-02
2.099788747727870941e-02
1.956777833402156830e-02
1.850741542875766754e-02
1.744727231562137604e-02
1.670465245842933655e-02
1.618929766118526459e-02
1.565609313547611237e-02
1.519006025046110153e-02
1.502871979027986526e-02
1.474912371486425400e-02
1.459680683910846710e-02
1.443166751414537430e-02
1.431909389793872833e-02
1.423422619700431824e-02
1.421223022043704987e-02
1.415959931910037994e-02
1.409431267529726028e-02
1.405894663184881210e-02
1.407445780932903290e-02
1.406315714120864868e-02
1.397878583520650864e-02
1.402148231863975525e-02
1.397402957081794739e-02
1.392287015914916992e-02
1.393068023025989532e-02
1.393290143460035324e-02
1.396399922668933868e-02
1.389551814645528793e-02
1.390292868018150330e-02
1.395912747830152512e-02
1.395791303366422653e-02
1.393193472176790237e-02
1.389145106077194214e-02
1.389398891478776932e-02
1.391668897122144699e-02
1.392041798681020737e-02
1.392750255763530731e-02
1.391085051000118256e-02
1.392461732029914856e-02
1.392624806612730026e-02
1.391345914453268051e-02
1.391970738768577576e-02
1.389163825660943985e-02
1.391852926462888718e-02
1.392041798681020737e-02
1.390228234231472015e-02
1.388842985033988953e-02
1.387864351272583008e-02
1.389866974204778671e-02
1.387720741331577301e-02
1.386150252074003220e-02
1.386201940476894379e-02
1.386508904397487640e-02
1.389359775930643082e-02
1.389220170676708221e-02
1.392155047506093979e-02
1.390110421925783157e-02
1.388785429298877716e-02
1.388154178857803345e-02
1.387725491076707840e-02
1.385056786239147186e-02
1.390778925269842148e-02
1.389849279075860977e-02
1.391530036926269531e-02
1.388180628418922424e-02
1.389672327786684036e-02
1.392045058310031891e-02
1.387903466820716858e-02
1.386245619505643845e-02
1.388072315603494644e-02
1.391833648085594177e-02
1.391200069338083267e-02
1.389722805470228195e-02
1.387874223291873932e-02
1.390593126416206360e-02
1.388194132596254349e-02
1.394060812890529633e-02
1.392521988600492477e-02
1.387938670814037323e-02
1.392166037112474442e-02
1.389834471046924591e-02
1.389840338379144669e-02
1.386840920895338058e-02
1.389264315366744995e-02
1.390722021460533142e-02
1.390259992331266403e-02
1.385961938649415970e-02
1.386044733226299286e-02
1.388229895383119583e-02
1.389168575406074524e-02
1.385660190135240555e-02
1.389229390770196915e-02
1.389677170664072037e-02
1.388962380588054657e-02
1.390815060585737228e-02
1.392217446118593216e-02
1.390321832150220871e-02
1.387713477015495300e-02
1.391635090112686157e-02
1.390084717422723770e-02
1.389912050217390060e-02
1.387625839561223984e-02
1.388249266892671585e-02
1.388702727854251862e-02
1.387831289321184158e-02
1.388064492493867874e-02
1.385963801294565201e-02
1.386412233114242554e-02
1.383865065872669220e-02
1.387425884604454041e-02
1.390023250132799149e-02
1.388053875416517258e-02
1.385639514774084091e-02
1.385040581226348877e-02
1.388435065746307373e-02
1.388269849121570587e-02
1.388958003371953964e-02
1.391012780368328094e-02
1.391425728797912598e-02
1.390754990279674530e-02
1.390898320823907852e-02
1.388325262814760208e-02
1.387410797178745270e-02
1.384016126394271851e-02
1.388548407703638077e-02
1.389920059591531754e-02
1.390930265188217163e-02
1.389988884329795837e-02
1.389469299465417862e-02
1.389559917151927948e-02
1.386347133666276932e-02
1.387463510036468506e-02
1.390639878809452057e-02
1.388280279934406281e-02
1.388956513255834579e-02
1.388695277273654938e-02
1.385768502950668335e-02
1.388896629214286804e-02
1.386863458901643753e-02
1.390390284359455109e-02
1.387622300535440445e-02
1.388833485543727875e-02
1.385384984314441681e-02
1.386730745434761047e-02
1.390002481639385223e-02
1.384883653372526169e-02
1.389448437839746475e-02
1.385443471372127533e-02
1.387295871973037720e-02
1.387953013181686401e-02
1.390607561916112900e-02
1.387435570359230042e-02
1.389781385660171509e-02
1.385173760354518890e-02
1.389185991138219833e-02
1.389605179429054260e-02
1.384417433291673660e-02
1.389188598841428757e-02
1.388975232839584351e-02
1.386159192770719528e-02
1.389327086508274078e-02
1.388004980981349945e-02
1.389388274401426315e-02
1.387411542236804962e-02
1.391001511365175247e-02
1.388056017458438873e-02
1.392599102109670639e-02
1.385331433266401291e-02
1.387305837124586105e-02
1.388127077370882034e-02
1.391119230538606644e-02
1.388473156839609146e-02
1.388859096914529800e-02
1.389566529542207718e-02
1.386111509054899216e-02
1.385944429785013199e-02
1.391081046313047409e-02
1.386689208447933197e-02
1.388451363891363144e-02
1.389210578054189682e-02
1.390403322875499725e-02
1.389080751687288284e-02
1.386394537985324860e-02
1.385946571826934814e-02
1.386291626840829849e-02
1.385592482984066010e-02
1.387195754796266556e-02
1.388758048415184021e-02
1.386222057044506073e-02
1.387335080653429031e-02
1.387344673275947571e-02
1.386619824916124344e-02
1.388080511242151260e-02
1.390802673995494843e-02
1.383217703551054001e-02
1.388592738658189774e-02
1.388040650635957718e-02
1.391226518899202347e-02
1.385624147951602936e-02
1.390592474490404129e-02
1.389047689735889435e-02
1.384324114769697189e-02
1.384517643600702286e-02
1.386171579360961914e-02
1.390270143747329712e-02
1.388983894139528275e-02
1.391607895493507385e-02
1.391510479152202606e-02
1.389252115041017532e-02
1.386759709566831589e-02
1.392924413084983826e-02
1.390175987035036087e-02
1.388916466385126114e-02
1.392888370901346207e-02
1.384714152663946152e-02
1.390874478965997696e-02
1.387290470302104950e-02
1.385455857962369919e-02
1.386984251439571381e-02
1.391645427793264389e-02
1.388592831790447235e-02
1.388643775135278702e-02
1.388826034963130951e-02
1.388123724609613419e-02
1.387306023389101028e-02
1.387177407741546631e-02
1.386992819607257843e-02
1.384609006345272064e-02
1.387673150748014450e-02
1.390518806874752045e-02
1.386926416307687759e-02
1.389649603515863419e-02
1.388876978307962418e-02
1.388195436447858810e-02
1.388877909630537033e-02
1.387550029903650284e-02
1.384709309786558151e-02
1.386248879134654999e-02
1.388401258736848831e-02
1.387858856469392776e-02
1.390307303518056870e-02
1.389500685036182404e-02
1.388585194945335388e-02
1.388528570532798767e-02
1.386881619691848755e-02
1.386529114097356796e-02
1.388734113425016403e-02
1.389183104038238525e-02
1.387049350887537003e-02
1.386655028909444809e-02
1.387377828359603882e-02
1.388839166611433029e-02
1.388088334351778030e-02
1.390393450856208801e-02
1.391147915273904800e-02
1.387839484959840775e-02
1.390542648732662201e-02
1.387412194162607193e-02
1.387448888272047043e-02
1.388431992381811142e-02
1.384536083787679672e-02
1.386148389428853989e-02
1.387860719114542007e-02
1.387966983020305634e-02
1.388681773096323013e-02
1.387061458081007004e-02
1.385562308132648468e-02
1.386866532266139984e-02
1.385316718369722366e-02
1.388744078576564789e-02
1.386172976344823837e-02
1.385847385972738266e-02
1.385231968015432358e-02
1.388269104063510895e-02
1.387046370655298233e-02
1.386587973684072495e-02
1.387019921094179153e-02
1.389463804662227631e-02
1.390595268458127975e-02
1.384545303881168365e-02
1.391697581857442856e-02
1.389818172901868820e-02
1.386166084557771683e-02
1.385369151830673218e-02
1.390436664223670959e-02
1.386907789856195450e-02
1.389801595360040665e-02
1.389098912477493286e-02
1.389111205935478210e-02
1.386645715683698654e-02
1.385703403502702713e-02
1.386243477463722229e-02
1.386167295277118683e-02
1.385140419006347656e-02
1.388141419738531113e-02
1.387904211878776550e-02
1.389961875975131989e-02
1.386561244726181030e-02
1.382063142955303192e-02
1.389077119529247284e-02
1.385112293064594269e-02
1.387603860348463058e-02
1.382444612681865692e-02
1.388109568506479263e-02
1.385105680674314499e-02
1.389449648559093475e-02
1.384824141860008240e-02
1.386756915599107742e-02
1.385624520480632782e-02
1.383227948099374771e-02
1.383024919778108597e-02
1.383686996996402740e-02
1.388485170900821686e-02
1.385327894240617752e-02
1.383028924465179443e-02
1.389417052268981934e-02
1.386655867099761963e-02
1.384754199534654617e-02
1.386264339089393616e-02
1.384424231946468353e-02
1.391188707202672958e-02
1.385450363159179688e-02
1.387278642505407333e-02
1.387811917811632156e-02
1.388451084494590759e-02
1.387310028076171875e-02
1.386235468089580536e-02
1.387598551809787750e-02
1.387206092476844788e-02
1.387184206396341324e-02
1.384601555764675140e-02
1.391763985157012939e-02
1.385705359280109406e-02
1.387321855872869492e-02
1.389062777161598206e-02
1.388525031507015228e-02
1.386783085763454437e-02
1.383887231349945068e-02
1.389110926538705826e-02
1.381616014987230301e-02
1.385422702878713608e-02
1.386989746242761612e-02
1.385642960667610168e-02
1.386573258787393570e-02
1.387544441968202591e-02
1.384972594678401947e-02
1.388766989111900330e-02
1.387489680200815201e-02
1.387091632932424545e-02
1.385454647243022919e-02
1.385789271444082260e-02
1.385849062353372574e-02
1.387747377157211304e-02
1.386229880154132843e-02
1.388489361852407455e-02
1.386318821460008621e-02
1.389265712350606918e-02
1.385194435715675354e-02
1.386482827365398407e-02
1.386196073144674301e-02
1.391897629946470261e-02
1.386586762964725494e-02
1.387500483542680740e-02
1.388673763722181320e-02
1.389560103416442871e-02
1.388027612119913101e-02
1.386914122849702835e-02
1.383331697434186935e-02
1.388655602931976318e-02
1.388598885387182236e-02
1.389020215719938278e-02
1.387601532042026520e-02
1.386068388819694519e-02
1.383068040013313293e-02
1.385725568979978561e-02
1.387452147901058197e-02
1.385045517235994339e-02
1.384471170604228973e-02
1.389059424400329590e-02
1.387090515345335007e-02
1.386533863842487335e-02
1.387622393667697906e-02
1.384931057691574097e-02
1.386359427124261856e-02
1.386448182165622711e-02
1.389149203896522522e-02
1.383715029805898666e-02
1.385222841054201126e-02
1.388937886804342270e-02
1.391037926077842712e-02
1.386320218443870544e-02
1.382638420909643173e-02
1.385220233350992203e-02
1.387005206197500229e-02
1.384180877357721329e-02
1.387453544884920120e-02
1.385152526199817657e-02
1.386285293847322464e-02
1.387424953281879425e-02
1.387189235538244247e-02
1.388113852590322495e-02
1.388484239578247070e-02
1.383107434958219528e-02
1.386493258178234100e-02
1.388678979128599167e-02
1.386995427310466766e-02
1.387611217796802521e-02
1.388357114046812057e-02
1.387119013816118240e-02
1.380883157253265381e-02
1.384149212390184402e-02
1.388392597436904907e-02
1.385823357850313187e-02
1.387468725442886353e-02
1.387749053537845612e-02
1.385136693716049194e-02
1.386604923754930496e-02
1.384335290640592575e-02
1.385996304452419281e-02
1.387691777199506760e-02
1.387447956949472427e-02
1.387309562414884567e-02
1.381721161305904388e-02
1.384602859616279602e-02
1.386348344385623932e-02
1.385766733437776566e-02
1.385596767067909241e-02
1.385198719799518585e-02
1.384745258837938309e-02
1.389869861304759979e-02
1.386759802699089050e-02
1.388317812234163284e-02
1.385389454662799835e-02
1.387250982224941254e-02
1.385171525180339813e-02
1.387509331107139587e-02
1.385660748928785324e-02
1.385092549026012421e-02
1.383052021265029907e-02
1.388898398727178574e-02
1.386091671884059906e-02
1.383295562118291855e-02
1.390130724757909775e-02
1.388729456812143326e-02
1.388082932680845261e-02
1.388671901077032089e-02
1.384198013693094254e-02
1.385210081934928894e-02
1.384918764233589172e-02
1.383428927510976791e-02
1.385959982872009277e-02
1.386661548167467117e-02
1.385758444666862488e-02
1.386777497828006744e-02
1.384409517049789429e-02
1.387773361057043076e-02
1.390002761036157608e-02
1.386500615626573563e-02
1.386696007102727890e-02
1.384418550878763199e-02
1.385822892189025879e-02
1.384718529880046844e-02
1.387441717088222504e-02
1.385491713881492615e-02
1.386629510670900345e-02
1.386339776217937469e-02
1.385365426540374756e-02
1.387176476418972015e-02
1.386643666774034500e-02
1.389993354678153992e-02
1.385270059108734131e-02
1.385206822305917740e-02
1.388783007860183716e-02
1.386830396950244904e-02
1.386133581399917603e-02
1.389018073678016663e-02
1.385957002639770508e-02
1.384011283516883850e-02
1.384262461215257645e-02
1.388503331691026688e-02
1.384666841477155685e-02
1.390767563134431839e-02
1.388642378151416779e-02
1.386528648436069489e-02
1.385663263499736786e-02
1.384983677417039871e-02
1.385686919093132019e-02
1.384549587965011597e-02
1.386857964098453522e-02
1.386597659438848495e-02
1.384390238672494888e-02
1.385429874062538147e-02
1.388128008693456650e-02
1.387514267116785049e-02
1.386450510472059250e-02
1.385694742202758789e-02
1.386869791895151138e-02
1.387202832847833633e-02
1.388439070433378220e-02
1.389708369970321655e-02
1.386893168091773987e-02
1.386528369039297104e-02
1.386069599539041519e-02
1.385043375194072723e-02
1.385182421654462814e-02
1.383658684790134430e-02
1.387128047645092010e-02
1.388986688107252121e-02
1.383536588400602341e-02
1.385709736496210098e-02
1.386549882590770721e-02
1.386460009962320328e-02
1.387057919055223465e-02
1.385621074587106705e-02
1.387949101626873016e-02
1.387769356369972229e-02
1.382960006594657898e-02
1.387045811861753464e-02
1.383181568235158920e-02
1.386967021971940994e-02
1.386476308107376099e-02
1.383586227893829346e-02
1.384086627513170242e-02
1.384475268423557281e-02
1.388954930007457733e-02
1.384255383163690567e-02
1.385434716939926147e-02
1.383599918335676193e-02
1.383142638951539993e-02
1.386230252683162689e-02
1.384922768920660019e-02
1.384140457957983017e-02
1.390608772635459900e-02
1.386507134884595871e-02
1.385355927050113678e-02
1.384896039962768555e-02
1.387413963675498962e-02
1.386191044002771378e-02
1.384818647056818008e-02
1.389960199594497681e-02
1.386247761547565460e-02
1.387950032949447632e-02
1.387326326221227646e-02
1.384218409657478333e-02
1.389145385473966599e-02
1.387795340269804001e-02
1.387032866477966309e-02
1.385579723864793777e-02
1.386630162596702576e-02
1.385751273483037949e-02
1.384567003697156906e-02
1.387635339051485062e-02
1.384526398032903671e-02
1.389911212027072906e-02
1.386224105954170227e-02
1.384741440415382385e-02
1.384747214615345001e-02
1.382788363844156265e-02
1.384806819260120392e-02
1.385468244552612305e-02
1.386775355786085129e-02
1.385285798460245132e-02
1.383037213236093521e-02
1.386442687362432480e-02
1.383939385414123535e-02
1.385067682713270187e-02
1.388513669371604919e-02
1.386030390858650208e-02
1.385020464658737183e-02
1.385658606886863708e-02
1.387784071266651154e-02
1.385667268186807632e-02
1.387113891541957855e-02
1.387660391628742218e-02
1.383582409471273422e-02
1.382065098732709885e-02
1.387675479054450989e-02
1.383883878588676453e-02
1.389672793447971344e-02
1.383564900606870651e-02
1.386469602584838867e-02
1.388491317629814148e-02
1.389115583151578903e-02
1.387710124254226685e-02
1.387574244290590286e-02
1.386727392673492432e-02
1.385646592825651169e-02
1.385707966983318329e-02
1.385437790304422379e-02
1.389837078750133514e-02
1.386077050119638443e-02
1.386007200926542282e-02
1.384765841066837311e-02
1.387426909059286118e-02
1.385714486241340637e-02
1.390007045120000839e-02
1.386030297726392746e-02
1.387155242264270782e-02
1.385055389255285263e-02
1.385301165282726288e-02
1.387181133031845093e-02
1.385939959436655045e-02
1.386251486837863922e-02
1.383535657078027725e-02
1.386609580367803574e-02
1.386533863842487335e-02
1.386178378015756607e-02
1.386204734444618225e-02
1.384221669286489487e-02
1.383582130074501038e-02
1.387604326009750366e-02
1.384386513382196426e-02
1.383904647082090378e-02
1.384364906698465347e-02
1.389491371810436249e-02
1.384527795016765594e-02
1.387978810817003250e-02
1.387640740722417831e-02
1.386203337460756302e-02
1.389635447412729263e-02
1.388228964060544968e-02
1.386125013232231140e-02
1.386144384741783142e-02
1.382349990308284760e-02
1.386365387588739395e-02
1.386304385960102081e-02
1.386802550405263901e-02
1.388603635132312775e-02
1.386272348463535309e-02
1.383024919778108597e-02
1.384442206472158432e-02
1.389280427247285843e-02
1.384627167135477066e-02
1.385729853063821793e-02
1.384457014501094818e-02
1.385963335633277893e-02
1.383382268249988556e-02
1.388128940016031265e-02
1.385941822081804276e-02
1.384907681494951248e-02
1.385226752609014511e-02
1.383445784449577332e-02
1.386805064976215363e-02
1.383994147181510925e-02
1.386780012398958206e-02
1.390122715383768082e-02
1.387525815516710281e-02
1.385683845728635788e-02
1.384591590613126755e-02
1.385846920311450958e-02
1.384737528860569000e-02
1.386730279773473740e-02
1.388249825686216354e-02
1.385740190744400024e-02
1.386823970824480057e-02
1.387337688356637955e-02
1.385392062366008759e-02
1.382325682789087296e-02
1.385968271642923355e-02
1.387442275881767273e-02
1.384685095399618149e-02
1.386907603591680527e-02
1.384462695568799973e-02
1.383396610617637634e-02
1.385773997753858566e-02
1.387741509824991226e-02
1.387218385934829712e-02
1.387032214552164078e-02
1.386442035436630249e-02
1.387219130992889404e-02
1.387494616210460663e-02
1.385553926229476929e-02
1.387649681419134140e-02
1.387088187038898468e-02
1.385865081101655960e-02
1.384229678660631180e-02
1.383438240736722946e-02
1.384915225207805634e-02
1.387322321534156799e-02
1.385172549635171890e-02
1.385065540671348572e-02
1.388194505125284195e-02
1.387464161962270737e-02
1.382013875991106033e-02
1.386226527392864227e-02
1.386303175240755081e-02
1.386385411024093628e-02
1.389724668115377426e-02
1.385236252099275589e-02
1.386706437915563583e-02
1.382461097091436386e-02
1.386696565896272659e-02
1.388338580727577209e-02
1.383525040000677109e-02
1.384705118834972382e-02
1.383594982326030731e-02
1.384719461202621460e-02
1.387739833444356918e-02
1.387202832847833633e-02
1.382872648537158966e-02
1.385963615030050278e-02
1.388035435229539871e-02
1.386594958603382111e-02
1.384769566357135773e-02
1.386792305856943130e-02
1.387046650052070618e-02
1.387266349047422409e-02
1.384998112916946411e-02
1.387511845678091049e-02
1.383412536233663559e-02
1.386718731373548508e-02
1.384622789919376373e-02
1.386424340307712555e-02
1.386404968798160553e-02
1.386986114084720612e-02
1.384534686803817749e-02
1.384718995541334152e-02
1.381135731935501099e-02
1.384917832911014557e-02
1.387216523289680481e-02
1.386469230055809021e-02
1.385478675365447998e-02
1.384405326098203659e-02
1.385415624827146530e-02
1.385240908712148666e-02
1.384232752025127411e-02
1.386701501905918121e-02
1.386410184204578400e-02
1.387131866067647934e-02
1.385383121669292450e-02
1.385993789881467819e-02
1.384214870631694794e-02
1.385208871215581894e-02
1.386076677590608597e-02
1.385300979018211365e-02
1.386280637234449387e-02
1.386589836329221725e-02
1.385420188307762146e-02
1.386965159326791763e-02
1.387923490256071091e-02
1.387432590126991272e-02
1.386652141809463501e-02
1.384998951107263565e-02
1.386457867920398712e-02
1.393677759915590286e-02
1.385493110865354538e-02
1.385007333010435104e-02
1.387380156666040421e-02
1.386756543070077896e-02
1.384161319583654404e-02
1.385361421853303909e-02
1.386278867721557617e-02
1.383797451853752136e-02
1.387232821434736252e-02
1.389525365084409714e-02
1.385004911571741104e-02
1.390113960951566696e-02
1.386769022792577744e-02
1.383928768336772919e-02
1.386583410203456879e-02
1.387915760278701782e-02
1.383420918136835098e-02
1.385834906250238419e-02
1.385105494409799576e-02
1.386671978980302811e-02
1.389033719897270203e-02
1.390062738209962845e-02
1.385599561035633087e-02
1.386219449341297150e-02
1.385288592427968979e-02
1.385242678225040436e-02
1.384187955409288406e-02
1.387097314000129700e-02
1.387303415685892105e-02
1.385638490319252014e-02
1.384855248034000397e-02
1.388334110379219055e-02
1.386457588523626328e-02
1.385010778903961182e-02
1.385423261672258377e-02
1.387072261422872543e-02
1.386486366391181946e-02
1.386474445462226868e-02
1.386018842458724976e-02
1.384107489138841629e-02
1.380234677344560623e-02
1.387203577905893326e-02
1.385784428566694260e-02
1.382663659751415253e-02
1.387227885425090790e-02
1.384850777685642242e-02
1.386158540844917297e-02
1.385333761572837830e-02
1.387188490480184555e-02
1.387382764369249344e-02
1.385480817407369614e-02
1.387990172952413559e-02
1.385267637670040131e-02
1.384956482797861099e-02
1.385147310793399811e-02
1.386197656393051147e-02
1.385134924203157425e-02
1.386474166065454483e-02
1.389367226511240005e-02
1.387791614979505539e-02
1.387386023998260498e-02
1.386619079858064651e-02
1.386428624391555786e-02
1.382775139063596725e-02
1.385815721005201340e-02
1.384003274142742157e-02
1.382565032690763474e-02
1.386276632547378540e-02
1.386567391455173492e-02
1.384893245995044708e-02
1.384465023875236511e-02
1.385669689625501633e-02
1.385510805994272232e-02
1.384914014488458633e-02
1.386207807809114456e-02
1.383966673165559769e-02
1.384255941957235336e-02
1.385698933154344559e-02
1.383296586573123932e-02
1.386692933738231659e-02
1.383248344063758850e-02
1.387246046215295792e-02
1.385218743234872818e-02
1.383119542151689529e-02
1.384983025491237640e-02
1.387528143823146820e-02
1.383091975003480911e-02
1.385549083352088928e-02
1.386924274265766144e-02
1.387489400804042816e-02
1.389002148061990738e-02
1.383576262742280960e-02
1.385256834328174591e-02
1.384473033249378204e-02
1.384184323251247406e-02
1.385862939059734344e-02
1.386392209678888321e-02
1.387084834277629852e-02
1.387588586658239365e-02
1.387571822851896286e-02
1.387091632932424545e-02
1.384544093161821365e-02
1.386357285082340240e-02
1.385863497853279114e-02
1.386371161788702011e-02
1.384954806417226791e-02
1.386416051536798477e-02
1.384195964783430099e-02
1.388174481689929962e-02
1.383514050394296646e-02
1.386067457497119904e-02
1.384044159203767776e-02
1.383396610617637634e-02
1.385554298758506775e-02
1.385382376611232758e-02
1.390125229954719543e-02
1.387653313577175140e-02
1.386778708547353745e-02
1.385692786425352097e-02
1.383936498314142227e-02
1.383015606552362442e-02
1.387684419751167297e-02
1.383649185299873352e-02
1.385446544736623764e-02
1.385603379458189011e-02
1.386882457882165909e-02
1.385540794581174850e-02
1.384046301245689392e-02
1.384402252733707428e-02
1.384129375219345093e-02
1.386235747486352921e-02
1.388850063085556030e-02
1.386180426925420761e-02
1.386341545730829239e-02
1.383881457149982452e-02
1.387164648622274399e-02
1.389890816062688828e-02
1.383657753467559814e-02
1.386166550219058990e-02
1.387813314795494080e-02
1.387434732168912888e-02
1.384308375418186188e-02
1.389015093445777893e-02
1.386376470327377319e-02
1.389721315354108810e-02
1.385040581226348877e-02
1.386076118797063828e-02
1.386269275099039078e-02
1.386627368628978729e-02
1.381573826074600220e-02
1.385039649903774261e-02
1.383416540920734406e-02
1.385325472801923752e-02
1.388995908200740814e-02
1.385492179542779922e-02
1.386838871985673904e-02
1.386058982461690903e-02
1.383824180811643600e-02
1.383901573717594147e-02
1.386911980807781219e-02
1.387992966920137405e-02
1.388486102223396301e-02
1.383259519934654236e-02
1.382738258689641953e-02
1.386676169931888580e-02
1.385866571217775345e-02
1.384568493813276291e-02
1.385317742824554443e-02
1.383358612656593323e-02
1.387264765799045563e-02
1.386831514537334442e-02
1.383435912430286407e-02
1.386322546750307083e-02
1.385807991027832031e-02
1.384316384792327881e-02
1.389501057565212250e-02
1.384969241917133331e-02
1.386443991214036942e-02
1.384575758129358292e-02
1.384222693741321564e-02
1.381472032517194748e-02
1.387742534279823303e-02
1.387660764157772064e-02
1.385846640914678574e-02
1.384519133716821671e-02
1.387536339461803436e-02
1.387115009129047394e-02
1.388695463538169861e-02
1.385372038930654526e-02
1.387011818587779999e-02
1.384937204420566559e-02
1.383512839674949646e-02
1.384961791336536407e-02
1.383735146373510361e-02
1.384658832103013992e-02
1.387098059058189392e-02
1.385640166699886322e-02
1.379712298512458801e-02
1.385358348488807678e-02
1.388885453343391418e-02
1.385700143873691559e-02
1.385699212551116943e-02
1.384450215846300125e-02
1.383397169411182404e-02
1.383095420897006989e-02
1.385427266359329224e-02
1.387849636375904083e-02
1.381171867251396179e-02
1.385250408202409744e-02
1.385524496436119080e-02
1.381843164563179016e-02
1.384104415774345398e-02
1.382707431912422180e-02
1.386123802512884140e-02
1.388374902307987213e-02
1.387017033994197845e-02
1.384147629141807556e-02
1.386863365769386292e-02
1.388023700565099716e-02
1.385108008980751038e-02
1.387170981615781784e-02
1.384162250906229019e-02
1.382926944643259048e-02
1.387501694262027740e-02
1.383487787097692490e-02
1.381298527121543884e-02
1.386321708559989929e-02
1.387592870742082596e-02
1.383997686207294464e-02
1.384796015918254852e-02
1.385314390063285828e-02
1.384340133517980576e-02
1.384884957224130630e-02
1.385891623795032501e-02
1.389364898204803467e-02
1.384369283914566040e-02
1.387594919651746750e-02
