5.397207140922546387e-01
5.322427153587341309e-01
5.227063894271850586e-01
5.120868086814880371e-01
5.005393028259277344e-01
4.881699979305267334e-01
4.749864637851715088e-01
4.613342285156250000e-01
4.474886059761047363e-01
4.330649077892303467e-01
4.187076687812805176e-01
4.040751457214355469e-01
3.894752860069274902e-01
3.748906254768371582e-01
3.603226542472839355e-01
3.460902571678161621e-01
3.318589031696319580e-01
3.182120919227600098e-01
3.043537139892578125e-01
2.909220457077026367e-01
2.780844569206237793e-01
2.654226124286651611e-01
2.532680928707122803e-01
2.412168383598327637e-01
2.297279387712478638e-01
2.186584174633026123e-01
2.082406133413314819e-01
1.978517919778823853e-01
1.878823786973953247e-01
1.785211265087127686e-01
1.693631112575531006e-01
1.605490148067474365e-01
1.522162705659866333e-01
1.440791934728622437e-01
1.365168094635009766e-01
1.293377578258514404e-01
1.223296597599983215e-01
1.159294769167900085e-01
1.096941828727722168e-01
1.039244830608367920e-01
9.836597740650177002e-02
9.312617033720016479e-02
8.801783621311187744e-02
8.354071527719497681e-02
7.917623966932296753e-02
7.503925263881683350e-02
7.095807790756225586e-02
6.722103059291839600e-02
6.379473209381103516e-02
6.058479472994804382e-02
5.744898319244384766e-02
5.473598837852478027e-02
5.205843970179557800e-02
4.974145442247390747e-02
4.714757204055786133e-02
4.544832929968833923e-02
4.331725463271141052e-02
4.144332557916641235e-02
3.957672789692878723e-02
3.807510808110237122e-02
3.660451620817184448e-02
3.536832705140113831e-02
3.391766548156738281e-02
3.283764049410820007e-02
3.140015155076980591e-02
3.073292039334774017e-02
2.972149476408958435e-02
2.880035527050495148e-02
2.797033265233039856e-02
2.725183404982089996e-02
2.683779224753379822e-02
2.606490068137645721e-02
2.547820471227169037e-02
2.486136741936206818e-02
2.429129928350448608e-02
2.399965189397335052e-02
2.331401966512203217e-02
2.308100089430809021e-02
2.275671437382698059e-02
2.242538146674633026e-02
2.218284830451011658e-02
2.176153473556041718e-02
2.156201377511024475e-02
2.128574624657630920e-02
2.111590467393398285e-02
2.078980766236782074e-02
2.079399116337299347e-02
2.039254456758499146e-02
2.033700048923492432e-02
2.037868835031986237e-02
1.990706846117973328e-02
2.009809203445911407e-02
1.990487799048423767e-02
1.975374296307563782e-02
1.937873288989067078e-02
1.944061182439327240e-02
1.952653378248214722e-02
1.937715522944927216e-02
1.910451799631118774e-02
1.928144507110118866e-02
1.898135803639888763e-02
1.882171258330345154e-02
1.917665265500545502e-02
1.911892369389533997e-02
1.905792020261287689e-02
1.879779808223247528e-02
1.882834360003471375e-02
1.876808889210224152e-02
1.878840848803520203e-02
1.876233890652656555e-02
1.860691048204898834e-02
1.852087117731571198e-02
1.872480846941471100e-02
1.873679459095001221e-02
1.866931281983852386e-02
1.858566887676715851e-02
1.842427253723144531e-02
1.857683435082435608e-02
1.841441169381141663e-02
1.839292049407958984e-02
1.833812892436981201e-02
1.835323870182037354e-02
1.842372864484786987e-02
1.844210550189018250e-02
1.840665563941001892e-02
1.815788820385932922e-02
1.844389922916889191e-02
1.842803135514259338e-02
1.848953776061534882e-02
1.832743920385837555e-02
1.843434199690818787e-02
1.830280385911464691e-02
1.847407594323158264e-02
1.827656663954257965e-02
1.830098778009414673e-02
1.811697334051132202e-02
1.822667941451072693e-02
1.829554326832294464e-02
1.826412230730056763e-02
1.841542869806289673e-02
1.818506419658660889e-02
1.820193789899349213e-02
1.817261241376399994e-02
1.824531331658363342e-02
1.821072399616241455e-02
1.813007704913616180e-02
1.821762509644031525e-02
1.809837296605110168e-02
1.824518851935863495e-02
1.820694468915462494e-02
1.800102181732654572e-02
1.812941581010818481e-02
1.799883134663105011e-02
1.816928014159202576e-02
1.791579090058803558e-02
1.785410195589065552e-02
1.810386218130588531e-02
1.808940060436725616e-02
1.809638366103172302e-02
1.806064508855342865e-02
1.818462274968624115e-02
1.779313944280147552e-02
1.807608827948570251e-02
1.773699745535850525e-02
1.800179108977317810e-02
1.789515465497970581e-02
1.785577274858951569e-02
1.804268732666969299e-02
1.797735877335071564e-02
1.803388632833957672e-02
1.774305850267410278e-02
1.787354797124862671e-02
1.787842810153961182e-02
1.777948439121246338e-02
1.797908358275890350e-02
1.791215501725673676e-02
1.785976625978946686e-02
1.799263432621955872e-02
1.783477887511253357e-02
1.770466566085815430e-02
1.791758462786674500e-02
1.792514324188232422e-02
1.783106662333011627e-02
1.790264807641506195e-02
1.769230142235755920e-02
1.795422658324241638e-02
1.776502467691898346e-02
1.785678789019584656e-02
1.777271740138530731e-02
1.770249009132385254e-02
1.765295118093490601e-02
1.769666746258735657e-02
1.771878078579902649e-02
1.771772839128971100e-02
1.766196079552173615e-02
1.766981929540634155e-02
1.776523329317569733e-02
1.752731576561927795e-02
1.761910878121852875e-02
1.766179688274860382e-02
1.774504035711288452e-02
1.762947998940944672e-02
1.740599796175956726e-02
1.786728017032146454e-02
1.767293550074100494e-02
1.759027689695358276e-02
1.767661795020103455e-02
1.753893122076988220e-02
1.769210211932659149e-02
1.762901991605758667e-02
1.774131320416927338e-02
1.764159277081489563e-02
1.758377067744731903e-02
1.749352738261222839e-02
1.768934540450572968e-02
1.759131066501140594e-02
1.740570738911628723e-02
1.755083724856376648e-02
1.753617636859416962e-02
1.752324961125850677e-02
1.760613918304443359e-02
1.725408248603343964e-02
1.759079098701477051e-02
1.742244325578212738e-02
1.749912649393081665e-02
1.748503185808658600e-02
1.757059805095195770e-02
1.744975335896015167e-02
1.742935553193092346e-02
1.752657443284988403e-02
1.743029616773128510e-02
1.756116189062595367e-02
1.739660650491714478e-02
1.741508021950721741e-02
1.743076182901859283e-02
1.749415323138237000e-02
1.737219654023647308e-02
1.745866611599922180e-02
1.737261191010475159e-02
1.741556823253631592e-02
1.745250448584556580e-02
1.721629872918128967e-02
1.725350134074687958e-02
1.736614853143692017e-02
1.733927242457866669e-02
1.738785393536090851e-02
1.720844395458698273e-02
1.738523319363594055e-02
1.717616058886051178e-02
1.737475395202636719e-02
1.725487783551216125e-02
1.713673397898674011e-02
1.731005124747753143e-02
1.718939095735549927e-02
1.728009246289730072e-02
1.726549491286277771e-02
1.710766926407814026e-02
1.731405220925807953e-02
1.708949916064739227e-02
1.714432798326015472e-02
1.713703200221061707e-02
1.721830666065216064e-02
1.721951179206371307e-02
1.731774955987930298e-02
1.729098893702030182e-02
1.694975234568119049e-02
1.709211431443691254e-02
1.728155091404914856e-02
1.733880862593650818e-02
1.718173176050186157e-02
1.714095287024974823e-02
1.714045926928520203e-02
1.718145422637462616e-02
1.730011589825153351e-02
1.725652068853378296e-02
1.719036698341369629e-02
1.721948757767677307e-02
1.706765405833721161e-02
1.713960058987140656e-02
1.709646172821521759e-02
1.702099107205867767e-02
1.707934774458408356e-02
1.707999408245086670e-02
1.709436997771263123e-02
1.709324680268764496e-02
1.698916032910346985e-02
1.700389757752418518e-02
1.706951111555099487e-02
1.702568307518959045e-02
1.708112657070159912e-02
1.673711277544498444e-02
1.711402274668216705e-02
1.710434444248676300e-02
1.698473095893859863e-02
1.697030104696750641e-02
1.700983941555023193e-02
1.705378480255603790e-02
1.702691055834293365e-02
1.697146892547607422e-02
1.703471504151821136e-02
1.692674867808818817e-02
1.703617535531520844e-02
1.690907403826713562e-02
1.693258993327617645e-02
1.703868992626667023e-02
1.675841957330703735e-02
1.700993813574314117e-02
1.711278967559337616e-02
1.692019216716289520e-02
1.681215129792690277e-02
1.681675203144550323e-02
1.695921272039413452e-02
1.694261841475963593e-02
1.698584295809268951e-02
1.671295426785945892e-02
1.684896275401115417e-02
1.683858036994934082e-02
1.683996804058551788e-02
1.681203581392765045e-02
1.680950261652469635e-02
1.691146753728389740e-02
1.690204441547393799e-02
1.680119149386882782e-02
1.689123362302780151e-02
1.686192303895950317e-02
1.688242889940738678e-02
1.671139523386955261e-02
1.670355536043643951e-02
1.687166839838027954e-02
1.674598827958106995e-02
1.669753156602382660e-02
1.683483645319938660e-02
1.686167344450950623e-02
1.676086522638797760e-02
1.667305082082748413e-02
1.680606231093406677e-02
1.676520705223083496e-02
1.673843339085578918e-02
1.682815328240394592e-02
1.660181954503059387e-02
1.665168255567550659e-02
1.668044365942478180e-02
1.664651185274124146e-02
1.665491983294487000e-02
1.661458797752857208e-02
1.665876060724258423e-02
1.666068099439144135e-02
1.671494729816913605e-02
1.664884574711322784e-02
1.673019863665103912e-02
1.667840778827667236e-02
1.665522344410419464e-02
1.653742417693138123e-02
1.662993617355823517e-02
1.658963598310947418e-02
1.664330810308456421e-02
1.654621772468090057e-02
1.662064529955387115e-02
1.655720546841621399e-02
1.652737148106098175e-02
1.658403500914573669e-02
1.663282327353954315e-02
1.662317477166652679e-02
1.662672497332096100e-02
1.655542850494384766e-02
1.657048054039478302e-02
1.648392900824546814e-02
1.655658520758152008e-02
1.661834493279457092e-02
1.656737551093101501e-02
1.642770506441593170e-02
1.655038073658943176e-02
1.647483371198177338e-02
1.667818240821361542e-02
1.644786074757575989e-02
1.669611409306526184e-02
1.636374928057193756e-02
1.653590984642505646e-02
1.659550517797470093e-02
1.647664047777652740e-02
1.648814417421817780e-02
1.658823527395725250e-02
1.663527265191078186e-02
1.659238338470458984e-02
1.632885821163654327e-02
1.642980612814426422e-02
1.655337959527969360e-02
1.646440476179122925e-02
1.657989248633384705e-02
1.651848293840885162e-02
1.643878966569900513e-02
1.649634726345539093e-02
1.635752990841865540e-02
1.638866588473320007e-02
1.634839363396167755e-02
1.644964143633842468e-02
1.639364287257194519e-02
1.628264226019382477e-02
1.630221121013164520e-02
1.626064628362655640e-02
1.644933968782424927e-02
1.638749241828918457e-02
1.639789529144763947e-02
1.634404622018337250e-02
1.633104495704174042e-02
1.638079248368740082e-02
1.638115011155605316e-02
1.619635336101055145e-02
1.637433841824531555e-02
1.645888201892375946e-02
1.630739122629165649e-02
1.615950837731361389e-02
1.625736989080905914e-02
1.630243100225925446e-02
1.627531088888645172e-02
1.624768041074275970e-02
1.633997820317745209e-02
1.637385413050651550e-02
1.632600836455821991e-02
1.633441261947154999e-02
1.630231179296970367e-02
1.627061329782009125e-02
1.625529490411281586e-02
1.622243970632553101e-02
1.621977612376213074e-02
1.618722826242446899e-02
1.631594263017177582e-02
1.614652387797832489e-02
1.623122952878475189e-02
1.607024297118186951e-02
1.635551452636718750e-02
1.623653061687946320e-02
1.618794538080692291e-02
1.622727327048778534e-02
1.612174138426780701e-02
1.636030524969100952e-02
1.615994982421398163e-02
1.620373874902725220e-02
1.602360047399997711e-02
1.617689989507198334e-02
1.609035395085811615e-02
1.610553450882434845e-02
1.619246974587440491e-02
1.613646559417247772e-02
1.618891768157482147e-02
1.625525020062923431e-02
1.614122092723846436e-02
1.618820056319236755e-02
1.616285741329193115e-02
1.608278788626194000e-02
1.617447286844253540e-02
1.605091430246829987e-02
1.610117964446544647e-02
1.619430072605609894e-02
1.621858775615692139e-02
1.596815697848796844e-02
1.606938801705837250e-02
1.620622910559177399e-02
1.605057530105113983e-02
1.606078632175922394e-02
1.616971381008625031e-02
1.613965258002281189e-02
1.601306162774562836e-02
1.606904715299606323e-02
1.607007533311843872e-02
1.619854010641574860e-02
1.599943637847900391e-02
1.609935425221920013e-02
1.599568873643875122e-02
1.605083793401718140e-02
1.603894308209419250e-02
1.601520925760269165e-02
1.606637611985206604e-02
1.610842905938625336e-02
1.605446077883243561e-02
1.589345932006835938e-02
1.610946096479892731e-02
1.602921262383460999e-02
1.599027402698993683e-02
1.610485278069972992e-02
1.595943234860897064e-02
1.596930250525474548e-02
1.613715104758739471e-02
1.603027060627937317e-02
1.601903326809406281e-02
1.595610752701759338e-02
1.594896800816059113e-02
1.607455871999263763e-02
1.595197431743144989e-02
1.592261157929897308e-02
1.593875326216220856e-02
1.586842350661754608e-02
1.594145596027374268e-02
1.600353233516216278e-02
1.592374406754970551e-02
1.603612862527370453e-02
1.591837778687477112e-02
1.582379266619682312e-02
1.601483114063739777e-02
1.587540097534656525e-02
1.577843166887760162e-02
1.587461121380329132e-02
1.587965339422225952e-02
1.585534214973449707e-02
1.587166078388690948e-02
1.590448804199695587e-02
1.583115942776203156e-02
1.593532599508762360e-02
1.583108119666576385e-02
1.585131697356700897e-02
1.589800044894218445e-02
1.588283665478229523e-02
1.590050756931304932e-02
1.579745113849639893e-02
1.579401455819606781e-02
1.590688899159431458e-02
1.574323140084743500e-02
1.597510650753974915e-02
1.587158069014549255e-02
1.590211689472198486e-02
1.591131091117858887e-02
1.588788442313671112e-02
1.592399552464485168e-02
1.595524512231349945e-02
1.562846079468727112e-02
1.576413400471210480e-02
1.584471948444843292e-02
1.581765525043010712e-02
1.583164185285568237e-02
1.577291265130043030e-02
1.580179855227470398e-02
1.574949920177459717e-02
1.584180630743503571e-02
1.584987901151180267e-02
1.579853706061840057e-02
1.580983772873878479e-02
1.583665981888771057e-02
1.571552827954292297e-02
1.562133897095918655e-02
1.573373377323150635e-02
1.573034375905990601e-02
1.569662056863307953e-02
1.571391709148883820e-02
1.569499075412750244e-02
1.581740938127040863e-02
1.581525430083274841e-02
1.586810313165187836e-02
1.569607853889465332e-02
1.566654257476329803e-02
1.575751043856143951e-02
1.573069952428340912e-02
1.576779969036579132e-02
1.572875678539276123e-02
1.570810563862323761e-02
1.571512781083583832e-02
1.566031575202941895e-02
1.568466052412986755e-02
1.567844673991203308e-02
1.573381759226322174e-02
1.569872908294200897e-02
1.574401557445526123e-02
1.564353331923484802e-02
1.570328697562217712e-02
1.567506045103073120e-02
1.578733883798122406e-02
1.567795313894748688e-02
1.554698962718248367e-02
1.553965732455253601e-02
1.556905452162027359e-02
1.567265391349792480e-02
1.551025174558162689e-02
1.564031653106212616e-02
1.557169854640960693e-02
1.561466790735721588e-02
1.572977565228939056e-02
1.557645760476589203e-02
1.570549979805946350e-02
1.567808538675308228e-02
1.549981348216533661e-02
1.551172509789466858e-02
1.560723688453435898e-02
1.559739746153354645e-02
1.559032313525676727e-02
1.562949828803539276e-02
1.554852910339832306e-02
1.564959064126014709e-02
1.563363894820213318e-02
1.553234923630952835e-02
1.550592947751283646e-02
1.562084723263978958e-02
1.562931016087532043e-02
1.559669245034456253e-02
1.549227908253669739e-02
1.556239556521177292e-02
1.563501916825771332e-02
1.556583959609270096e-02
1.561968680471181870e-02
1.550912205129861832e-02
1.548255607485771179e-02
1.549749262630939484e-02
1.557731907814741135e-02
1.559608802199363708e-02
1.558938156813383102e-02
1.547277998179197311e-02
1.559504680335521698e-02
1.554392185062170029e-02
1.558983698487281799e-02
1.558071561157703400e-02
1.554426830261945724e-02
1.560015790164470673e-02
1.551569066941738129e-02
1.548870187252759933e-02
1.541234459728002548e-02
1.552262809127569199e-02
1.565217599272727966e-02
1.550165191292762756e-02
1.545298472046852112e-02
1.544564776122570038e-02
1.545193884521722794e-02
1.552556548267602921e-02
1.545617170631885529e-02
1.549403555691242218e-02
1.540470868349075317e-02
1.543251425027847290e-02
1.551810279488563538e-02
1.538882404565811157e-02
1.546326931565999985e-02
1.527693308889865875e-02
1.548536680638790131e-02
1.543934084475040436e-02
1.549812778830528259e-02
1.540531311184167862e-02
1.547909714281558990e-02
1.542419660836458206e-02
1.552387047559022903e-02
1.522928010672330856e-02
1.535629481077194214e-02
1.552006043493747711e-02
1.544048823416233063e-02
1.531380694359540939e-02
1.551198214292526245e-02
1.536285225301980972e-02
1.528952829539775848e-02
1.538621261715888977e-02
1.531375758349895477e-02
1.546669006347656250e-02
1.549801230430603027e-02
1.535353623330593109e-02
1.537308841943740845e-02
1.537345442920923233e-02
1.539026852697134018e-02
1.531269587576389313e-02
1.544637233018875122e-02
1.546325348317623138e-02
1.548527088016271591e-02
1.529289409518241882e-02
1.539625041186809540e-02
1.536422874778509140e-02
1.540050189942121506e-02
1.531079690903425217e-02
1.535965688526630402e-02
1.535562053322792053e-02
1.532004587352275848e-02
1.547810342162847519e-02
1.541275810450315475e-02
1.530192885547876358e-02
1.535355392843484879e-02
1.538151130080223083e-02
1.523659471422433853e-02
1.535715628415346146e-02
1.533617824316024780e-02
1.527130231261253357e-02
1.516342442482709885e-02
1.527118962258100510e-02
1.537811569869518280e-02
1.531487144529819489e-02
1.515249721705913544e-02
1.534553524106740952e-02
1.517569925636053085e-02
1.527289766818284988e-02
1.535404566675424576e-02
1.529041863977909088e-02
1.524560060352087021e-02
1.527862437069416046e-02
1.534295734018087387e-02
1.531415432691574097e-02
1.528170797973871231e-02
1.514960452914237976e-02
1.533861737698316574e-02
1.524511165916919708e-02
1.529294159263372421e-02
1.527873054146766663e-02
1.519168075174093246e-02
1.515807025134563446e-02
1.534578762948513031e-02
1.525958906859159470e-02
1.522878371179103851e-02
1.535179093480110168e-02
1.522122044116258621e-02
1.516324654221534729e-02
1.523273065686225891e-02
1.528030168265104294e-02
1.515801623463630676e-02
1.519402209669351578e-02
1.517321355640888214e-02
1.519413571804761887e-02
1.519056875258684158e-02
1.528814248740673065e-02
1.509303692728281021e-02
1.524104736745357513e-02
1.526524592190980911e-02
1.519339811056852341e-02
1.503277942538261414e-02
1.526032108813524246e-02
1.510096993297338486e-02
1.516704540699720383e-02
1.511471066623926163e-02
1.516848802566528320e-02
1.522309053689241409e-02
1.506001129746437073e-02
1.521150209009647369e-02
1.511285547167062759e-02
1.519602816551923752e-02
1.507850643247365952e-02
1.518458966165781021e-02
1.512029860168695450e-02
1.518796011805534363e-02
1.520503219217061996e-02
1.507561933249235153e-02
1.510063558816909790e-02
1.518849376589059830e-02
1.516726892441511154e-02
1.520790252834558487e-02
1.518413517624139786e-02
1.509039942175149918e-02
1.515911146998405457e-02
1.515645626932382584e-02
1.510642282664775848e-02
1.508924458175897598e-02
1.517372112721204758e-02
1.508622895926237106e-02
1.496875844895839691e-02
1.521393284201622009e-02
1.514218375086784363e-02
1.507950294762849808e-02
1.514498051255941391e-02
1.507125049829483032e-02
1.506601180881261826e-02
1.517992932349443436e-02
1.514318212866783142e-02
1.510520465672016144e-02
1.500279642641544342e-02
1.509208045899868011e-02
1.512972638010978699e-02
1.513793412595987320e-02
1.512785535305738449e-02
1.513762492686510086e-02
1.508336793631315231e-02
1.500404253602027893e-02
1.508235000073909760e-02
1.514262985438108444e-02
1.499907858669757843e-02
1.502682361751794815e-02
1.495100464671850204e-02
1.513985358178615570e-02
1.511535979807376862e-02
1.502445247024297714e-02
1.510531827807426453e-02
1.500063855201005936e-02
1.504535973072052002e-02
1.506158430129289627e-02
1.499593164771795273e-02
1.503956131637096405e-02
1.500363834202289581e-02
1.494451984763145447e-02
1.501246728003025055e-02
1.507382839918136597e-02
1.495608687400817871e-02
1.500129420310258865e-02
1.506999880075454712e-02
1.513325329869985580e-02
1.501601748168468475e-02
1.499920617789030075e-02
1.492056716233491898e-02
1.503008883446455002e-02
1.506471633911132812e-02
1.502681057900190353e-02
1.504768524318933487e-02
1.501949969679117203e-02
1.495555788278579712e-02
1.491248793900012970e-02
1.484563108533620834e-02
1.498044095933437347e-02
1.494033075869083405e-02
1.496919244527816772e-02
1.492288336157798767e-02
1.506610959768295288e-02
1.495790760964155197e-02
1.483525615185499191e-02
1.492132991552352905e-02
1.493429671972990036e-02
1.494632847607135773e-02
1.502840779721736908e-02
1.500030327588319778e-02
1.493872329592704773e-02
1.500022597610950470e-02
1.502845808863639832e-02
1.497920602560043335e-02
1.493875123560428619e-02
1.492342445999383926e-02
1.489102747291326523e-02
1.501015853136777878e-02
1.490503456443548203e-02
1.490983180701732635e-02
1.491116266697645187e-02
1.482965145260095596e-02
1.500025391578674316e-02
1.484920177608728409e-02
1.496767997741699219e-02
1.497773081064224243e-02
1.487293280661106110e-02
1.496015675365924835e-02
1.485899463295936584e-02
1.490366272628307343e-02
1.500347536057233810e-02
1.485540345311164856e-02
1.487048994749784470e-02
1.495207473635673523e-02
1.482491381466388702e-02
1.489228568971157074e-02
1.496499311178922653e-02
1.489082444459199905e-02
1.487845182418823242e-02
1.490030623972415924e-02
1.501595322042703629e-02
1.490417588502168655e-02
1.492991112172603607e-02
1.494591776281595230e-02
1.493888627737760544e-02
1.482818648219108582e-02
1.501151081174612045e-02
1.491263788193464279e-02
1.482738647609949112e-02
1.492194086313247681e-02
1.491352356970310211e-02
1.488091517239809036e-02
1.490532048046588898e-02
1.492867898195981979e-02
1.487464737147092819e-02
1.490721199661493301e-02
1.490744575858116150e-02
1.474954839795827866e-02
1.480740308761596680e-02
1.492812857031822205e-02
1.488238945603370667e-02
1.490048784762620926e-02
1.472470723092556000e-02
1.493855472654104233e-02
1.482155360281467438e-02
1.482990011572837830e-02
1.478741690516471863e-02
1.491417083889245987e-02
1.487466134130954742e-02
1.491500344127416611e-02
1.483378373086452484e-02
1.477829739451408386e-02
1.477389223873615265e-02
1.485926844179630280e-02
1.481355726718902588e-02
1.489602960646152496e-02
1.484115049242973328e-02
1.492149289697408676e-02
1.486106682568788528e-02
1.484152302145957947e-02
1.489610318094491959e-02
1.488834153860807419e-02
1.478999387472867966e-02
1.472175773233175278e-02
1.477365009486675262e-02
1.466095540672540665e-02
1.479027327150106430e-02
1.484947185963392258e-02
1.475578453391790390e-02
1.489181816577911377e-02
1.485603395849466324e-02
1.480631344020366669e-02
1.466559153050184250e-02
1.476654969155788422e-02
1.478540990501642227e-02
1.491972710937261581e-02
1.481132488697767258e-02
1.469462644308805466e-02
1.484192442148923874e-02
1.474108826369047165e-02
1.477763243019580841e-02
1.473298575729131699e-02
1.480803824961185455e-02
1.473850104957818985e-02
1.469084713608026505e-02
1.478127669543027878e-02
1.467708498239517212e-02
1.469664089381694794e-02
1.482355967164039612e-02
1.475067157298326492e-02
1.471720356494188309e-02
1.476944983005523682e-02
1.469817664474248886e-02
1.467631384730339050e-02
1.476378459483385086e-02
1.477386523038148880e-02
1.482481509447097778e-02
1.480829808861017227e-02
1.477341819554567337e-02
1.463205926120281219e-02
1.472745742648839951e-02
1.473549567162990570e-02
1.478856895118951797e-02
1.482812501490116119e-02
1.467294711619615555e-02
1.474523544311523438e-02
1.477448549121618271e-02
1.472993660718202591e-02
1.475129928439855576e-02
1.473101042211055756e-02
1.477598026394844055e-02
1.478475425392389297e-02
1.479681953787803650e-02
1.463591400533914566e-02
1.471593603491783142e-02
1.469958387315273285e-02
1.466796919703483582e-02
1.466756779700517654e-02
1.483479794114828110e-02
1.470924355089664459e-02
1.481672376394271851e-02
1.473444048315286636e-02
1.474113762378692627e-02
1.465546246618032455e-02
1.471165660768747330e-02
1.462644897401332855e-02
1.479371637105941772e-02
1.471611764281988144e-02
1.480362191796302795e-02
1.470679882913827896e-02
1.463493052870035172e-02
1.461808104068040848e-02
1.459694653749465942e-02
1.461527310311794281e-02
1.466027833521366119e-02
1.471030339598655701e-02
1.472597755491733551e-02
1.463287137448787689e-02
1.455839537084102631e-02
1.470441929996013641e-02
1.472155470401048660e-02
1.466757897287607193e-02
1.454998180270195007e-02
1.468164660036563873e-02
1.456609554588794708e-02
1.468372344970703125e-02
1.474181935191154480e-02
1.470108609646558762e-02
1.459176652133464813e-02
1.465250737965106964e-02
1.457346975803375244e-02
1.459686085581779480e-02
1.469072233885526657e-02
1.460904162377119064e-02
1.468447595834732056e-02
1.465824525803327560e-02
1.466449629515409470e-02
1.462164521217346191e-02
1.466138288378715515e-02
1.467293128371238708e-02
1.465654186904430389e-02
1.466592960059642792e-02
1.470599137246608734e-02
1.467907615005970001e-02
1.454057823866605759e-02
1.469348929822444916e-02
1.461301278322935104e-02
1.458042021840810776e-02
1.464977860450744629e-02
1.459956821054220200e-02
1.464863121509552002e-02
1.462244521826505661e-02
1.461021043360233307e-02
1.470737811177968979e-02
1.464143302291631699e-02
1.458642072975635529e-02
1.465318165719509125e-02
1.458326168358325958e-02
1.459037419408559799e-02
1.457244809716939926e-02
1.462722010910511017e-02
1.465027593076229095e-02
1.463989727199077606e-02
1.457678247243165970e-02
1.466280128806829453e-02
1.457418594509363174e-02
