2.817873656749725342e-01
1.308418065309524536e-01
6.494269520044326782e-02
3.677965700626373291e-02
2.479219809174537659e-02
1.976229250431060791e-02
1.755401305854320526e-02
1.673110760748386383e-02
1.629889756441116333e-02
1.612685434520244598e-02
1.592559739947319031e-02
1.593536324799060822e-02
1.578516140580177307e-02
1.577988639473915100e-02
1.569188013672828674e-02
1.560461614280939102e-02
1.566958799958229065e-02
1.561763789504766464e-02
1.548320427536964417e-02
1.541837584227323532e-02
1.537389587610960007e-02
1.543529611080884933e-02
1.543541252613067627e-02
1.544621959328651428e-02
1.529297046363353729e-02
1.513767894357442856e-02
1.526399422436952591e-02
1.518731005489826202e-02
1.517122518271207809e-02
1.515577081590890884e-02
1.511870697140693665e-02
1.506614871323108673e-02
1.503981929272413254e-02
1.504076644778251648e-02
1.488040480762720108e-02
1.488732639700174332e-02
1.491896715015172958e-02
1.489214412868022919e-02
1.489671878516674042e-02
1.482430100440979004e-02
1.484303921461105347e-02
1.477444730699062347e-02
1.480368338525295258e-02
1.473519392311573029e-02
1.462883781641721725e-02
1.476577017456293106e-02
1.466223224997520447e-02
1.470747590065002441e-02
1.467784121632575989e-02
1.461863331496715546e-02
1.468157488852739334e-02
1.458406727761030197e-02
1.463983859866857529e-02
1.459033228456974030e-02
1.457627676427364349e-02
1.458992063999176025e-02
1.449731085449457169e-02
1.448321528732776642e-02
1.454542856663465500e-02
1.455680001527070999e-02
1.453286781907081604e-02
1.451201550662517548e-02
1.448516547679901123e-02
1.448204275220632553e-02
1.447052042931318283e-02
1.439870428293943405e-02
1.450141519308090210e-02
1.438338495790958405e-02
1.440498419106006622e-02
1.445871777832508087e-02
1.441693771630525589e-02
1.429568603634834290e-02
1.439560297876596451e-02
1.439278945326805115e-02
1.436645910143852234e-02
1.434054039418697357e-02
1.436023693531751633e-02
1.434111781418323517e-02
1.430284418165683746e-02
1.431830320507287979e-02
1.421089190989732742e-02
1.423545926809310913e-02
1.430514547973871231e-02
1.423641014844179153e-02
1.418401766568422318e-02
1.425617281347513199e-02
1.419698353856801987e-02
1.420765090733766556e-02
1.423302944749593735e-02
1.421662326902151108e-02
1.421817950904369354e-02
1.425325311720371246e-02
1.419197488576173782e-02
1.428554579615592957e-02
1.417816523462533951e-02
1.419339329004287720e-02
1.420980598777532578e-02
1.414738968014717102e-02
1.417853776365518570e-02
1.421721652150154114e-02
1.414978876709938049e-02
1.415685657411813736e-02
1.418918464332818985e-02
1.416861359030008316e-02
1.413475442677736282e-02
1.410694234073162079e-02
1.417685765773057938e-02
1.413212437182664871e-02
1.410281844437122345e-02
1.407677587121725082e-02
1.414627302438020706e-02
1.411255821585655212e-02
1.414380501955747604e-02
1.407300122082233429e-02
1.413118746131658554e-02
1.416661310940980911e-02
1.407827530056238174e-02
1.411306671798229218e-02
1.406477950513362885e-02
1.404978055506944656e-02
1.410363428294658661e-02
1.410275883972644806e-02
1.409418042749166489e-02
1.410502195358276367e-02
1.407439634203910828e-02
1.409396808594465256e-02
1.408836897462606430e-02
1.407157536596059799e-02
1.406027283519506454e-02
1.406681444495916367e-02
1.402199640870094299e-02
1.400798559188842773e-02
1.407206244766712189e-02
1.404868531972169876e-02
1.408509444445371628e-02
1.404272392392158508e-02
1.403346192091703415e-02
1.405917946249246597e-02
1.404981594532728195e-02
1.404977310448884964e-02
1.404877286404371262e-02
1.401711907237768173e-02
1.405752822756767273e-02
1.404385454952716827e-02
1.406441070139408112e-02
1.403293944895267487e-02
1.406796369701623917e-02
1.404807064682245255e-02
1.397140417248010635e-02
1.402769889682531357e-02
1.399024855345487595e-02
1.396703440696001053e-02
1.400471385568380356e-02
1.396408118307590485e-02
1.400784216821193695e-02
1.401419192552566528e-02
1.402203366160392761e-02
1.396347768604755402e-02
1.399907097220420837e-02
1.397956442087888718e-02
1.398059166967868805e-02
1.400909852236509323e-02
1.396327186375856400e-02
1.399355847388505936e-02
1.398543361574411392e-02
1.399220526218414307e-02
1.397593878209590912e-02
1.401619147509336472e-02
1.402371935546398163e-02
1.401561964303255081e-02
1.396778970956802368e-02
1.399564929306507111e-02
1.395077537745237350e-02
1.399577967822551727e-02
1.398835610598325729e-02
1.395915262401103973e-02
1.403698325157165527e-02
1.395223941653966904e-02
1.398377399891614914e-02
1.400291826575994492e-02
1.397092081606388092e-02
1.397507730871438980e-02
1.397167332470417023e-02
1.399159245193004608e-02
1.394174806773662567e-02
1.395205501466989517e-02
1.396933849900960922e-02
1.398610137403011322e-02
1.399443391710519791e-02
1.399274636059999466e-02
1.394695509225130081e-02
1.393409259617328644e-02
1.399546023458242416e-02
1.393741182982921600e-02
1.393605954945087433e-02
1.397561095654964447e-02
1.394737418740987778e-02
1.394663751125335693e-02
1.396567746996879578e-02
1.394454296678304672e-02
1.396795082837343216e-02
1.399085577577352524e-02
1.395328901708126068e-02
1.393034495413303375e-02
1.396735757589340210e-02
1.398502755910158157e-02
1.392775494605302811e-02
1.394797302782535553e-02
1.395658217370510101e-02
1.393603626638650894e-02
1.389495190232992172e-02
1.394784357398748398e-02
1.398803479969501495e-02
1.394777465611696243e-02
1.398460660129785538e-02
1.395955588668584824e-02
1.393673196434974670e-02
1.397086400538682938e-02
1.394817885011434555e-02
1.398639846593141556e-02
1.395553443580865860e-02
1.397348195314407349e-02
1.394074689596891403e-02
1.396960113197565079e-02
1.396154705435037613e-02
1.395428553223609924e-02
1.398629229515790939e-02
1.393609028309583664e-02
1.393420621752738953e-02
1.394068170338869095e-02
1.395803131163120270e-02
1.393938343971967697e-02
1.394920516759157181e-02
1.394378952682018280e-02
1.399948634207248688e-02
1.392215956002473831e-02
1.395748462527990341e-02
1.396241690963506699e-02
1.389648951590061188e-02
1.392553094774484634e-02
1.394279859960079193e-02
1.394104491919279099e-02
1.395431067794561386e-02
1.395612861961126328e-02
1.395936496555805206e-02
1.397209055721759796e-02
1.393500622361898422e-02
1.392656285315752029e-02
1.394574996083974838e-02
1.393450796604156494e-02
1.394645310938358307e-02
1.395201403647661209e-02
1.394047588109970093e-02
1.394776068627834320e-02
1.393368653953075409e-02
1.393475662916898727e-02
1.393475383520126343e-02
1.392173022031784058e-02
1.395564526319503784e-02
1.392735820263624191e-02
1.393297594040632248e-02
1.395391672849655151e-02
1.394897885620594025e-02
1.393549237400293350e-02
1.394457928836345673e-02
1.392915192991495132e-02
1.393467187881469727e-02
1.394407637417316437e-02
1.392896845936775208e-02
1.393734756857156754e-02
1.390399970114231110e-02
1.395183242857456207e-02
1.391573529690504074e-02
1.392440497875213623e-02
1.393676269799470901e-02
1.392804086208343506e-02
1.390497013926506042e-02
1.392356213182210922e-02
1.393317058682441711e-02
1.392986252903938293e-02
1.395841687917709351e-02
1.396237965673208237e-02
1.393088698387145996e-02
1.393973734229803085e-02
1.392308250069618225e-02
1.391031499952077866e-02
1.392779219895601273e-02
1.394894812256097794e-02
1.391363423317670822e-02
1.394167542457580566e-02
1.393715292215347290e-02
1.392350066453218460e-02
1.393901463598012924e-02
1.390416268259286880e-02
1.394032035022974014e-02
1.391500327736139297e-02
1.391456089913845062e-02
1.391928922384977341e-02
1.394554693251848221e-02
1.392938289791345596e-02
1.396347209811210632e-02
1.391556672751903534e-02
1.394124794751405716e-02
1.393728144466876984e-02
1.393124833703041077e-02
1.390081830322742462e-02
1.392354629933834076e-02
1.394667476415634155e-02
1.391238998621702194e-02
1.392320077866315842e-02
1.391647569835186005e-02
1.392077188938856125e-02
1.392607670277357101e-02
1.393400784581899643e-02
1.392102707177400589e-02
1.392057165503501892e-02
1.391468942165374756e-02
1.395511627197265625e-02
1.391236670315265656e-02
1.391928549855947495e-02
1.391277648508548737e-02
1.391844917088747025e-02
1.395223382860422134e-02
1.392826531082391739e-02
1.394630223512649536e-02
1.391981169581413269e-02
1.391593739390373230e-02
1.393654756247997284e-02
1.391400676220655441e-02
1.392053347080945969e-02
1.392068900167942047e-02
1.394717954099178314e-02
1.392391603440046310e-02
1.392158679664134979e-02
1.393763162195682526e-02
1.391907315701246262e-02
1.391509268432855606e-02
1.392466295510530472e-02
1.395018212497234344e-02
1.389320101588964462e-02
1.393840834498405457e-02
1.393822208046913147e-02
1.390672009438276291e-02
1.391275320202112198e-02
1.393874082714319229e-02
1.390650961548089981e-02
1.391451712697744370e-02
1.392924971878528595e-02
1.390828471630811691e-02
1.394436880946159363e-02
1.393703930079936981e-02
1.394473668187856674e-02
1.392355747520923615e-02
1.391944289207458496e-02
1.391790620982646942e-02
1.390038803219795227e-02
1.393127720803022385e-02
1.391031034290790558e-02
1.391002628952264786e-02
1.393409259617328644e-02
1.391414552927017212e-02
1.393762230873107910e-02
1.392194349318742752e-02
1.393682695925235748e-02
1.392300333827733994e-02
1.393626723438501358e-02
1.394962612539529800e-02
1.391775999218225479e-02
1.396253053098917007e-02
1.391633227467536926e-02
1.392817031592130661e-02
1.391572225838899612e-02
1.393414475023746490e-02
1.390989962965250015e-02
1.392758544534444809e-02
1.391630526632070541e-02
1.392246969044208527e-02
1.389879826456308365e-02
1.393758133053779602e-02
1.394081115722656250e-02
1.388355810195207596e-02
1.391099765896797180e-02
1.392479427158832550e-02
1.393602415919303894e-02
1.393372751772403717e-02
1.395243685692548752e-02
1.390990894287824631e-02
1.393208652734756470e-02
1.392287295311689377e-02
1.392429415136575699e-02
1.393603160977363586e-02
1.391546148806810379e-02
1.395760476589202881e-02
1.392690744251012802e-02
1.393927447497844696e-02
1.391059346497058868e-02
1.390568166971206665e-02
1.391789503395557404e-02
1.389964018017053604e-02
1.390502415597438812e-02
1.393890101462602615e-02
1.393983326852321625e-02
1.392534933984279633e-02
1.392322964966297150e-02
1.392384991049766541e-02
1.394010335206985474e-02
1.393365580588579178e-02
1.394379790872335434e-02
1.391874905675649643e-02
1.390424836426973343e-02
1.390315964818000793e-02
1.389427483081817627e-02
1.391622144728899002e-02
1.391230057924985886e-02
1.393176056444644928e-02
1.391957234591245651e-02
1.392477098852396011e-02
1.393981743603944778e-02
1.391456648707389832e-02
1.391314528882503510e-02
1.389054022729396820e-02
1.391066424548625946e-02
1.391584798693656921e-02
1.391407474875450134e-02
1.390451658517122269e-02
1.389933377504348755e-02
1.393786445260047913e-02
1.390103995800018311e-02
1.391199138015508652e-02
1.391387172043323517e-02
1.391663402318954468e-02
1.389660499989986420e-02
1.390190143138170242e-02
1.392562594264745712e-02
1.393624115735292435e-02
1.391461770981550217e-02
1.392328832298517227e-02
1.390688773244619370e-02
1.390646025538444519e-02
1.391459163278341293e-02
1.391326356679201126e-02
1.394423842430114746e-02
1.393419690430164337e-02
1.394003257155418396e-02
1.389988604933023453e-02
1.394101139158010483e-02
1.392504200339317322e-02
1.393318455666303635e-02
1.393099408596754074e-02
1.394204795360565186e-02
1.389664970338344574e-02
1.391990389674901962e-02
1.392019353806972504e-02
1.392713095992803574e-02
1.393643394112586975e-02
1.392366457730531693e-02
1.395403034985065460e-02
1.388998329639434814e-02
1.391426101326942444e-02
1.390427164733409882e-02
1.392210088670253754e-02
1.392190996557474136e-02
1.389671489596366882e-02
1.391150522977113724e-02
1.392537076026201248e-02
1.392825972288846970e-02
1.391218230128288269e-02
1.391156110912561417e-02
1.392090879380702972e-02
1.392445899546146393e-02
1.391405332833528519e-02
1.393732428550720215e-02
1.394977234303951263e-02
1.389380265027284622e-02
1.394793018698692322e-02
1.391408685594797134e-02
1.391299441456794739e-02
1.391081791371107101e-02
1.394474878907203674e-02
1.393486466258764267e-02
1.393419690430164337e-02
1.391093526035547256e-02
1.390624511986970901e-02
1.393872406333684921e-02
1.391679421067237854e-02
1.394360326230525970e-02
1.391967013478279114e-02
1.392011065036058426e-02
1.391139812767505646e-02
1.391999609768390656e-02
1.390928123146295547e-02
1.393915805965662003e-02
1.390420272946357727e-02
1.389409508556127548e-02
1.390186697244644165e-02
1.392046082764863968e-02
1.391090918332338333e-02
1.389464363455772400e-02
1.393536012619733810e-02
1.393771171569824219e-02
1.391370873898267746e-02
1.391495391726493835e-02
1.389766950160264969e-02
1.393706072121858597e-02
1.392871793359518051e-02
1.392834912985563278e-02
1.391446776688098907e-02
1.391570456326007843e-02
1.389997266232967377e-02
1.394122000783681870e-02
1.394292805343866348e-02
1.394699607044458389e-02
1.391759980469942093e-02
1.394141837954521179e-02
1.393637619912624359e-02
1.393136661499738693e-02
1.394585147500038147e-02
1.392405852675437927e-02
1.390848495066165924e-02
1.392528135329484940e-02
1.392692793160676956e-02
1.393905282020568848e-02
1.392525434494018555e-02
1.392637845128774643e-02
1.393544021993875504e-02
1.389581896364688873e-02
1.392502337694168091e-02
1.393303088843822479e-02
1.393022108823060989e-02
1.390920951962471008e-02
1.394807267934083939e-02
1.390196289867162704e-02
1.392986346036195755e-02
1.390311960130929947e-02
1.391272991895675659e-02
1.393010374158620834e-02
1.389511954039335251e-02
1.392570137977600098e-02
1.393578574061393738e-02
1.392592769116163254e-02
1.390246115624904633e-02
1.393379550427198410e-02
1.390229538083076477e-02
1.391281932592391968e-02
1.392638031393289566e-02
1.390904188156127930e-02
1.392250508069992065e-02
1.391663122922182083e-02
1.391973625868558884e-02
1.392160728573799133e-02
1.389439497143030167e-02
1.392135117202997208e-02
1.390829589217901230e-02
1.390456873923540115e-02
1.393700856715440750e-02
1.391492318361997604e-02
1.392881292849779129e-02
1.388996839523315430e-02
1.393117010593414307e-02
1.392175350338220596e-02
1.392657402902841568e-02
1.389899384230375290e-02
1.393899600952863693e-02
1.390589307993650436e-02
1.392079610377550125e-02
1.393509842455387115e-02
1.390052307397127151e-02
1.390472706407308578e-02
1.389646530151367188e-02
1.392849348485469818e-02
1.390190143138170242e-02
1.392779499292373657e-02
1.393880043178796768e-02
1.391065027564764023e-02
1.393069885671138763e-02
1.391011476516723633e-02
1.389820035547018051e-02
1.392965484410524368e-02
1.391697581857442856e-02
1.392361707985401154e-02
1.393362134695053101e-02
1.391214597970247269e-02
1.392797008156776428e-02
1.390184462070465088e-02
1.392705645412206650e-02
1.391644123941659927e-02
1.390666980296373367e-02
1.391999609768390656e-02
1.390325371176004410e-02
1.389933284372091293e-02
1.390500832349061966e-02
1.395309530198574066e-02
1.390285603702068329e-02
1.390025205910205841e-02
1.391133293509483337e-02
1.391044910997152328e-02
1.393299084156751633e-02
1.391423121094703674e-02
1.390052121132612228e-02
1.389652956277132034e-02
1.391657721251249313e-02
1.391154248267412186e-02
1.390113867819309235e-02
1.392979454249143600e-02
1.391545310616493225e-02
1.390608772635459900e-02
1.390708331018686295e-02
1.392509415745735168e-02
1.393660530447959900e-02
1.391983684152364731e-02
1.391803659498691559e-02
1.391418185085058212e-02
1.390260923653841019e-02
1.390928495675325394e-02
1.391347497701644897e-02
1.391871087253093719e-02
1.390625443309545517e-02
1.392467133700847626e-02
1.391502190381288528e-02
1.391288358718156815e-02
1.387779973447322845e-02
1.391079183667898178e-02
1.391100138425827026e-02
1.389140915125608444e-02
1.392970420420169830e-02
1.396118942648172379e-02
1.392499543726444244e-02
1.393556315451860428e-02
1.393249444663524628e-02
1.392634771764278412e-02
1.390390377491712570e-02
1.392304804176092148e-02
1.392356213182210922e-02
1.391073223203420639e-02
1.392927765846252441e-02
1.391951646655797958e-02
1.391387917101383209e-02
1.391528919339179993e-02
1.393165625631809235e-02
1.391881983727216721e-02
1.392264477908611298e-02
1.389467157423496246e-02
1.391914580017328262e-02
1.392882224172353745e-02
1.391558535397052765e-02
1.390880439430475235e-02
1.394469942897558212e-02
1.391563098877668381e-02
1.392239332199096680e-02
1.392649393528699875e-02
1.390407141298055649e-02
1.390953548252582550e-02
1.392874587327241898e-02
1.391318254172801971e-02
1.393588259816169739e-02
1.391765847802162170e-02
1.392747648060321808e-02
1.392437424510717392e-02
1.393089909106492996e-02
1.390543580055236816e-02
1.390210445970296860e-02
1.392683479934930801e-02
1.390849705785512924e-02
1.389446295797824860e-02
1.392385922372341156e-02
1.389758381992578506e-02
1.390581298619508743e-02
1.389838848263025284e-02
1.391687430441379547e-02
1.390531472861766815e-02
1.390815898776054382e-02
1.392058376222848892e-02
1.393269281834363937e-02
1.388684567064046860e-02
1.391257345676422119e-02
1.391348522156476974e-02
1.391899678856134415e-02
1.393590401858091354e-02
1.388213131576776505e-02
1.391634158790111542e-02
1.390617247670888901e-02
1.393177546560764313e-02
1.391841843724250793e-02
1.391849666833877563e-02
1.391104888170957565e-02
1.392147783190011978e-02
1.390658225864171982e-02
1.389859523624181747e-02
1.391590200364589691e-02
1.392949651926755905e-02
1.391300372779369354e-02
1.390241459012031555e-02
1.391251292079687119e-02
1.392598263919353485e-02
1.392219774425029755e-02
1.391739957034587860e-02
1.391801331192255020e-02
1.389473956078290939e-02
1.391088124364614487e-02
1.391483750194311142e-02
1.392177306115627289e-02
1.390349026769399643e-02
1.390051096677780151e-02
1.393933594226837158e-02
1.391503401100635529e-02
1.391937490552663803e-02
1.395315025001764297e-02
1.390166860073804855e-02
1.392833981662988663e-02
1.392235886305570602e-02
1.391348987817764282e-02
1.389768626540899277e-02
1.392378471791744232e-02
1.392144802957773209e-02
1.392074115574359894e-02
1.392041984945535660e-02
1.390850916504859924e-02
1.392321567982435226e-02
1.389157120138406754e-02
1.391060091555118561e-02
1.394865754991769791e-02
1.391284726560115814e-02
1.389688253402709961e-02
1.389111857861280441e-02
1.392703969031572342e-02
1.394356787204742432e-02
1.390268560498952866e-02
1.392480824142694473e-02
1.393479108810424805e-02
1.387605350464582443e-02
1.391165610402822495e-02
1.392603199928998947e-02
1.392881665378808975e-02
1.389670558273792267e-02
1.392100844532251358e-02
1.392984390258789062e-02
1.392434909939765930e-02
1.393720880150794983e-02
1.391316391527652740e-02
1.393035147339105606e-02
1.393198221921920776e-02
1.390591915696859360e-02
1.392860058695077896e-02
1.389668695628643036e-02
1.391307916492223740e-02
1.392197329550981522e-02
1.395217236131429672e-02
1.391311734914779663e-02
1.392239332199096680e-02
1.393169630318880081e-02
1.391134224832057953e-02
1.393689773976802826e-02
1.389125734567642212e-02
1.388735882937908173e-02
1.390041504055261612e-02
1.392055675387382507e-02
1.393031328916549683e-02
1.392127759754657745e-02
1.394453179091215134e-02
1.388299558311700821e-02
1.390754338353872299e-02
1.389550883322954178e-02
1.392322778701782227e-02
1.393676921725273132e-02
1.389744319021701813e-02
1.389573328197002411e-02
1.391210220754146576e-02
1.392821688205003738e-02
1.390042342245578766e-02
1.390987634658813477e-02
1.390421483665704727e-02
1.389782503247261047e-02
1.394103001803159714e-02
1.390590798109769821e-02
1.388780400156974792e-02
1.392047200351953506e-02
1.390419434756040573e-02
1.391388941556215286e-02
1.392095629125833511e-02
1.393746118992567062e-02
1.390616502612829208e-02
1.387941744178533554e-02
1.391190290451049805e-02
1.389314699918031693e-02
1.394351199269294739e-02
1.389746367931365967e-02
1.392261777073144913e-02
1.391170267015695572e-02
1.393691357225179672e-02
1.390662323683500290e-02
1.394791901111602783e-02
1.390342134982347488e-02
1.394796092063188553e-02
1.391278859227895737e-02
1.393871940672397614e-02
1.393624301999807358e-02
1.390989031642675400e-02
1.391548197716474533e-02
1.387612428516149521e-02
1.392719801515340805e-02
1.394387707114219666e-02
1.390254590660333633e-02
1.392957940697669983e-02
1.390257477760314941e-02
1.393375266343355179e-02
1.392171904444694519e-02
1.389591954648494720e-02
1.390123087912797928e-02
1.391273271292448044e-02
1.390899717807769775e-02
1.391475088894367218e-02
1.391028147190809250e-02
1.389784924685955048e-02
1.389261335134506226e-02
1.392911747097969055e-02
1.393193844705820084e-02
1.393156033009290695e-02
1.392978988587856293e-02
1.392203290015459061e-02
1.392635796219110489e-02
1.394534762948751450e-02
1.391787827014923096e-02
1.392383221536874771e-02
1.390392240136861801e-02
1.391811855137348175e-02
1.391658186912536621e-02
1.393077615648508072e-02
1.390574034303426743e-02
1.392591558396816254e-02
1.390122435986995697e-02
1.391879934817552567e-02
1.390721090137958527e-02
1.391725521534681320e-02
1.391831412911415100e-02
1.390846353024244308e-02
1.392793841660022736e-02
1.389158144593238831e-02
1.391379721462726593e-02
1.390897110104560852e-02
1.390806958079338074e-02
1.390810962766408920e-02
1.393304206430912018e-02
1.390383299440145493e-02
1.393688563257455826e-02
1.393696106970310211e-02
1.392878685146570206e-02
1.392839197069406509e-02
1.391448080539703369e-02
1.390105206519365311e-02
1.390881184488534927e-02
1.392011344432830811e-02
1.391551457345485687e-02
1.390325464308261871e-02
1.393003016710281372e-02
1.393599994480609894e-02
1.392826903611421585e-02
1.391999050974845886e-02
1.393230352550745010e-02
1.392997894436120987e-02
1.394020952284336090e-02
1.391443237662315369e-02
1.390342693775892258e-02
1.391089055687189102e-02
1.391866430640220642e-02
1.392021216452121735e-02
1.390497945249080658e-02
1.392799057066440582e-02
1.390867587178945541e-02
1.391869038343429565e-02
1.388916652649641037e-02
1.392397098243236542e-02
1.395449507981538773e-02
1.391851995140314102e-02
1.393500622361898422e-02
1.391936279833316803e-02
1.392266713082790375e-02
1.392947323620319366e-02
1.391084771603345871e-02
1.391981914639472961e-02
1.393105275928974152e-02
1.391649246215820312e-02
1.390439271926879883e-02
1.390525791794061661e-02
1.391456089913845062e-02
1.389161404222249985e-02
1.390591263771057129e-02
1.392394304275512695e-02
1.392534654587507248e-02
1.391359139233827591e-02
1.391206867992877960e-02
1.390200573951005936e-02
1.392321567982435226e-02
1.388479489833116531e-02
1.393459364771842957e-02
1.390205230563879013e-02
1.389749906957149506e-02
1.391909178346395493e-02
1.391244214028120041e-02
1.393914688378572464e-02
1.392959430813789368e-02
1.390257477760314941e-02
1.390641462057828903e-02
1.390395313501358032e-02
1.391959190368652344e-02
1.392021216452121735e-02
1.392612606287002563e-02
1.390365324914455414e-02
1.390455942600965500e-02
1.391509734094142914e-02
1.390748191624879837e-02
1.390096172690391541e-02
1.392236817628145218e-02
1.391035784035921097e-02
1.390883699059486389e-02
1.391784474253654480e-02
1.393033005297183990e-02
1.391821261495351791e-02
1.391837093979120255e-02
1.393834501504898071e-02
1.392174977809190750e-02
1.392147317528724670e-02
1.392657682299613953e-02
1.391749549657106400e-02
1.392187923192977905e-02
1.391249150037765503e-02
1.391855347901582718e-02
1.392406504601240158e-02
1.394081395119428635e-02
1.391120441257953644e-02
1.393900252878665924e-02
1.392971631139516830e-02
1.390881836414337158e-02
1.389521919190883636e-02
1.389581616967916489e-02
1.391164120286703110e-02
1.390449795871973038e-02
1.391298510134220123e-02
1.393332332372665405e-02
1.392893027514219284e-02
1.394398417323827744e-02
1.390297804027795792e-02
1.389691606163978577e-02
1.391563843935728073e-02
1.391395460814237595e-02
1.391732320189476013e-02
1.389379519969224930e-02
1.391758956015110016e-02
1.393012516200542450e-02
1.390593871474266052e-02
1.392275746911764145e-02
1.392962876707315445e-02
1.391373574733734131e-02
1.390788983553647995e-02
1.394022349268198013e-02
1.392663829028606415e-02
1.390171237289905548e-02
1.391419768333435059e-02
1.392204221338033676e-02
1.389946136623620987e-02
1.390285789966583252e-02
1.388707011938095093e-02
1.390897855162620544e-02
1.389508135616779327e-02
1.389837451279163361e-02
1.392308343201875687e-02
1.391086727380752563e-02
1.391136087477207184e-02
1.391335576772689819e-02
1.393155474215745926e-02
1.392577122896909714e-02
1.391842775046825409e-02
1.391310803592205048e-02
1.391658745706081390e-02
1.391216740012168884e-02
1.388738397508859634e-02
1.393686141818761826e-02
1.390435639768838882e-02
1.390656922012567520e-02
1.391509734094142914e-02
1.390682347118854523e-02
1.392616331577301025e-02
1.391807850450277328e-02
1.394346263259649277e-02
1.392644736915826797e-02
1.390936132520437241e-02
1.394922938197851181e-02
1.391647662967443466e-02
1.391539443284273148e-02
1.390044018626213074e-02
1.394910644739866257e-02
1.389846205711364746e-02
1.390143390744924545e-02
1.391696650534868240e-02
1.392403244972229004e-02
1.388411410152912140e-02
1.391202863305807114e-02
1.389163825660943985e-02
1.391457859426736832e-02
1.388971600681543350e-02
1.395230926573276520e-02
