1.899613142013549805e-01
1.466360837221145630e-01
1.478867232799530029e-01
1.425448209047317505e-01
1.416894197463989258e-01
1.406611800193786621e-01
1.441249400377273560e-01
1.465826481580734253e-01
1.420970559120178223e-01
1.431182920932769775e-01
1.453967392444610596e-01
1.449454575777053833e-01
1.464955061674118042e-01
1.419069766998291016e-01
1.426045149564743042e-01
1.407694220542907715e-01
1.405048668384552002e-01
1.423664391040802002e-01
1.431005597114562988e-01
1.439965516328811646e-01
1.437766849994659424e-01
1.428732872009277344e-01
1.453368961811065674e-01
1.414154917001724243e-01
1.406340748071670532e-01
1.404636800289154053e-01
1.409309357404708862e-01
1.429424881935119629e-01
1.419796645641326904e-01
1.405093818902969360e-01
1.450760364532470703e-01
1.417408138513565063e-01
1.409115344285964966e-01
1.435857862234115601e-01
1.442408412694931030e-01
1.405540257692337036e-01
1.408537775278091431e-01
1.422576159238815308e-01
1.418967545032501221e-01
1.419079750776290894e-01
1.405311077833175659e-01
1.412334740161895752e-01
1.422178447246551514e-01
1.415999382734298706e-01
1.430287957191467285e-01
1.408614963293075562e-01
1.427347511053085327e-01
1.409719586372375488e-01
1.401712298393249512e-01
1.413216888904571533e-01
1.428378969430923462e-01
1.409034430980682373e-01
1.439862847328186035e-01
1.408351510763168335e-01
1.407905519008636475e-01
1.410485059022903442e-01
1.411658376455307007e-01
1.415591090917587280e-01
1.417053937911987305e-01
1.401185989379882812e-01
1.429301351308822632e-01
1.415039002895355225e-01
1.409288048744201660e-01
1.440812945365905762e-01
1.418323367834091187e-01
1.413775533437728882e-01
1.417047679424285889e-01
1.396498382091522217e-01
1.397162824869155884e-01
1.428855806589126587e-01
1.407056599855422974e-01
1.405261605978012085e-01
1.409359574317932129e-01
1.398110240697860718e-01
1.413525193929672241e-01
1.403734534978866577e-01
1.421755850315093994e-01
1.410258561372756958e-01
1.415688395500183105e-01
1.411032080650329590e-01
1.407459825277328491e-01
1.395200788974761963e-01
1.408234387636184692e-01
1.417942345142364502e-01
1.406365931034088135e-01
1.399056762456893921e-01
1.398497968912124634e-01
1.410590261220932007e-01
1.395228505134582520e-01
1.411167681217193604e-01
1.416906565427780151e-01
1.411846727132797241e-01
1.393565684556961060e-01
1.400662362575531006e-01
1.404573470354080200e-01
1.406893879175186157e-01
1.391245871782302856e-01
1.394142955541610718e-01
1.412172317504882812e-01
1.427864283323287964e-01
1.398485302925109863e-01
1.409824043512344360e-01
1.396793723106384277e-01
1.406569629907608032e-01
1.407927721738815308e-01
1.402692049741744995e-01
1.401696056127548218e-01
1.415597200393676758e-01
1.394994109869003296e-01
1.395499259233474731e-01
1.399535834789276123e-01
1.400813758373260498e-01
1.395986676216125488e-01
1.401069164276123047e-01
1.401717811822891235e-01
1.393352448940277100e-01
1.402193605899810791e-01
1.406114399433135986e-01
1.405243277549743652e-01
1.393748819828033447e-01
1.394714415073394775e-01
1.402907520532608032e-01
1.400856077671051025e-01
1.397944241762161255e-01
1.393882036209106445e-01
1.403142660856246948e-01
1.402677148580551147e-01
1.418383717536926270e-01
1.402351856231689453e-01
1.396170556545257568e-01
1.397396028041839600e-01
1.393401920795440674e-01
1.391130983829498291e-01
1.396904140710830688e-01
1.391767710447311401e-01
1.404524743556976318e-01
1.406410187482833862e-01
1.402448564767837524e-01
1.397458165884017944e-01
1.394769996404647827e-01
1.399382948875427246e-01
1.397633701562881470e-01
1.405908018350601196e-01
1.395929008722305298e-01
1.397840678691864014e-01
1.389172673225402832e-01
1.396946758031845093e-01
1.406276375055313110e-01
1.390182971954345703e-01
1.395107209682464600e-01
1.400792151689529419e-01
1.392358541488647461e-01
1.398145705461502075e-01
1.389202475547790527e-01
1.392270475625991821e-01
1.393249481916427612e-01
1.395271569490432739e-01
1.386295408010482788e-01
1.402014195919036865e-01
1.393246054649353027e-01
1.398493647575378418e-01
1.406471282243728638e-01
1.391352713108062744e-01
1.385869979858398438e-01
1.392907500267028809e-01
1.389534175395965576e-01
1.399904191493988037e-01
1.388513892889022827e-01
1.391890048980712891e-01
1.396431475877761841e-01
1.392765194177627563e-01
1.397271007299423218e-01
1.393750905990600586e-01
1.392442584037780762e-01
1.398578733205795288e-01
1.399530470371246338e-01
1.397312581539154053e-01
1.395573467016220093e-01
1.399498134851455688e-01
1.387772411108016968e-01
1.384468972682952881e-01
1.401700675487518311e-01
1.405986100435256958e-01
1.399724185466766357e-01
1.402752399444580078e-01
1.391558498144149780e-01
1.384118795394897461e-01
1.399868875741958618e-01
1.392673999071121216e-01
1.391360908746719360e-01
1.390777826309204102e-01
1.388326585292816162e-01
1.402705460786819458e-01
1.393843144178390503e-01
1.393934041261672974e-01
1.406011581420898438e-01
1.390365064144134521e-01
1.397672295570373535e-01
1.392564028501510620e-01
1.392108350992202759e-01
1.401694267988204956e-01
1.391482651233673096e-01
1.393363624811172485e-01
1.391951739788055420e-01
1.384962052106857300e-01
1.390162706375122070e-01
1.386283785104751587e-01
1.400400698184967041e-01
1.392796635627746582e-01
1.389410644769668579e-01
1.396801173686981201e-01
1.391924023628234863e-01
1.400099992752075195e-01
1.392433941364288330e-01
1.387457847595214844e-01
1.390536874532699585e-01
1.390971839427947998e-01
1.400885581970214844e-01
1.392787545919418335e-01
1.402834951877593994e-01
1.392850428819656372e-01
1.400292217731475830e-01
1.386341005563735962e-01
1.398475170135498047e-01
1.384465992450714111e-01
1.392443925142288208e-01
1.399466991424560547e-01
1.391420960426330566e-01
1.396645605564117432e-01
1.397285163402557373e-01
1.393557786941528320e-01
1.388872712850570679e-01
1.385034918785095215e-01
1.391481012105941772e-01
1.394248306751251221e-01
1.390009671449661255e-01
1.390719115734100342e-01
1.390359699726104736e-01
1.393046230077743530e-01
1.386764347553253174e-01
1.391755938529968262e-01
1.401490122079849243e-01
1.386093199253082275e-01
1.392543017864227295e-01
1.385487765073776245e-01
1.391364485025405884e-01
1.396703124046325684e-01
1.389399170875549316e-01
1.385326683521270752e-01
1.385690271854400635e-01
1.395357102155685425e-01
1.397355347871780396e-01
1.389788240194320679e-01
1.396527886390686035e-01
1.397178173065185547e-01
1.389457285404205322e-01
1.388867050409317017e-01
1.393447816371917725e-01
1.392885297536849976e-01
1.385241895914077759e-01
1.396968662738800049e-01
1.388537287712097168e-01
1.387573033571243286e-01
1.387586146593093872e-01
1.390909701585769653e-01
1.390611231327056885e-01
1.387086212635040283e-01
1.392300426959991455e-01
1.389660835266113281e-01
1.384982913732528687e-01
1.383915245532989502e-01
1.393006145954132080e-01
1.390804350376129150e-01
1.383984982967376709e-01
1.390338689088821411e-01
1.384310871362686157e-01
1.406867057085037231e-01
1.387482881546020508e-01
1.388786286115646362e-01
1.384209245443344116e-01
1.386644840240478516e-01
1.391122043132781982e-01
1.400172114372253418e-01
1.384843736886978149e-01
1.389664709568023682e-01
1.388800591230392456e-01
1.387251615524291992e-01
1.385473161935806274e-01
1.387037485837936401e-01
1.383432894945144653e-01
1.389602422714233398e-01
1.387959867715835571e-01
1.393933892250061035e-01
1.386480778455734253e-01
1.390469521284103394e-01
1.394273042678833008e-01
1.395199149847030640e-01
1.388946771621704102e-01
1.386937350034713745e-01
1.383737474679946899e-01
1.389096230268478394e-01
1.394129395484924316e-01
1.394345164299011230e-01
1.389409154653549194e-01
1.393700987100601196e-01
1.390747576951980591e-01
1.389391720294952393e-01
1.395563185214996338e-01
1.389111131429672241e-01
1.393515616655349731e-01
1.387003809213638306e-01
1.386487931013107300e-01
1.385313421487808228e-01
1.386312842369079590e-01
1.393854767084121704e-01
1.395278871059417725e-01
1.389105916023254395e-01
1.391504853963851929e-01
1.389573812484741211e-01
1.385103762149810791e-01
1.381017565727233887e-01
1.382868140935897827e-01
1.383518278598785400e-01
1.388393491506576538e-01
1.388459950685501099e-01
1.397027224302291870e-01
1.388451904058456421e-01
1.392662972211837769e-01
1.391838341951370239e-01
1.385385841131210327e-01
1.385492086410522461e-01
1.387712061405181885e-01
1.387768238782882690e-01
1.383995562791824341e-01
1.389920413494110107e-01
1.387474238872528076e-01
1.387874931097030640e-01
1.392039954662322998e-01
1.393751353025436401e-01
1.383220553398132324e-01
1.388221532106399536e-01
1.391608268022537231e-01
1.390644013881683350e-01
1.386795490980148315e-01
1.387388259172439575e-01
1.391073465347290039e-01
1.384447515010833740e-01
1.387991607189178467e-01
1.386999487876892090e-01
1.387746632099151611e-01
1.383414268493652344e-01
1.392313539981842041e-01
1.389003396034240723e-01
1.386950165033340454e-01
1.391275376081466675e-01
1.389270424842834473e-01
1.385195553302764893e-01
1.389326602220535278e-01
1.384830176830291748e-01
1.388243883848190308e-01
1.384136080741882324e-01
1.383952051401138306e-01
1.387509405612945557e-01
1.386394202709197998e-01
1.388948559761047363e-01
1.392363309860229492e-01
1.392210721969604492e-01
1.400310695171356201e-01
1.385239213705062866e-01
1.390149295330047607e-01
1.389927268028259277e-01
1.392131000757217407e-01
1.385207325220108032e-01
1.389126479625701904e-01
1.382970213890075684e-01
1.395250260829925537e-01
1.390831023454666138e-01
1.388995200395584106e-01
1.387823075056076050e-01
1.388725340366363525e-01
1.388830542564392090e-01
1.388390064239501953e-01
1.381331384181976318e-01
1.384629011154174805e-01
1.385964602231979370e-01
1.389499157667160034e-01
1.392737776041030884e-01
1.395806521177291870e-01
1.392070651054382324e-01
1.384891569614410400e-01
1.385350078344345093e-01
1.394632160663604736e-01
1.385353654623031616e-01
1.381906270980834961e-01
1.389341354370117188e-01
1.394737064838409424e-01
1.383043229579925537e-01
1.381568610668182373e-01
1.390107572078704834e-01
1.387736648321151733e-01
1.389645189046859741e-01
1.389597058296203613e-01
1.381709128618240356e-01
1.401885896921157837e-01
1.389548927545547485e-01
1.385297179222106934e-01
1.382017135620117188e-01
1.390435248613357544e-01
1.391989141702651978e-01
1.391638815402984619e-01
1.389258354902267456e-01
1.382942348718643188e-01
1.392813175916671753e-01
1.384432911872863770e-01
1.388357877731323242e-01
1.386079192161560059e-01
1.388290226459503174e-01
1.387766152620315552e-01
1.385266482830047607e-01
1.383261531591415405e-01
1.388663053512573242e-01
1.382946819067001343e-01
1.390726268291473389e-01
1.385513246059417725e-01
1.392922699451446533e-01
1.388390064239501953e-01
1.388169080018997192e-01
1.385772973299026489e-01
1.393699049949645996e-01
1.388853192329406738e-01
1.386647075414657593e-01
1.383017450571060181e-01
1.387875527143478394e-01
1.395179927349090576e-01
1.388545334339141846e-01
1.384415179491043091e-01
1.388225257396697998e-01
1.388128101825714111e-01
1.386857479810714722e-01
1.384162604808807373e-01
1.387728005647659302e-01
1.386394202709197998e-01
1.388644725084304810e-01
1.390291452407836914e-01
1.379487365484237671e-01
1.386359632015228271e-01
1.385693699121475220e-01
1.386702060699462891e-01
1.387562900781631470e-01
1.386401504278182983e-01
1.399050652980804443e-01
1.388908922672271729e-01
1.386857628822326660e-01
1.382149457931518555e-01
1.394630223512649536e-01
1.385439783334732056e-01
1.385136246681213379e-01
1.389100104570388794e-01
1.383724808692932129e-01
1.387596428394317627e-01
1.388714909553527832e-01
1.382427811622619629e-01
1.392610669136047363e-01
1.383945494890213013e-01
1.386078149080276489e-01
1.390140652656555176e-01
1.390082538127899170e-01
1.383462548255920410e-01
1.386096030473709106e-01
1.383538693189620972e-01
1.382226645946502686e-01
1.384862661361694336e-01
1.387438178062438965e-01
1.393381357192993164e-01
1.382260173559188843e-01
1.390231698751449585e-01
1.382876783609390259e-01
1.381437927484512329e-01
1.390722692012786865e-01
1.385032385587692261e-01
1.393489986658096313e-01
1.389951854944229126e-01
1.392240077257156372e-01
1.381254643201828003e-01
1.388100236654281616e-01
1.387269049882888794e-01
1.381174772977828979e-01
1.388214677572250366e-01
1.385534256696701050e-01
1.386482715606689453e-01
1.384716480970382690e-01
1.380087584257125854e-01
1.396925300359725952e-01
1.388822197914123535e-01
1.387316733598709106e-01
1.387310326099395752e-01
1.387271583080291748e-01
1.392899304628372192e-01
1.385205090045928955e-01
1.390622258186340332e-01
1.389013826847076416e-01
1.383174210786819458e-01
1.384041011333465576e-01
1.397530585527420044e-01
1.387294083833694458e-01
1.381703466176986694e-01
1.382484883069992065e-01
1.384091973304748535e-01
1.397404670715332031e-01
1.385237127542495728e-01
1.384966969490051270e-01
1.391081511974334717e-01
1.386134177446365356e-01
1.385669559240341187e-01
1.384032219648361206e-01
1.391277462244033813e-01
1.388783901929855347e-01
1.384423077106475830e-01
1.384798288345336914e-01
1.387955397367477417e-01
1.388684809207916260e-01
1.384334266185760498e-01
1.385124772787094116e-01
1.381901055574417114e-01
1.387681961059570312e-01
1.385225653648376465e-01
1.384517550468444824e-01
1.388763636350631714e-01
1.388210058212280273e-01
1.385451555252075195e-01
1.390020251274108887e-01
1.387931555509567261e-01
1.383090913295745850e-01
1.386236101388931274e-01
1.384370177984237671e-01
1.389247179031372070e-01
1.380489617586135864e-01
1.382388472557067871e-01
1.383842378854751587e-01
1.384883821010589600e-01
1.384678184986114502e-01
1.384528279304504395e-01
1.385751962661743164e-01
1.385926455259323120e-01
1.385688781738281250e-01
1.384948045015335083e-01
1.386170685291290283e-01
1.382943987846374512e-01
1.383585780858993530e-01
1.383832693099975586e-01
1.382131576538085938e-01
1.383735835552215576e-01
1.383360326290130615e-01
1.387803107500076294e-01
1.389906108379364014e-01
1.385125666856765747e-01
1.386129260063171387e-01
1.383197903633117676e-01
1.382977813482284546e-01
1.390355974435806274e-01
1.388852447271347046e-01
1.384397000074386597e-01
1.383720040321350098e-01
1.388391703367233276e-01
1.381845474243164062e-01
1.387555152177810669e-01
1.387424767017364502e-01
1.383296400308609009e-01
1.385015696287155151e-01
1.383460909128189087e-01
1.391327977180480957e-01
1.385678946971893311e-01
1.378720700740814209e-01
1.385937780141830444e-01
1.379182338714599609e-01
1.388146877288818359e-01
1.389455795288085938e-01
1.390274912118911743e-01
1.387665271759033203e-01
1.383433192968368530e-01
1.386661380529403687e-01
1.386156082153320312e-01
1.385769397020339966e-01
1.387330293655395508e-01
1.387153416872024536e-01
1.381480544805526733e-01
1.384283602237701416e-01
1.386993676424026489e-01
1.382902264595031738e-01
1.385144442319869995e-01
1.386378109455108643e-01
1.389638632535934448e-01
1.384212523698806763e-01
1.391045302152633667e-01
1.387674212455749512e-01
1.388662457466125488e-01
1.386192291975021362e-01
1.389341801404953003e-01
1.389563232660293579e-01
1.382395327091217041e-01
1.388172358274459839e-01
1.386631429195404053e-01
1.384699493646621704e-01
1.387061923742294312e-01
1.390838772058486938e-01
1.381456702947616577e-01
1.384451836347579956e-01
1.383780688047409058e-01
1.387495994567871094e-01
1.384553164243698120e-01
1.389576345682144165e-01
1.386942416429519653e-01
1.385534256696701050e-01
1.387788206338882446e-01
1.386962085962295532e-01
1.385363936424255371e-01
1.385961025953292847e-01
1.383381187915802002e-01
1.384772509336471558e-01
1.383548080921173096e-01
1.388734877109527588e-01
1.381118744611740112e-01
1.385618597269058228e-01
1.384860873222351074e-01
1.387944966554641724e-01
1.381852179765701294e-01
1.384141743183135986e-01
1.379040628671646118e-01
1.389954090118408203e-01
1.386500895023345947e-01
1.389038264751434326e-01
1.387656480073928833e-01
1.382471621036529541e-01
1.383266001939773560e-01
1.389633864164352417e-01
1.389061510562896729e-01
1.382256001234054565e-01
1.384951174259185791e-01
1.388024389743804932e-01
1.389332115650177002e-01
1.382994800806045532e-01
1.381225585937500000e-01
1.382608562707901001e-01
1.382464319467544556e-01
1.390309482812881470e-01
1.383564025163650513e-01
1.384336352348327637e-01
1.386661976575851440e-01
1.382153630256652832e-01
1.382223516702651978e-01
1.387857198715209961e-01
1.386489868164062500e-01
1.390345096588134766e-01
1.379892379045486450e-01
1.388406753540039062e-01
1.383597552776336670e-01
1.383574008941650391e-01
1.385198384523391724e-01
1.389681398868560791e-01
1.382300555706024170e-01
1.388451308012008667e-01
1.389695256948471069e-01
1.384811699390411377e-01
1.383059471845626831e-01
1.389402598142623901e-01
1.390194743871688843e-01
1.390410661697387695e-01
1.388392150402069092e-01
1.385657936334609985e-01
1.387675702571868896e-01
1.384501755237579346e-01
1.385370492935180664e-01
1.388309299945831299e-01
1.386080533266067505e-01
1.384014040231704712e-01
1.375346630811691284e-01
1.384645998477935791e-01
1.388300955295562744e-01
1.384888142347335815e-01
1.381907016038894653e-01
1.392788738012313843e-01
1.386126875877380371e-01
1.383831799030303955e-01
1.384426057338714600e-01
1.384968012571334839e-01
1.382943838834762573e-01
1.382031142711639404e-01
1.389322280883789062e-01
1.386711448431015015e-01
1.386848539113998413e-01
1.383839696645736694e-01
1.385186463594436646e-01
1.388002932071685791e-01
1.386501491069793701e-01
1.387207508087158203e-01
1.383289396762847900e-01
1.384971290826797485e-01
1.385934799909591675e-01
1.393533200025558472e-01
1.389483362436294556e-01
1.385951638221740723e-01
1.384317427873611450e-01
1.379932463169097900e-01
1.384637653827667236e-01
1.391686499118804932e-01
1.381667554378509521e-01
1.382809579372406006e-01
1.382374763488769531e-01
1.385342031717300415e-01
1.383316516876220703e-01
1.391395926475524902e-01
1.388574838638305664e-01
1.384621709585189819e-01
1.383401453495025635e-01
1.385615915060043335e-01
1.384281516075134277e-01
1.384132951498031616e-01
1.386330276727676392e-01
1.388354450464248657e-01
1.387535184621810913e-01
1.387286037206649780e-01
1.386619806289672852e-01
1.390448063611984253e-01
1.387571096420288086e-01
1.379293650388717651e-01
1.386587023735046387e-01
1.380800008773803711e-01
1.389304846525192261e-01
1.384266167879104614e-01
1.391724199056625366e-01
1.384837925434112549e-01
1.385417282581329346e-01
1.384293884038925171e-01
1.386971026659011841e-01
1.385407745838165283e-01
1.380800306797027588e-01
1.384699940681457520e-01
1.379198133945465088e-01
1.379791647195816040e-01
1.387565284967422485e-01
1.389599740505218506e-01
1.387623399496078491e-01
1.383371353149414062e-01
1.385827958583831787e-01
1.383051127195358276e-01
1.379394531250000000e-01
1.379732042551040649e-01
1.381905525922775269e-01
1.380705237388610840e-01
1.382510513067245483e-01
1.383490115404129028e-01
1.383092999458312988e-01
1.384422779083251953e-01
1.383027285337448120e-01
1.387987583875656128e-01
1.384355872869491577e-01
1.384497582912445068e-01
1.385956108570098877e-01
1.392236053943634033e-01
1.387130022048950195e-01
1.380431205034255981e-01
1.383893638849258423e-01
1.384198516607284546e-01
1.386659145355224609e-01
1.384409517049789429e-01
1.386287063360214233e-01
1.383174359798431396e-01
1.386235356330871582e-01
1.382140815258026123e-01
1.383276879787445068e-01
1.387332826852798462e-01
1.382409632205963135e-01
1.385390311479568481e-01
1.390605121850967407e-01
1.381963640451431274e-01
1.389783322811126709e-01
1.386444866657257080e-01
1.384092271327972412e-01
1.388218551874160767e-01
1.383989453315734863e-01
1.383784562349319458e-01
1.386940181255340576e-01
1.387288719415664673e-01
1.382248699665069580e-01
1.385985165834426880e-01
1.383500546216964722e-01
1.386518925428390503e-01
1.384624391794204712e-01
1.385155916213989258e-01
1.394642740488052368e-01
1.383032947778701782e-01
1.380364596843719482e-01
1.385093778371810913e-01
1.384980082511901855e-01
1.387413740158081055e-01
1.380342841148376465e-01
1.382091045379638672e-01
1.384877115488052368e-01
1.385769546031951904e-01
1.387265473604202271e-01
1.386741399765014648e-01
1.383199393749237061e-01
1.382847279310226440e-01
1.384164690971374512e-01
1.383086889982223511e-01
1.390147358179092407e-01
1.386384218931198120e-01
1.391593962907791138e-01
1.392373591661453247e-01
1.382882893085479736e-01
1.380741000175476074e-01
1.384624540805816650e-01
1.387232393026351929e-01
1.384061574935913086e-01
1.386080533266067505e-01
1.384702175855636597e-01
1.383636295795440674e-01
1.383520364761352539e-01
1.388133317232131958e-01
1.385356485843658447e-01
1.381497532129287720e-01
1.379805356264114380e-01
1.387585252523422241e-01
1.376558691263198853e-01
1.383199691772460938e-01
1.380948573350906372e-01
1.382325142621994019e-01
1.383536159992218018e-01
1.385742872953414917e-01
1.384997516870498657e-01
1.388565748929977417e-01
1.387307196855545044e-01
1.385176181793212891e-01
1.385580748319625854e-01
1.385630965232849121e-01
1.385382562875747681e-01
1.382526457309722900e-01
1.386153995990753174e-01
1.381517052650451660e-01
1.384026259183883667e-01
1.387929767370223999e-01
1.381626725196838379e-01
1.385526210069656372e-01
1.382035017013549805e-01
1.382945179939270020e-01
1.384477168321609497e-01
1.383668929338455200e-01
1.381209343671798706e-01
1.381505727767944336e-01
1.385394632816314697e-01
1.385641247034072876e-01
1.379133164882659912e-01
1.388239264488220215e-01
1.387533396482467651e-01
1.383572965860366821e-01
1.381301432847976685e-01
1.383194774389266968e-01
1.383355557918548584e-01
1.386456489562988281e-01
1.382990628480911255e-01
1.385265439748764038e-01
1.384502798318862915e-01
1.385561376810073853e-01
1.385801285505294800e-01
1.387908458709716797e-01
1.382439583539962769e-01
1.385358273983001709e-01
1.394535005092620850e-01
1.383046358823776245e-01
1.386491656303405762e-01
1.382036358118057251e-01
1.386524587869644165e-01
1.382130831480026245e-01
1.384460926055908203e-01
1.382816880941390991e-01
1.386747062206268311e-01
1.387310177087783813e-01
1.385528147220611572e-01
1.389698684215545654e-01
1.388470828533172607e-01
1.386967599391937256e-01
1.386345177888870239e-01
1.391948312520980835e-01
1.384184509515762329e-01
1.381739526987075806e-01
1.387019306421279907e-01
1.383185833692550659e-01
1.383427232503890991e-01
1.391149014234542847e-01
1.386495828628540039e-01
1.388095766305923462e-01
1.387356817722320557e-01
1.386149972677230835e-01
1.383547484874725342e-01
1.386542767286300659e-01
1.384556889533996582e-01
1.384797692298889160e-01
1.386906951665878296e-01
1.381418108940124512e-01
1.387282460927963257e-01
1.380996704101562500e-01
1.386311650276184082e-01
1.381983458995819092e-01
1.381835490465164185e-01
1.384797692298889160e-01
1.384800523519515991e-01
1.386561542749404907e-01
1.386390179395675659e-01
1.377333253622055054e-01
1.387129276990890503e-01
1.382302045822143555e-01
1.386556029319763184e-01
1.381860375404357910e-01
1.388630270957946777e-01
1.382966637611389160e-01
1.380218863487243652e-01
1.390421986579895020e-01
1.385783851146697998e-01
1.386163979768753052e-01
1.383569091558456421e-01
1.384098976850509644e-01
1.387113779783248901e-01
1.381915956735610962e-01
1.389121413230895996e-01
1.386454552412033081e-01
1.380183398723602295e-01
1.382345259189605713e-01
1.387178450822830200e-01
1.386762857437133789e-01
1.380549371242523193e-01
1.388899534940719604e-01
1.380128711462020874e-01
1.382416486740112305e-01
1.380395740270614624e-01
1.384895294904708862e-01
1.384855508804321289e-01
1.383291631937026978e-01
1.382956057786941528e-01
1.384626328945159912e-01
1.383187025785446167e-01
1.382333785295486450e-01
1.382217705249786377e-01
1.382175832986831665e-01
1.381288319826126099e-01
1.388756185770034790e-01
1.379984170198440552e-01
1.383712142705917358e-01
1.384353637695312500e-01
1.387240737676620483e-01
1.387278884649276733e-01
1.378630399703979492e-01
1.385220140218734741e-01
1.381637006998062134e-01
1.385584920644760132e-01
1.384643614292144775e-01
1.383359283208847046e-01
1.390765607357025146e-01
1.383292227983474731e-01
1.382912695407867432e-01
1.385707855224609375e-01
1.381404995918273926e-01
1.383905410766601562e-01
1.383337378501892090e-01
1.383471786975860596e-01
1.389242112636566162e-01
1.385401040315628052e-01
1.396527588367462158e-01
1.385025233030319214e-01
1.384964883327484131e-01
1.384514421224594116e-01
1.384348273277282715e-01
1.380012780427932739e-01
1.384958624839782715e-01
1.381857246160507202e-01
1.383310556411743164e-01
1.381075084209442139e-01
1.385569423437118530e-01
1.388917267322540283e-01
1.382428109645843506e-01
1.382137387990951538e-01
1.383828371763229370e-01
1.385246962308883667e-01
1.382994800806045532e-01
1.380700767040252686e-01
1.387320160865783691e-01
1.384060084819793701e-01
1.388164460659027100e-01
1.382352411746978760e-01
1.385732293128967285e-01
1.382467746734619141e-01
1.384385079145431519e-01
1.385828554630279541e-01
1.384793370962142944e-01
1.380918174982070923e-01
1.382429599761962891e-01
1.385836899280548096e-01
1.383264958858489990e-01
1.383588463068008423e-01
1.387486606836318970e-01
1.381732672452926636e-01
