3.362061083316802979e-02
1.412624586373567581e-02
1.398390624672174454e-02
1.398332975804805756e-02
1.398850232362747192e-02
1.397701725363731384e-02
1.393662113696336746e-02
1.396255847066640854e-02
1.395243499428033829e-02
1.395320892333984375e-02
1.393740437924861908e-02
1.389735285192728043e-02
1.399730890989303589e-02
1.386908907443284988e-02
1.393351424485445023e-02
1.394434925168752670e-02
1.397619675844907761e-02
1.396693568676710129e-02
1.395984180271625519e-02
1.398194208741188049e-02
1.395796984434127808e-02
1.398210506886243820e-02
1.393586769700050354e-02
1.397936139255762100e-02
1.393518131226301193e-02
1.398644596338272095e-02
1.392823830246925354e-02
1.395925413817167282e-02
1.390665117651224136e-02
1.394748035818338394e-02
1.400174666196107864e-02
1.395229529589414597e-02
1.396204903721809387e-02
1.392122730612754822e-02
1.393145881593227386e-02
1.393678411841392517e-02
1.393174938857555389e-02
1.396278850734233856e-02
1.393612287938594818e-02
1.390972640365362167e-02
1.392467878758907318e-02
1.394111290574073792e-02
1.394843403249979019e-02
1.391663402318954468e-02
1.394089125096797943e-02
1.395374909043312073e-02
1.390325650572776794e-02
1.396536082029342651e-02
1.394507195800542831e-02
1.397741679102182388e-02
1.389737892895936966e-02
1.393081154674291611e-02
1.394292153418064117e-02
1.393264997750520706e-02
1.394235063344240189e-02
1.395627576857805252e-02
1.392570883035659790e-02
1.397402957081794739e-02
1.396269351243972778e-02
1.394337415695190430e-02
1.389715727418661118e-02
1.395221799612045288e-02
1.396652963012456894e-02
1.395799312740564346e-02
1.387723907828330994e-02
1.389439310878515244e-02
1.392563246190547943e-02
1.394486613571643829e-02
1.391342096030712128e-02
1.392730325460433960e-02
1.395626552402973175e-02
1.392933353781700134e-02
1.395223662257194519e-02
1.396904326975345612e-02
1.390666980296373367e-02
1.392959151417016983e-02
1.390649750828742981e-02
1.393868122249841690e-02
1.392272952944040298e-02
1.393204927444458008e-02
1.393892057240009308e-02
1.393150165677070618e-02
1.393030490726232529e-02
1.387883443385362625e-02
1.390746980905532837e-02
1.389727927744388580e-02
1.393600087612867355e-02
1.395813748240470886e-02
1.394648104906082153e-02
1.394263654947280884e-02
1.390159688889980316e-02
1.391122862696647644e-02
1.390797551721334457e-02
1.396025996655225754e-02
1.390985678881406784e-02
1.392771024256944656e-02
1.392437610775232315e-02
1.394158042967319489e-02
1.396992616355419159e-02
1.394947245717048645e-02
1.391929853707551956e-02
1.393739040940999985e-02
1.387997716665267944e-02
1.395272463560104370e-02
1.396708656102418900e-02
1.392918545752763748e-02
1.390318386256694794e-02
1.391532924026250839e-02
1.396754663437604904e-02
1.393162831664085388e-02
1.394922472536563873e-02
1.392687484622001648e-02
1.392692420631647110e-02
1.395655795931816101e-02
1.393715292215347290e-02
1.394535787403583527e-02
1.391164399683475494e-02
1.396840345114469528e-02
1.393327210098505020e-02
1.392452325671911240e-02
1.392399240285158157e-02
1.389976963400840759e-02
1.394318137317895889e-02
1.383445970714092255e-02
1.393518131226301193e-02
1.388284191489219666e-02
1.394051872193813324e-02
1.395478099584579468e-02
1.391425635665655136e-02
1.395704969763755798e-02
1.391370873898267746e-02
1.393742579966783524e-02
1.394964940845966339e-02
1.393644604831933975e-02
1.391868293285369873e-02
1.393336616456508636e-02
1.393975317478179932e-02
1.394536439329385757e-02
1.396009977906942368e-02
1.392669510096311569e-02
1.393316965550184250e-02
1.394573971629142761e-02
1.390042435377836227e-02
1.394119113683700562e-02
1.394273526966571808e-02
1.393986865878105164e-02
1.394747477024793625e-02
1.395403034985065460e-02
1.393499691039323807e-02
1.394084189087152481e-02
1.395635120570659637e-02
1.394319720566272736e-02
1.391906850039958954e-02
1.390866003930568695e-02
1.385059207677841187e-02
1.393503230065107346e-02
1.392904110252857208e-02
1.393308024853467941e-02
1.395371928811073303e-02
1.392657682299613953e-02
1.381896529346704483e-02
1.391445286571979523e-02
1.392045151442289352e-02
1.394706219434738159e-02
1.389811467379331589e-02
1.393885631114244461e-02
1.394265703856945038e-02
1.396995037794113159e-02
1.393763162195682526e-02
1.391538977622985840e-02
1.391595881432294846e-02
1.391885336488485336e-02
1.391015946865081787e-02
1.389278564602136612e-02
1.397338975220918655e-02
1.397936698049306870e-02
1.394148450344800949e-02
1.395547948777675629e-02
1.391968224197626114e-02
1.390912011265754700e-02
1.396705862134695053e-02
1.389950793236494064e-02
1.392283290624618530e-02
1.393702905625104904e-02
1.389672327786684036e-02
1.394223887473344803e-02
1.392343733459711075e-02
1.391288358718156815e-02
1.393453218042850494e-02
1.395840477198362350e-02
1.395112276077270508e-02
1.391435321420431137e-02
1.396132726222276688e-02
1.392372511327266693e-02
1.390091329813003540e-02
1.391712017357349396e-02
1.393068488687276840e-02
1.396475918591022491e-02
1.395119354128837585e-02
1.392747368663549423e-02
1.390444580465555191e-02
1.392878685146570206e-02
1.394178159534931183e-02
1.390760950744152069e-02
1.387816201895475388e-02
1.395170018076896667e-02
1.393174473196268082e-02
1.392796076834201813e-02
1.393845118582248688e-02
1.392824389040470123e-02
1.394666358828544617e-02
1.388254482299089432e-02
1.390779577195644379e-02
1.393089629709720612e-02
1.394483819603919983e-02
1.392737030982971191e-02
1.388315577059984207e-02
1.393058523535728455e-02
1.391540002077817917e-02
1.393279712647199631e-02
1.392990257591009140e-02
1.394519768655300140e-02
1.392536330968141556e-02
1.388559676706790924e-02
1.392961014062166214e-02
1.392967905849218369e-02
1.389199402183294296e-02
1.393944490700960159e-02
1.389493327587842941e-02
1.389914471656084061e-02
1.391351316124200821e-02
1.393272820860147476e-02
1.392808742821216583e-02
1.391449943184852600e-02
1.393990684300661087e-02
1.394250430166721344e-02
1.392286829650402069e-02
1.391912437975406647e-02
1.391293760389089584e-02
1.389237679541110992e-02
1.389582362025976181e-02
1.395464874804019928e-02
1.393320597708225250e-02
1.395624037832021713e-02
1.386473886668682098e-02
1.389952935278415680e-02
1.393279898911714554e-02
1.391984708607196808e-02
1.390682812780141830e-02
1.394029613584280014e-02
1.391746476292610168e-02
1.390000618994235992e-02
1.393947284668684006e-02
1.392945926636457443e-02
1.393668260425329208e-02
1.393296197056770325e-02
1.391787081956863403e-02
1.387331262230873108e-02
1.391101069748401642e-02
1.386475842446088791e-02
1.391208730638027191e-02
1.394010335206985474e-02
1.393939927220344543e-02
1.389678195118904114e-02
1.394279859960079193e-02
1.394018996506929398e-02
1.394301652908325195e-02
1.388369500637054443e-02
1.390505023300647736e-02
1.391724590212106705e-02
1.396666839718818665e-02
1.392273791134357452e-02
1.388995442539453506e-02
1.396427024155855179e-02
1.392128411680459976e-02
1.387242320924997330e-02
1.394688524305820465e-02
1.392666250467300415e-02
1.395179051905870438e-02
1.394255738705396652e-02
1.393205858767032623e-02
1.391174551099538803e-02
1.390625443309545517e-02
1.394389942288398743e-02
1.390906795859336853e-02
1.390812173485755920e-02
1.395342126488685608e-02
1.393378805369138718e-02
1.390275359153747559e-02
1.393279246985912323e-02
1.390329468995332718e-02
1.392799988389015198e-02
1.392545364797115326e-02
1.391331758350133896e-02
1.391479466110467911e-02
1.389792375266551971e-02
1.391646452248096466e-02
1.393401809036731720e-02
1.392797846347093582e-02
1.392304338514804840e-02
1.392652560025453568e-02
1.391181349754333496e-02
1.393237616866827011e-02
1.388959866017103195e-02
1.396412402391433716e-02
1.391930598765611649e-02
1.392970047891139984e-02
1.391540933400392532e-02
1.392704434692859650e-02
1.394673623144626617e-02
1.388215739279985428e-02
1.393150631338357925e-02
1.393441576510667801e-02
1.388282794505357742e-02
1.395280007272958755e-02
1.390842162072658539e-02
1.395520195364952087e-02
1.395224314182996750e-02
1.394765265285968781e-02
1.391544938087463379e-02
1.391403097659349442e-02
1.391751971095800400e-02
1.390900742262601852e-02
1.393536943942308426e-02
1.391255483031272888e-02
1.388124655932188034e-02
1.395179703831672668e-02
1.392047293484210968e-02
1.388820633292198181e-02
1.394110359251499176e-02
1.390887051820755005e-02
1.392045151442289352e-02
1.387373264878988266e-02
1.393597386777400970e-02
1.392051298171281815e-02
1.391844265162944794e-02
1.391793042421340942e-02
1.393088977783918381e-02
1.390414126217365265e-02
1.393792219460010529e-02
1.392410043627023697e-02
1.390694640576839447e-02
1.391990110278129578e-02
1.389917079359292984e-02
1.392919663339853287e-02
1.394668966531753540e-02
1.389499753713607788e-02
1.391378790140151978e-02
1.392653211951255798e-02
1.390915550291538239e-02
1.393249258399009705e-02
1.387352775782346725e-02
1.392938382923603058e-02
1.390146464109420776e-02
1.393721159547567368e-02
1.390667259693145752e-02
1.390064321458339691e-02
1.392171904444694519e-02
1.391152851283550262e-02
1.391819957643747330e-02
1.394299231469631195e-02
1.394748035818338394e-02
1.394673902541399002e-02
1.390314381569623947e-02
1.389962155371904373e-02
1.394109148532152176e-02
1.389418262988328934e-02
1.390657294541597366e-02
1.394287496805191040e-02
1.394691318273544312e-02
1.388720236718654633e-02
1.390519272536039352e-02
1.391577906906604767e-02
1.390049513429403305e-02
1.387456431984901428e-02
1.392674446105957031e-02
1.394772995263338089e-02
1.392978709191083908e-02
1.393401250243186951e-02
1.392228342592716217e-02
1.386633049696683884e-02
1.394645590335130692e-02
1.390915829688310623e-02
1.392101123929023743e-02
1.386666949838399887e-02
1.390873081982135773e-02
1.390460878610610962e-02
1.391404680907726288e-02
1.393766701221466064e-02
1.392372697591781616e-02
1.389157958328723907e-02
1.391852088272571564e-02
1.393320318311452866e-02
1.393005345016717911e-02
1.390682067722082138e-02
1.388276927173137665e-02
1.393146812915802002e-02
1.393002271652221680e-02
1.390789076685905457e-02
1.389140915125608444e-02
1.392024569213390350e-02
1.392285432666540146e-02
1.391102280467748642e-02
1.390888262540102005e-02
1.390223950147628784e-02
1.395301241427659988e-02
1.388073619455099106e-02
1.393525861203670502e-02
1.389729883521795273e-02
1.392496470361948013e-02
1.389314886182546616e-02
1.390167232602834702e-02
1.394672039896249771e-02
1.389050669968128204e-02
1.389356423169374466e-02
1.396185997873544693e-02
1.386311929672956467e-02
1.393069606274366379e-02
1.391764264553785324e-02
1.390948798507452011e-02
1.391574181616306305e-02
1.391740888357162476e-02
1.395256444811820984e-02
1.390603743493556976e-02
1.392013672739267349e-02
1.390893198549747467e-02
1.393132656812667847e-02
1.388459932059049606e-02
1.390622649341821671e-02
1.389358006417751312e-02
1.387693919241428375e-02
1.393664255738258362e-02
1.393756549805402756e-02
1.390808820724487305e-02
1.392416004091501236e-02
1.390615757554769516e-02
1.392428670078516006e-02
1.390684209764003754e-02
1.393439061939716339e-02
1.389235537499189377e-02
1.391971018165349960e-02
1.389116141945123672e-02
1.393387280404567719e-02
1.391288544982671738e-02
1.389617007225751877e-02
1.395318098366260529e-02
1.393911801278591156e-02
1.390847656875848770e-02
1.387061178684234619e-02
1.393051445484161377e-02
1.388689130544662476e-02
1.392127294093370438e-02
1.393536105751991272e-02
1.385292503982782364e-02
1.387818250805139542e-02
1.393300946801900864e-02
1.391618512570858002e-02
1.390269678086042404e-02
1.391956582665443420e-02
1.389401685446500778e-02
1.391621213406324387e-02
1.391702145338058472e-02
1.390556525439023972e-02
1.392423547804355621e-02
1.386932749301195145e-02
1.390500180423259735e-02
1.390115078538656235e-02
1.393612287938594818e-02
1.387871894985437393e-02
1.390724536031484604e-02
1.386305876076221466e-02
1.391932554543018341e-02
1.392343547195196152e-02
1.385981030762195587e-02
1.392804738134145737e-02
1.384559739381074905e-02
1.392656937241554260e-02
1.389425341039896011e-02
1.388947758823633194e-02
1.394454855471849442e-02
1.390079408884048462e-02
1.388835627585649490e-02
1.388691645115613937e-02
1.393225230276584625e-02
1.392723806202411652e-02
1.392794400453567505e-02
1.391578838229179382e-02
1.387448143213987350e-02
1.393109280616044998e-02
1.391196716576814651e-02
1.391889620572328568e-02
1.388238277286291122e-02
1.393579039722681046e-02
1.392651814967393875e-02
1.392141170799732208e-02
1.391588058322668076e-02
1.392252836376428604e-02
1.393841300159692764e-02
1.387798227369785309e-02
1.391417253762483597e-02
1.387779600918292999e-02
1.391106005758047104e-02
1.391089335083961487e-02
1.386013813316822052e-02
1.389928814023733139e-02
1.389611139893531799e-02
1.389407645910978317e-02
1.393871754407882690e-02
1.390374265611171722e-02
1.390636526048183441e-02
1.389739103615283966e-02
1.391560304909944534e-02
1.388978678733110428e-02
1.392262056469917297e-02
1.393488142639398575e-02
1.389845553785562515e-02
1.391611993312835693e-02
1.384729240089654922e-02
1.390180923044681549e-02
1.389481313526630402e-02
1.391845382750034332e-02
1.391665544360876083e-02
1.390458364039659500e-02
1.390168257057666779e-02
1.389425341039896011e-02
1.390852313488721848e-02
1.392195466905832291e-02
1.389973703771829605e-02
1.392199005931615829e-02
1.390269771218299866e-02
1.393951289355754852e-02
1.391970273107290268e-02
1.391394250094890594e-02
1.392234489321708679e-02
1.393019780516624451e-02
1.389577332884073257e-02
1.389425061643123627e-02
1.387354917824268341e-02
1.392380800098180771e-02
1.392575073987245560e-02
1.391624286770820618e-02
1.390907727181911469e-02
1.392003335058689117e-02
1.389680057764053345e-02
1.386654004454612732e-02
1.390722673386335373e-02
1.392598915845155716e-02
1.393686607480049133e-02
1.389752328395843506e-02
1.388730108737945557e-02
1.390513405203819275e-02
1.390692219138145447e-02
1.392771210521459579e-02
1.392996124923229218e-02
1.388519350439310074e-02
1.395400613546371460e-02
1.388648897409439087e-02
1.391043979674577713e-02
1.388968806713819504e-02
1.390309911221265793e-02
1.390497758984565735e-02
1.391820143908262253e-02
1.391040440648794174e-02
1.390603464096784592e-02
1.387008558958768845e-02
1.392322964966297150e-02
1.386867370456457138e-02
1.390172261744737625e-02
1.387404743582010269e-02
1.391163375228643417e-02
1.387351844459772110e-02
1.387445256114006042e-02
1.390038803219795227e-02
1.388171594589948654e-02
1.386930886656045914e-02
1.390980463474988937e-02
1.391206681728363037e-02
1.394479535520076752e-02
1.390460506081581116e-02
1.392206829041242599e-02
1.392348017543554306e-02
1.394073292613029480e-02
1.387680135667324066e-02
1.387224625796079636e-02
1.388126146048307419e-02
1.392259914427995682e-02
1.388771645724773407e-02
1.394561212509870529e-02
1.390441507101058960e-02
1.390995550900697708e-02
1.389944925904273987e-02
1.393160969018936157e-02
1.392788160592317581e-02
1.388906501233577728e-02
1.386670768260955811e-02
1.392150577157735825e-02
1.390822790563106537e-02
1.389688719063997269e-02
1.393691170960664749e-02
1.390672475099563599e-02
1.390033494681119919e-02
1.392559241503477097e-02
1.395193114876747131e-02
1.391261909157037735e-02
1.392827183008193970e-02
1.390870660543441772e-02
1.394684240221977234e-02
1.389241963624954224e-02
1.392357237637042999e-02
1.390381343662738800e-02
1.388524286448955536e-02
1.391003653407096863e-02
1.392543502151966095e-02
1.393180340528488159e-02
1.392939779907464981e-02
1.388709433376789093e-02
1.385486219078302383e-02
1.389254443347454071e-02
1.391505915671586990e-02
1.392090134322643280e-02
1.389239821583032608e-02
1.389206573367118835e-02
1.390288118273019791e-02
1.391664333641529083e-02
1.392485667020082474e-02
1.391294505447149277e-02
1.387078035622835159e-02
1.389603130519390106e-02
1.391320396214723587e-02
1.389056351035833359e-02
1.389660965651273727e-02
1.389437355101108551e-02
1.388224773108959198e-02
1.388365495949983597e-02
1.391508337110280991e-02
1.386211160570383072e-02
1.390958763659000397e-02
1.392042450606822968e-02
1.390794292092323303e-02
1.387754548341035843e-02
1.392682641744613647e-02
1.391013711690902710e-02
1.389918290078639984e-02
1.390348281711339951e-02
1.389006618410348892e-02
1.392503827810287476e-02
1.389437634497880936e-02
1.391513925045728683e-02
1.387984678149223328e-02
1.391306705772876740e-02
1.387813966721296310e-02
1.389338914304971695e-02
1.389630418270826340e-02
1.390682533383369446e-02
1.390467584133148193e-02
1.388146355748176575e-02
1.392104569822549820e-02
1.387983001768589020e-02
1.390535477548837662e-02
1.392132416367530823e-02
1.390221342444419861e-02
1.391304191201925278e-02
1.387781370431184769e-02
1.388809736818075180e-02
1.388094946742057800e-02
1.391587406396865845e-02
1.388441212475299835e-02
1.391573715955018997e-02
1.388234738260507584e-02
1.391189452260732651e-02
1.393511053174734116e-02
1.392284501343965530e-02
1.389451511204242706e-02
1.384871732443571091e-02
1.392466668039560318e-02
1.390216313302516937e-02
1.388855744153261185e-02
1.395311020314693451e-02
1.392067968845367432e-02
1.393665466457605362e-02
1.388982962816953659e-02
1.393756549805402756e-02
1.394906826317310333e-02
1.389546226710081100e-02
1.393883023411035538e-02
1.390998903661966324e-02
1.390790473669767380e-02
1.394854858517646790e-02
1.393304020166397095e-02
1.391137763857841492e-02
1.391763985157012939e-02
1.392775215208530426e-02
1.388755626976490021e-02
1.387255545705556870e-02
1.387416757643222809e-02
1.388529222458600998e-02
1.389619801193475723e-02
1.391882169991731644e-02
1.387115567922592163e-02
1.390396244823932648e-02
1.389638800173997879e-02
1.390203181654214859e-02
1.387336477637290955e-02
1.388354133814573288e-02
1.389834005385637283e-02
1.392668485641479492e-02
1.392418984323740005e-02
1.389592979103326797e-02
1.391460653394460678e-02
1.388115994632244110e-02
1.391518674790859222e-02
1.391021627932786942e-02
1.392481755465269089e-02
1.393204089254140854e-02
1.387909892946481705e-02
1.393565349280834198e-02
1.388558372855186462e-02
1.388524565845727921e-02
1.389516983181238174e-02
1.391031499952077866e-02
1.390931569039821625e-02
1.391675882041454315e-02
1.392272394150495529e-02
1.390742976218461990e-02
1.388236507773399353e-02
1.392748393118381500e-02
1.390120014548301697e-02
1.392469555139541626e-02
1.388761028647422791e-02
1.387914828956127167e-02
1.392137352377176285e-02
1.391399092972278595e-02
1.389688998460769653e-02
1.392936892807483673e-02
1.391069032251834869e-02
1.390784326940774918e-02
1.388941239565610886e-02
1.390142738819122314e-02
1.387926097959280014e-02
1.392107177525758743e-02
1.390611287206411362e-02
1.388902682811021805e-02
1.386269927024841309e-02
1.393160503357648849e-02
1.389961224049329758e-02
1.390418410301208496e-02
1.389443781226873398e-02
1.391123048961162567e-02
1.388967223465442657e-02
1.387557853013277054e-02
1.391182839870452881e-02
1.390667073428630829e-02
1.390656642615795135e-02
1.391086913645267487e-02
1.390180271118879318e-02
1.393593847751617432e-02
1.391657721251249313e-02
1.392433140426874161e-02
1.389025524258613586e-02
1.391539443284273148e-02
1.389193348586559296e-02
1.391130127012729645e-02
1.389265526086091995e-02
1.392161007970571518e-02
1.385912764817476273e-02
1.391643378883600235e-02
1.390173472464084625e-02
1.390854176133871078e-02
1.392947323620319366e-02
1.391102280467748642e-02
1.389313675463199615e-02
1.388888526707887650e-02
1.390260085463523865e-02
1.389263197779655457e-02
1.392652746289968491e-02
1.389251835644245148e-02
1.392501406371593475e-02
1.390180271118879318e-02
1.384389959275722504e-02
1.391455717384815216e-02
1.389843411743640900e-02
1.392261404544115067e-02
1.388244982808828354e-02
1.391811668872833252e-02
1.388220489025115967e-02
1.393599342554807663e-02
1.391383167356252670e-02
1.390713453292846680e-02
1.387548260390758514e-02
1.389115862548351288e-02
1.389874983578920364e-02
1.391978375613689423e-02
1.389728672802448273e-02
1.389128156006336212e-02
1.391226984560489655e-02
1.391717698425054550e-02
1.391367148607969284e-02
1.388907246291637421e-02
1.390954013913869858e-02
1.390043552964925766e-02
1.389919687062501907e-02
1.391403470188379288e-02
1.387395896017551422e-02
1.387513335794210434e-02
1.389525923877954483e-02
1.390332262963056564e-02
1.393608935177326202e-02
1.390704512596130371e-02
1.388296764343976974e-02
1.392114721238613129e-02
1.392426807433366776e-02
1.392406038939952850e-02
1.389645319432020187e-02
1.390701904892921448e-02
1.390118617564439774e-02
1.391258276998996735e-02
1.391349267214536667e-02
1.390097662806510925e-02
1.392480358481407166e-02
1.385276578366756439e-02
1.390852127224206924e-02
1.385686825960874557e-02
1.390546374022960663e-02
1.388719491660594940e-02
1.390316057950258255e-02
1.393394172191619873e-02
1.388245262205600739e-02
1.394085399806499481e-02
1.390968635678291321e-02
1.389426086097955704e-02
1.396059058606624603e-02
1.391828898340463638e-02
1.390084251761436462e-02
1.390598528087139130e-02
1.387314312160015106e-02
1.392558589577674866e-02
1.391892880201339722e-02
1.392480917274951935e-02
1.390737574547529221e-02
1.389025896787643433e-02
1.389885228127241135e-02
1.386472303420305252e-02
1.390012446790933609e-02
1.391209941357374191e-02
1.389961875975131989e-02
1.391744613647460938e-02
1.394062396138906479e-02
1.391803100705146790e-02
1.390358526259660721e-02
1.386168878525495529e-02
1.392600778490304947e-02
1.391170080751180649e-02
1.390099339187145233e-02
1.389981247484683990e-02
1.390639878809452057e-02
1.390673313289880753e-02
1.389057375490665436e-02
1.392197888344526291e-02
1.388675346970558167e-02
1.390074007213115692e-02
1.392997149378061295e-02
1.388424914330244064e-02
1.386824715882539749e-02
1.392134651541709900e-02
1.390124578028917313e-02
1.390486396849155426e-02
1.390055101364850998e-02
1.390471588820219040e-02
1.393322460353374481e-02
1.391034852713346481e-02
1.387310773134231567e-02
1.392813678830862045e-02
1.392652466893196106e-02
1.388774812221527100e-02
1.392088551074266434e-02
1.382906362414360046e-02
1.391495112329721451e-02
1.389248110353946686e-02
1.391992252320051193e-02
1.392171625047922134e-02
1.389260403811931610e-02
1.389713305979967117e-02
1.390913967043161392e-02
1.388620585203170776e-02
1.388353575021028519e-02
1.391535159200429916e-02
1.388371642678976059e-02
1.389313023537397385e-02
1.391036156564950943e-02
1.394867431372404099e-02
1.390692684799432755e-02
1.390704605728387833e-02
1.394447311758995056e-02
1.391427777707576752e-02
1.392148528248071671e-02
1.387501973658800125e-02
1.390502974390983582e-02
1.385840587317943573e-02
1.389054674655199051e-02
1.392007991671562195e-02
1.388594135642051697e-02
1.391530223190784454e-02
1.388975698500871658e-02
1.389773562550544739e-02
1.390852965414524078e-02
1.389450114220380783e-02
1.393669191747903824e-02
1.387753058224916458e-02
1.392377447336912155e-02
1.386344339698553085e-02
1.390988286584615707e-02
1.387856807559728622e-02
1.394781563431024551e-02
1.391305308789014816e-02
1.388644240796566010e-02
1.388886012136936188e-02
1.390275172889232635e-02
1.391800772398710251e-02
1.390913967043161392e-02
1.390455011278390884e-02
1.387496106326580048e-02
1.387741044163703918e-02
1.391170546412467957e-02
1.390859577804803848e-02
1.387859974056482315e-02
1.390124019235372543e-02
1.389755401760339737e-02
1.391209661960601807e-02
1.390692964196205139e-02
1.391165610402822495e-02
1.388832833617925644e-02
1.389760244637727737e-02
1.391053013503551483e-02
1.387402322143316269e-02
1.390866655856370926e-02
1.390727143734693527e-02
1.386232487857341766e-02
1.392863597720861435e-02
1.395024638622999191e-02
1.389355771243572235e-02
1.388447638601064682e-02
1.395403686910867691e-02
1.393615081906318665e-02
1.392014417797327042e-02
1.394287962466478348e-02
1.388939004391431808e-02
1.393446419388055801e-02
1.391018927097320557e-02
1.389556843787431717e-02
1.388938818126916885e-02
1.390693429857492447e-02
1.390663161873817444e-02
1.389668229967355728e-02
1.387947145849466324e-02
1.389844994992017746e-02
1.391305308789014816e-02
1.391929853707551956e-02
1.388145238161087036e-02
1.386850699782371521e-02
1.387426909059286118e-02
1.391472388058900833e-02
1.389026641845703125e-02
1.388166937977075577e-02
1.390833966434001923e-02
1.391990762203931808e-02
1.390838623046875000e-02
1.389711443334817886e-02
1.391297485679388046e-02
1.387524604797363281e-02
1.389302872121334076e-02
1.394557673484086990e-02
1.391535717993974686e-02
1.391481142491102219e-02
1.391807384788990021e-02
1.390538644045591354e-02
1.389871258288621902e-02
1.387943606823682785e-02
1.386251486837863922e-02
1.391949970275163651e-02
1.392628718167543411e-02
1.391471456736326218e-02
1.389045082032680511e-02
1.389747764915227890e-02
1.390446256846189499e-02
1.389732956886291504e-02
1.391887012869119644e-02
1.390620786696672440e-02
1.388795301318168640e-02
1.389719732105731964e-02
1.388854533433914185e-02
1.390829216688871384e-02
1.389022450894117355e-02
1.393309701234102249e-02
1.391729526221752167e-02
1.391177903860807419e-02
1.390819903463125229e-02
1.392253860831260681e-02
1.391223166137933731e-02
1.388822402805089951e-02
1.392096839845180511e-02
